-1.432010938739459327e+01 0.000000000000000000e+00
-1.427010938739459434e+01 0.000000000000000000e+00
-1.422010938739459363e+01 0.000000000000000000e+00
-1.417010938739459291e+01 0.000000000000000000e+00
-1.412010938739459398e+01 0.000000000000000000e+00
-1.407010938739459327e+01 0.000000000000000000e+00
-1.402010938739459434e+01 0.000000000000000000e+00
-1.397010938739459363e+01 0.000000000000000000e+00
-1.392010938739459291e+01 0.000000000000000000e+00
-1.387010938739459398e+01 0.000000000000000000e+00
-1.382010938739459327e+01 0.000000000000000000e+00
-1.377010938739459434e+01 0.000000000000000000e+00
-1.372010938739459363e+01 0.000000000000000000e+00
-1.367010938739459291e+01 0.000000000000000000e+00
-1.362010938739459398e+01 0.000000000000000000e+00
-1.357010938739459327e+01 0.000000000000000000e+00
-1.352010938739459434e+01 0.000000000000000000e+00
-1.347010938739459363e+01 0.000000000000000000e+00
-1.342010938739459291e+01 0.000000000000000000e+00
-1.337010938739459398e+01 0.000000000000000000e+00
-1.332010938739459327e+01 0.000000000000000000e+00
-1.327010938739459434e+01 0.000000000000000000e+00
-1.322010938739459363e+01 0.000000000000000000e+00
-1.317010938739459291e+01 0.000000000000000000e+00
-1.312010938739459398e+01 0.000000000000000000e+00
-1.307010938739459327e+01 0.000000000000000000e+00
-1.302010938739459434e+01 0.000000000000000000e+00
-1.297010938739459363e+01 0.000000000000000000e+00
-1.292010938739459291e+01 0.000000000000000000e+00
-1.287010938739459398e+01 0.000000000000000000e+00
-1.282010938739459327e+01 0.000000000000000000e+00
-1.277010938739459434e+01 0.000000000000000000e+00
-1.272010938739459363e+01 0.000000000000000000e+00
-1.267010938739459291e+01 0.000000000000000000e+00
-1.262010938739459398e+01 0.000000000000000000e+00
-1.257010938739459327e+01 0.000000000000000000e+00
-1.252010938739459434e+01 0.000000000000000000e+00
-1.247010938739459363e+01 0.000000000000000000e+00
-1.242010938739459291e+01 0.000000000000000000e+00
-1.237010938739459398e+01 0.000000000000000000e+00
-1.232010938739459327e+01 0.000000000000000000e+00
-1.227010938739459434e+01 0.000000000000000000e+00
-1.222010938739459363e+01 0.000000000000000000e+00
-1.217010938739459291e+01 0.000000000000000000e+00
-1.212010938739459398e+01 0.000000000000000000e+00
-1.207010938739459327e+01 0.000000000000000000e+00
-1.202010938739459434e+01 0.000000000000000000e+00
-1.197010938739459363e+01 0.000000000000000000e+00
-1.192010938739459291e+01 0.000000000000000000e+00
-1.187010938739459398e+01 0.000000000000000000e+00
-1.182010938739459327e+01 0.000000000000000000e+00
-1.177010938739459434e+01 0.000000000000000000e+00
-1.172010938739459363e+01 0.000000000000000000e+00
-1.167010938739459291e+01 0.000000000000000000e+00
-1.162010938739459398e+01 0.000000000000000000e+00
-1.157010938739459327e+01 0.000000000000000000e+00
-1.152010938739459434e+01 0.000000000000000000e+00
-1.147010938739459363e+01 0.000000000000000000e+00
-1.142010938739459291e+01 0.000000000000000000e+00
-1.137010938739459398e+01 0.000000000000000000e+00
-1.132010938739459327e+01 0.000000000000000000e+00
-1.127010938739459434e+01 0.000000000000000000e+00
-1.122010938739459363e+01 0.000000000000000000e+00
-1.117010938739459291e+01 0.000000000000000000e+00
-1.112010938739459398e+01 0.000000000000000000e+00
-1.107010938739459327e+01 0.000000000000000000e+00
-1.102010938739459434e+01 0.000000000000000000e+00
-1.097010938739459363e+01 0.000000000000000000e+00
-1.092010938739459291e+01 0.000000000000000000e+00
-1.087010938739459398e+01 0.000000000000000000e+00
-1.082010938739459327e+01 0.000000000000000000e+00
-1.077010938739459434e+01 0.000000000000000000e+00
-1.072010938739459363e+01 0.000000000000000000e+00
-1.067010938739459291e+01 0.000000000000000000e+00
-1.062010938739459398e+01 0.000000000000000000e+00
-1.057010938739459327e+01 0.000000000000000000e+00
-1.052010938739459434e+01 0.000000000000000000e+00
-1.047010938739459363e+01 0.000000000000000000e+00
-1.042010938739459291e+01 0.000000000000000000e+00
-1.037010938739459398e+01 0.000000000000000000e+00
-1.032010938739459327e+01 0.000000000000000000e+00
-1.027010938739459434e+01 0.000000000000000000e+00
-1.022010938739459363e+01 0.000000000000000000e+00
-1.017010938739459291e+01 0.000000000000000000e+00
-1.012010938739459398e+01 0.000000000000000000e+00
-1.007010938739459327e+01 0.000000000000000000e+00
-1.002010938739459434e+01 0.000000000000000000e+00
-9.970109387394593625e+00 0.000000000000000000e+00
-9.920109387394592915e+00 0.000000000000000000e+00
-9.870109387394593981e+00 0.000000000000000000e+00
-9.820109387394593270e+00 0.000000000000000000e+00
-9.770109387394594336e+00 0.000000000000000000e+00
-9.720109387394593625e+00 0.000000000000000000e+00
-9.670109387394592915e+00 0.000000000000000000e+00
-9.620109387394593981e+00 0.000000000000000000e+00
-9.570109387394593270e+00 0.000000000000000000e+00
-9.520109387394592559e+00 0.000000000000000000e+00
-9.470109387394593625e+00 0.000000000000000000e+00
-9.420109387394592915e+00 0.000000000000000000e+00
-9.370109387394593981e+00 0.000000000000000000e+00
-9.320109387394593270e+00 0.000000000000000000e+00
-9.270109387394592559e+00 0.000000000000000000e+00
-9.220109387394593625e+00 0.000000000000000000e+00
-9.170109387394592915e+00 0.000000000000000000e+00
-9.120109387394593981e+00 0.000000000000000000e+00
-9.070109387394593270e+00 0.000000000000000000e+00
-9.020109387394592559e+00 0.000000000000000000e+00
-8.970109387394593625e+00 0.000000000000000000e+00
-8.920109387394592915e+00 0.000000000000000000e+00
-8.870109387394593981e+00 0.000000000000000000e+00
-8.820109387394593270e+00 0.000000000000000000e+00
-8.770109387394592559e+00 0.000000000000000000e+00
-8.720109387394593625e+00 0.000000000000000000e+00
-8.670109387394592915e+00 0.000000000000000000e+00
-8.620109387394593981e+00 0.000000000000000000e+00
-8.570109387394593270e+00 0.000000000000000000e+00
-8.520109387394592559e+00 0.000000000000000000e+00
-8.470109387394593625e+00 0.000000000000000000e+00
-8.420109387394592915e+00 0.000000000000000000e+00
-8.370109387394593981e+00 0.000000000000000000e+00
-8.320109387394593270e+00 0.000000000000000000e+00
-8.270109387394592559e+00 0.000000000000000000e+00
-8.220109387394593625e+00 0.000000000000000000e+00
-8.170109387394592915e+00 0.000000000000000000e+00
-8.120109387394593981e+00 0.000000000000000000e+00
-8.070109387394593270e+00 0.000000000000000000e+00
-8.020109387394592559e+00 0.000000000000000000e+00
-7.970109387394593625e+00 0.000000000000000000e+00
-7.920109387394592915e+00 0.000000000000000000e+00
-7.870109387394593981e+00 0.000000000000000000e+00
-7.820109387394593270e+00 0.000000000000000000e+00
-7.770109387394592559e+00 0.000000000000000000e+00
-7.720109387394593625e+00 0.000000000000000000e+00
-7.670109387394592915e+00 0.000000000000000000e+00
-7.620109387394593981e+00 0.000000000000000000e+00
-7.570109387394593270e+00 0.000000000000000000e+00
-7.520109387394592559e+00 0.000000000000000000e+00
-7.470109387394593625e+00 0.000000000000000000e+00
-7.420109387394592915e+00 0.000000000000000000e+00
-7.370109387394593981e+00 0.000000000000000000e+00
-7.320109387394593270e+00 0.000000000000000000e+00
-7.270109387394592559e+00 0.000000000000000000e+00
-7.220109387394593625e+00 0.000000000000000000e+00
-7.170109387394592915e+00 0.000000000000000000e+00
-7.120109387394593981e+00 0.000000000000000000e+00
-7.070109387394593270e+00 0.000000000000000000e+00
-7.020109387394592559e+00 0.000000000000000000e+00
-6.970109387394593625e+00 0.000000000000000000e+00
-6.920109387394592915e+00 0.000000000000000000e+00
-6.870109387394593981e+00 0.000000000000000000e+00
-6.820109387394593270e+00 0.000000000000000000e+00
-6.770109387394592559e+00 0.000000000000000000e+00
-6.720109387394593625e+00 0.000000000000000000e+00
-6.670109387394592915e+00 0.000000000000000000e+00
-6.620109387394593981e+00 0.000000000000000000e+00
-6.570109387394593270e+00 0.000000000000000000e+00
-6.520109387394592559e+00 0.000000000000000000e+00
-6.470109387394593625e+00 0.000000000000000000e+00
-6.420109387394592915e+00 0.000000000000000000e+00
-6.370109387394593981e+00 0.000000000000000000e+00
-6.320109387394593270e+00 0.000000000000000000e+00
-6.270109387394594336e+00 0.000000000000000000e+00
-6.220109387394593625e+00 0.000000000000000000e+00
-6.170109387394592915e+00 0.000000000000000000e+00
-6.120109387394592204e+00 0.000000000000000000e+00
-6.070109387394593270e+00 0.000000000000000000e+00
-6.020109387394594336e+00 0.000000000000000000e+00
-5.970109387394593625e+00 0.000000000000000000e+00
-5.920109387394592915e+00 0.000000000000000000e+00
-5.870109387394592204e+00 0.000000000000000000e+00
-5.820109387394593270e+00 0.000000000000000000e+00
-5.770109387394594336e+00 0.000000000000000000e+00
-5.720109387394593625e+00 0.000000000000000000e+00
-5.670109387394592915e+00 0.000000000000000000e+00
-5.620109387394592204e+00 0.000000000000000000e+00
-5.570109387394593270e+00 0.000000000000000000e+00
-5.520109387394594336e+00 0.000000000000000000e+00
-5.470109387394593625e+00 0.000000000000000000e+00
-5.420109387394592915e+00 0.000000000000000000e+00
-5.370109387394592204e+00 0.000000000000000000e+00
-5.320109387394593270e+00 0.000000000000000000e+00
-5.270109387394594336e+00 0.000000000000000000e+00
-5.220109387394593625e+00 0.000000000000000000e+00
-5.170109387394592915e+00 0.000000000000000000e+00
-5.120109387394592204e+00 0.000000000000000000e+00
-5.070109387394593270e+00 0.000000000000000000e+00
-5.020109387394594336e+00 0.000000000000000000e+00
-4.970109387394593625e+00 0.000000000000000000e+00
-4.920109387394592915e+00 0.000000000000000000e+00
-4.870109387394592204e+00 0.000000000000000000e+00
-4.820109387394593270e+00 0.000000000000000000e+00
-4.770109387394592559e+00 0.000000000000000000e+00
-4.720109387394593625e+00 0.000000000000000000e+00
-4.670109387394592915e+00 0.000000000000000000e+00
-4.620109387394592204e+00 0.000000000000000000e+00
-4.570109387394593270e+00 0.000000000000000000e+00
-4.520109387394592559e+00 0.000000000000000000e+00
-4.470109387394593625e+00 0.000000000000000000e+00
-4.420109387394592915e+00 0.000000000000000000e+00
-4.370109387394592204e+00 0.000000000000000000e+00
-4.320109387394593270e+00 0.000000000000000000e+00
-4.270109387394592559e+00 0.000000000000000000e+00
-4.220109387394593625e+00 0.000000000000000000e+00
-4.170109387394592915e+00 0.000000000000000000e+00
-4.120109387394592204e+00 0.000000000000000000e+00
-4.070109387394593270e+00 0.000000000000000000e+00
-4.020109387394592559e+00 0.000000000000000000e+00
-3.970109387394593625e+00 0.000000000000000000e+00
-3.920109387394592915e+00 0.000000000000000000e+00
-3.870109387394592204e+00 0.000000000000000000e+00
-3.820109387394593270e+00 0.000000000000000000e+00
-3.770109387394592559e+00 0.000000000000000000e+00
-3.720109387394593625e+00 0.000000000000000000e+00
-3.670109387394592915e+00 0.000000000000000000e+00
-3.620109387394592204e+00 0.000000000000000000e+00
-3.570109387394593270e+00 0.000000000000000000e+00
-3.520109387394592559e+00 0.000000000000000000e+00
-3.470109387394593625e+00 0.000000000000000000e+00
-3.420109387394592915e+00 0.000000000000000000e+00
-3.370109387394592204e+00 0.000000000000000000e+00
-3.320109387394593270e+00 0.000000000000000000e+00
-3.270109387394592559e+00 0.000000000000000000e+00
-3.220109387394593625e+00 0.000000000000000000e+00
-3.170109387394592915e+00 0.000000000000000000e+00
-3.120109387394592204e+00 0.000000000000000000e+00
-3.070109387394593270e+00 0.000000000000000000e+00
-3.020109387394592559e+00 0.000000000000000000e+00
-2.970109387394593625e+00 0.000000000000000000e+00
-2.920109387394592915e+00 0.000000000000000000e+00
-2.870109387394592204e+00 0.000000000000000000e+00
-2.820109387394593270e+00 0.000000000000000000e+00
-2.770109387394592559e+00 0.000000000000000000e+00
-2.720109387394593625e+00 0.000000000000000000e+00
-2.670109387394592915e+00 0.000000000000000000e+00
-2.620109387394592204e+00 0.000000000000000000e+00
-2.570109387394593270e+00 0.000000000000000000e+00
-2.520109387394592559e+00 0.000000000000000000e+00
-2.470109387394593625e+00 0.000000000000000000e+00
-2.420109387394592915e+00 0.000000000000000000e+00
-2.370109387394592204e+00 0.000000000000000000e+00
-2.320109387394593270e+00 0.000000000000000000e+00
-2.270109387394592559e+00 0.000000000000000000e+00
-2.220109387394593625e+00 0.000000000000000000e+00
-2.170109387394592915e+00 0.000000000000000000e+00
-2.120109387394592204e+00 0.000000000000000000e+00
-2.070109387394593270e+00 0.000000000000000000e+00
-2.020109387394592559e+00 0.000000000000000000e+00
-1.970109387394593625e+00 0.000000000000000000e+00
-1.920109387394592915e+00 0.000000000000000000e+00
-1.870109387394592204e+00 0.000000000000000000e+00
-1.820109387394593270e+00 0.000000000000000000e+00
-1.770109387394592559e+00 0.000000000000000000e+00
-1.720109387394593625e+00 0.000000000000000000e+00
-1.670109387394592915e+00 0.000000000000000000e+00
-1.620109387394592204e+00 0.000000000000000000e+00
-1.570109387394593270e+00 0.000000000000000000e+00
-1.520109387394592559e+00 0.000000000000000000e+00
-1.470109387394593625e+00 0.000000000000000000e+00
-1.420109387394592915e+00 0.000000000000000000e+00
-1.370109387394592204e+00 0.000000000000000000e+00
-1.320109387394593270e+00 0.000000000000000000e+00
-1.270109387394592559e+00 0.000000000000000000e+00
-1.220109387394593625e+00 0.000000000000000000e+00
-1.170109387394592915e+00 0.000000000000000000e+00
-1.120109387394592204e+00 0.000000000000000000e+00
-1.070109387394593270e+00 0.000000000000000000e+00
-1.020109387394592559e+00 0.000000000000000000e+00
-9.701093873945936252e-01 0.000000000000000000e+00
-9.201093873945929147e-01 0.000000000000000000e+00
-8.701093873945922041e-01 0.000000000000000000e+00
-8.201093873945932700e-01 0.000000000000000000e+00
-7.701093873945925594e-01 0.000000000000000000e+00
-7.201093873945936252e-01 0.000000000000000000e+00
-6.701093873945929147e-01 0.000000000000000000e+00
-6.201093873945922041e-01 0.000000000000000000e+00
-5.701093873945932700e-01 0.000000000000000000e+00
-5.201093873945925594e-01 0.000000000000000000e+00
-4.701093873945936252e-01 0.000000000000000000e+00
-4.201093873945929147e-01 0.000000000000000000e+00
-3.701093873945922041e-01 0.000000000000000000e+00
-3.201093873945932700e-01 0.000000000000000000e+00
-2.701093873945925594e-01 0.000000000000000000e+00
-2.201093873945936252e-01 0.000000000000000000e+00
-1.701093873945929147e-01 0.000000000000000000e+00
-1.201093873945922041e-01 0.000000000000000000e+00
-7.010938739459326996e-02 0.000000000000000000e+00
-2.010938739459255942e-02 0.000000000000000000e+00
2.989061260540637477e-02 0.000000000000000000e+00
7.989061260540708531e-02 0.000000000000000000e+00
1.298906126054077959e-01 0.000000000000000000e+00
1.798906126054067300e-01 0.000000000000000000e+00
2.298906126054074406e-01 0.000000000000000000e+00
2.798906126054063748e-01 0.000000000000000000e+00
3.298906126054070853e-01 0.000000000000000000e+00
3.798906126054077959e-01 0.000000000000000000e+00
4.298906126054067300e-01 0.000000000000000000e+00
4.798906126054074406e-01 0.000000000000000000e+00
5.298906126054063748e-01 0.000000000000000000e+00
5.798906126054070853e-01 0.000000000000000000e+00
6.298906126054077959e-01 0.000000000000000000e+00
6.798906126054067300e-01 0.000000000000000000e+00
7.298906126054074406e-01 0.000000000000000000e+00
7.798906126054063748e-01 0.000000000000000000e+00
8.298906126054070853e-01 0.000000000000000000e+00
8.798906126054077959e-01 0.000000000000000000e+00
9.298906126054067300e-01 0.000000000000000000e+00
9.798906126054074406e-01 0.000000000000000000e+00
1.029890612605406375e+00 0.000000000000000000e+00
1.079890612605407085e+00 0.000000000000000000e+00
1.129890612605407796e+00 0.000000000000000000e+00
1.179890612605406730e+00 0.000000000000000000e+00
1.229890612605407441e+00 0.000000000000000000e+00
1.279890612605406375e+00 2.855076633231138259e-05
1.329890612605407085e+00 1.713045979938682887e-04
1.379890612605407796e+00 2.284061306584910607e-04
1.429890612605406730e+00 7.708706909724072180e-04
1.479890612605407441e+00 1.827249045267928486e-03
1.529890612605406375e+00 3.854353454862036090e-03
1.579890612605407085e+00 5.938559397120767198e-03
1.629890612605407796e+00 1.199132185957078010e-02
1.679890612605404954e+00 2.461076057845241333e-02
1.729890612605409217e+00 5.147703169715741461e-02
1.779890612605406375e+00 1.241672827792222045e-01
1.829890612605407085e+00 3.325878770050952338e-01
1.879890612605407796e+00 7.490008039618566427e-01
1.929890612605404954e+00 1.532262527522487261e+00
1.979890612605409217e+00 2.625357167321360929e+00
2.029890612605406375e+00 3.705061497710379737e+00
2.079890612605407085e+00 4.228910958375629470e+00
2.129890612605407796e+00 4.331807920237279674e+00
2.179890612605404954e+00 3.773412032309933384e+00
2.229890612605409217e+00 2.803000035441002069e+00
2.279890612605406375e+00 1.939567760019241138e+00
2.329890612605407085e+00 1.208953649575393197e+00
2.379890612605407796e+00 7.577944399922086349e-01
2.429890612605404954e+00 4.710019921841407942e-01
2.479890612605409217e+00 3.615098032997266508e-01
2.529890612605406375e+00 3.136872696931051197e-01
2.579890612605407085e+00 3.118029191151726054e-01
2.629890612605407796e+00 3.123168329091541850e-01
2.679890612605404954e+00 3.115174114518494686e-01
2.729890612605409217e+00 2.962142006977305786e-01
2.779890612605406375e+00 2.796262054586576840e-01
2.829890612605407085e+00 2.529883404706111394e-01
2.879890612605407796e+00 2.314896134223806690e-01
2.929890612605404954e+00 2.013971057081244687e-01
2.979890612605409217e+00 1.994271028311949967e-01
3.029890612605406375e+00 1.892630300168921254e-01
3.079890612605407085e+00 2.228958327563549391e-01
3.129890612605407796e+00 2.805398299812916219e-01
3.179890612605404954e+00 3.567132745558984075e-01
3.229890612605409217e+00 5.201378610420487325e-01
3.279890612605406375e+00 6.849614350784822836e-01
3.329890612605407085e+00 9.078001663021727508e-01
3.379890612605407796e+00 1.168211706019184781e+00
3.429890612605404954e+00 1.423312803198387044e+00
3.479890612605409217e+00 1.625423678064819022e+00
3.529890612605406375e+00 1.795614796171727257e+00
3.579890612605407085e+00 1.992072619304361636e+00
3.629890612605407796e+00 2.058481701793318130e+00
3.679890612605404954e+00 2.055626625160086984e+00
3.729890612605409217e+00 2.111700330236746748e+00
3.779890612605406375e+00 2.019138745787393052e+00
3.829890612605407085e+00 1.920381645043927943e+00
3.879890612605407796e+00 1.851659950482054562e+00
3.929890612605404954e+00 1.725922375554554966e+00
3.979890612605409217e+00 1.598728711544108227e+00
4.029890612605406375e+00 1.436845866439902419e+00
4.079890612605407085e+00 1.249067476272290644e+00
4.129890612605407796e+00 1.180288680177752347e+00
4.179890612605404954e+00 1.097948270075366439e+00
4.229890612605409217e+00 9.642735821074844837e-01
4.279890612605406375e+00 8.923827524827244728e-01
4.329890612605407085e+00 8.749667850200144592e-01
4.379890612605407796e+00 8.207488797549553627e-01
4.429890612605404954e+00 7.835186804576211861e-01
4.479890612605409217e+00 7.413206478184648507e-01
4.529890612605406375e+00 7.470022503185947960e-01
4.579890612605407085e+00 7.213922129185115217e-01
4.629890612605407796e+00 6.982089906566747439e-01
4.679890612605404954e+00 7.258175817000199759e-01
4.729890612605409217e+00 7.250181602427151484e-01
4.779890612605406375e+00 7.070026266870266252e-01
4.829890612605410638e+00 7.351536822906856727e-01
4.879890612605407796e+00 7.792931670404390498e-01
4.929890612605404954e+00 8.073014688124364735e-01
4.979890612605409217e+00 8.434752897554751438e-01
5.029890612605406375e+00 8.673151796429551252e-01
5.079890612605410638e+00 9.242168569432517300e-01
5.129890612605407796e+00 9.647874959014661744e-01
5.179890612605404954e+00 9.943660898217409061e-01
5.229890612605409217e+00 1.050525447197397044e+00
5.279890612605406375e+00 1.095207396507464459e+00
5.329890612605410638e+00 1.122444827588489513e+00
5.379890612605407796e+00 1.121959464560840392e+00
5.429890612605404954e+00 1.115392788304408800e+00
5.479890612605409217e+00 1.162158943556734547e+00
5.529890612605406375e+00 1.196391312389176065e+00
5.579890612605410638e+00 1.180659840140072525e+00
5.629890612605407796e+00 1.199217838256074753e+00
5.679890612605404954e+00 1.206526834437146700e+00
5.729890612605409217e+00 1.198846678293754797e+00
5.779890612605406375e+00 1.231994118005568462e+00
5.829890612605410638e+00 1.179546360253112436e+00
5.879890612605407796e+00 1.192622611233311147e+00
5.929890612605404954e+00 1.216548153419787948e+00
5.979890612605409217e+00 1.225398890982804634e+00
6.029890612605406375e+00 1.238332388131341499e+00
6.079890612605410638e+00 1.169096779775486539e+00
6.129890612605407796e+00 1.163700684938679730e+00
6.179890612605404954e+00 1.149139794109200530e+00
6.229890612605409217e+00 1.163415177275356260e+00
6.279890612605406375e+00 1.083986945338866192e+00
6.329890612605410638e+00 1.063773002775589616e+00
6.379890612605407796e+00 1.041503405036386942e+00
6.429890612605404954e+00 1.016749890626272856e+00
6.479890612605409217e+00 1.002959870487766469e+00
6.529890612605406375e+00 9.535384939665354498e-01
6.579890612605410638e+00 9.585919796073545385e-01
6.629890612605407796e+00 9.239599000462608291e-01
6.679890612605404954e+00 8.988923272064914816e-01
6.729890612605409217e+00 9.351232496821946238e-01
6.779890612605406375e+00 8.882714421308715025e-01
6.829890612605410638e+00 8.968366720305651629e-01
6.879890612605407796e+00 9.053448003975937963e-01
6.929890612605404954e+00 8.827896949950677641e-01
6.979890612605409217e+00 8.813336059121200661e-01
7.029890612605406375e+00 9.203625034883897715e-01
7.079890612605410638e+00 9.190777190034356003e-01
7.129890612605407796e+00 9.485421098583808330e-01
7.179890612605404954e+00 9.101984306740867892e-01
7.229890612605409217e+00 9.500553004739935581e-01
7.279890612605406375e+00 9.732385227358303359e-01
7.329890612605410638e+00 9.887130380879429747e-01
7.379890612605407796e+00 1.018548588905208385e+00
7.429890612605404954e+00 1.040989491242405363e+00
7.479890612605409217e+00 1.023687726845024404e+00
7.529890612605406375e+00 1.073166204898920117e+00
7.579890612605410638e+00 1.083758539208207861e+00
7.629890612605407796e+00 1.037620500815192415e+00
7.679890612605404954e+00 1.084472308366515314e+00
7.729890612605409217e+00 1.057149224986493552e+00
7.779890612605406375e+00 1.112737567035503750e+00
7.829890612605410638e+00 1.103144509547846930e+00
7.879890612605407796e+00 1.117619748078328978e+00
7.929890612605404954e+00 1.080275345715665525e+00
7.979890612605409217e+00 1.063373292046937202e+00
8.029890612605406375e+00 1.025343671292298753e+00
8.079890612605410638e+00 1.054322699119594420e+00
8.129890612605407796e+00 1.050040084169747923e+00
8.179890612605404954e+00 1.035536294872933860e+00
8.229890612605409217e+00 1.027799037196877485e+00
8.279890612605406375e+00 1.016521484495614303e+00
8.329890612605410638e+00 9.931955084021160118e-01
8.379890612605407796e+00 9.626461884265427038e-01
8.429890612605404954e+00 1.022174536229412123e+00
8.479890612605409217e+00 9.775211376856769441e-01
8.529890612605406375e+00 9.928814499724605280e-01
8.579890612605410638e+00 9.584777765420253726e-01
8.629890612605407796e+00 9.794625897962743188e-01
8.679890612605404954e+00 9.818608541681883572e-01
8.729890612605409217e+00 9.433173196195681065e-01
8.779890612605406375e+00 1.002874218188769539e+00
8.829890612605410638e+00 9.963075419323379478e-01
8.879890612605407796e+00 9.795767928616033737e-01
8.929890612605404954e+00 1.022859754621387562e+00
8.979890612605409217e+00 9.794911405626066658e-01
9.029890612605406375e+00 9.735811319318179446e-01
9.079890612605410638e+00 9.815753465048651094e-01
9.129890612605407796e+00 9.880278196959677572e-01
9.179890612605404954e+00 9.838879585777824399e-01
9.229890612605409217e+00 9.880278196959677572e-01
9.279890612605406375e+00 1.012809884872413857e+00
9.329890612605410638e+00 9.863718752486936303e-01
9.379890612605407796e+00 9.949371051483869577e-01
9.429890612605404954e+00 9.879421673969707163e-01
9.479890612605409217e+00 9.988485601359136101e-01
9.529890612605406375e+00 1.028055994093868275e+00
9.579890612605410638e+00 1.037877457712183427e+00
9.629890612605407796e+00 9.802334604872465773e-01
9.679890612605404954e+00 1.000504504583187737e+00
9.729890612605409217e+00 1.044415583202282560e+00
9.779890612605406375e+00 1.032681218239702714e+00
9.829890612605410638e+00 1.053409074596960648e+00
9.879890612605407796e+00 1.054065742222603852e+00
9.929890612605404954e+00 1.065457497989195979e+00
9.979890612605409217e+00 1.056492557360850348e+00
1.002989061260540637e+01 9.981918925102705176e-01
1.007989061260541064e+01 1.026257295814932524e+00
1.012989061260540780e+01 1.005129728729022176e+00
1.017989061260540495e+01 1.036421368629235396e+00
1.022989061260540922e+01 9.836881032134563441e-01
1.027989061260540637e+01 9.630458991551951176e-01
1.032989061260541064e+01 9.828030294571545866e-01
1.037989061260540780e+01 9.940234806257530753e-01
1.042989061260540495e+01 1.018405835073546983e+00
1.047989061260540922e+01 9.589345888033422582e-01
1.052989061260540637e+01 9.649873512657923813e-01
1.057989061260541064e+01 9.425178981622632790e-01
1.062989061260540780e+01 9.492844297830210776e-01
1.067989061260540495e+01 8.986639210758330387e-01
1.072989061260540922e+01 9.245023646065747558e-01
1.077989061260540637e+01 9.537669000971938926e-01
1.082989061260541064e+01 9.311546931620033885e-01
1.087989061260540780e+01 9.259013521568582039e-01
1.092989061260540495e+01 9.861434691180349654e-01
1.097989061260540922e+01 9.629887976225305346e-01
1.102989061260540637e+01 9.703263445699344958e-01
1.107989061260541064e+01 9.981918925102705176e-01
1.112989061260540780e+01 9.600195179239701115e-01
1.117989061260540495e+01 9.769786731253632395e-01
1.122989061260540922e+01 9.743805533891227721e-01
1.127989061260540637e+01 9.891984011155924295e-01
1.132989061260541064e+01 9.843162200727672007e-01
1.137989061260540780e+01 9.879136166306383693e-01
1.142989061260540495e+01 1.005672193289335992e+00
1.147989061260540922e+01 1.010582925098493678e+00
1.152989061260540637e+01 1.024258742171670900e+00
1.157989061260541064e+01 9.798623005249265105e-01
1.162989061260540780e+01 9.696125754116268203e-01
1.167989061260540495e+01 9.496270389790086863e-01
1.172989061260540922e+01 9.887415888542754328e-01
1.177989061260540637e+01 1.006842774708960775e+00
1.182989061260541064e+01 1.025600628189289321e+00
1.187989061260540780e+01 9.839450601104471339e-01
1.192989061260540495e+01 9.909399978618633753e-01
1.197989061260540922e+01 9.982775448092673365e-01
1.202989061260540637e+01 1.027741935664212791e+00
1.207989061260541064e+01 1.036278614797573994e+00
1.212989061260540780e+01 1.026028889684273970e+00
1.217989061260540495e+01 1.002188999796794100e+00
1.222989061260540922e+01 1.015379453842321977e+00
1.227989061260540637e+01 1.035736150237259956e+00
1.232989061260541064e+01 1.040903838943408211e+00
1.237989061260540780e+01 1.002645812058110986e+00
1.242989061260540495e+01 1.013438001731724825e+00
1.247989061260540922e+01 1.026828311141578798e+00
1.252989061260540637e+01 1.015151047711663423e+00
1.257989061260541064e+01 9.948514528493900277e-01
1.262989061260540780e+01 1.010611475864826136e+00
1.267989061260540495e+01 9.758080917057383452e-01
1.272989061260540922e+01 1.041217897373063694e+00
1.277989061260540637e+01 1.028627009420514549e+00
1.282989061260541064e+01 1.006757122409963845e+00
1.287989061260540780e+01 1.003587987347077437e+00
1.292989061260540495e+01 1.017320905952919130e+00
1.297989061260540922e+01 1.016892644457934480e+00
1.302989061260540637e+01 1.037106587021210613e+00
1.307989061260541064e+01 9.849443369320780572e-01
1.312989061260540780e+01 1.009726402108524157e+00
1.317989061260540495e+01 1.026771209608914104e+00
1.322989061260540922e+01 9.939092775604236873e-01
1.327989061260540637e+01 9.864289767813582133e-01
1.332989061260541064e+01 9.887701396206077797e-01
1.337989061260540780e+01 1.024544249834993703e+00
1.342989061260540495e+01 1.014265973955361888e+00
1.347989061260540922e+01 1.026057440450606428e+00
1.352989061260540637e+01 9.819465064671852872e-01
1.357989061260541064e+01 9.393487630993767601e-01
1.362989061260540780e+01 9.886273857889461558e-01
1.367989061260540495e+01 9.931669576357836648e-01
1.372989061260540922e+01 9.840307124094439528e-01
1.377989061260540637e+01 9.810043311782189468e-01
1.382989061260541064e+01 9.911969547588541651e-01
1.387989061260540780e+01 9.645305390044753846e-01
1.392989061260540495e+01 1.006700020877299373e+00
1.397989061260540922e+01 9.517683464539321569e-01
1.402989061260540637e+01 9.716967813538855969e-01
1.407989061260541064e+01 9.295558502473939555e-01
1.412989061260540780e+01 9.782349068439848416e-01
1.417989061260540495e+01 9.786060668063047974e-01
1.422989061260540922e+01 1.006186107083317571e+00
1.427989061260540637e+01 9.840592631757762998e-01
1.432989061260541064e+01 1.008527269922567360e+00
1.437989061260540780e+01 9.561651644691081531e-01
1.442989061260540495e+01 9.861149183517027295e-01
1.447989061260540922e+01 9.851441922964042641e-01
1.452989061260540637e+01 1.010183214369841265e+00
1.457989061260541064e+01 9.738666395951411925e-01
1.462989061260540780e+01 9.704405476352638837e-01
1.467989061260540495e+01 1.030996723026096129e+00
1.472989061260540922e+01 9.806046204495666441e-01
1.477989061260540637e+01 1.001617984470147826e+00
1.482989061260541064e+01 9.854296999597272899e-01
1.487989061260540780e+01 9.857152076230503157e-01
1.492989061260540495e+01 9.888557919196045987e-01
1.497989061260540922e+01 1.012295971078432277e+00
1.502989061260540637e+01 1.013352349432727673e+00
1.507989061260541064e+01 9.479710945317347814e-01
1.512989061260540780e+01 9.596198071953176978e-01
1.517989061260540495e+01 1.010754229696487538e+00
1.522989061260540922e+01 1.001789289068141686e+00
1.527989061260540637e+01 1.016778441392605314e+00
1.532989061260541064e+01 1.026400049646594148e+00
1.537989061260540780e+01 9.865431798466872682e-01
1.542989061260540495e+01 1.011268143490469118e+00
1.547989061260540922e+01 1.014779887749343468e+00
1.552989061260540637e+01 9.911113024598572352e-01
1.557989061260541064e+01 9.741521472584642183e-01
1.562989061260540780e+01 9.969927603243133873e-01
1.567989061260540495e+01 9.944517421207376140e-01
1.572989061260540922e+01 1.004073350374726559e+00
1.577989061260540637e+01 9.638453206124999451e-01
1.582989061260541064e+01 9.838879585777824399e-01
1.587989061260540780e+01 1.043616161744977733e+00
1.592989061260540495e+01 9.876566597336476905e-01
1.597989061260540922e+01 9.761221501353938290e-01
1.602989061260540637e+01 1.006956977774289941e+00
1.607989061260541064e+01 1.013095392535737105e+00
1.612989061260540780e+01 9.803762143189082012e-01
1.617989061260540495e+01 9.677282248336942505e-01
1.622989061260540922e+01 9.702406922709376769e-01
1.627989061260540637e+01 9.690701108513128936e-01
1.632989061260541064e+01 9.891698503492600825e-01
1.637989061260540780e+01 9.963360926986701838e-01
1.642989061260540495e+01 9.975066741182949670e-01
1.647989061260540922e+01 9.428319565919187628e-01
1.652989061260540637e+01 9.453158732628298422e-01
1.657989061260541064e+01 9.404336922200046134e-01
1.662989061260540780e+01 9.611900993435950058e-01
1.667989061260540495e+01 9.579924135143760289e-01
1.672989061260540922e+01 9.862005706506997704e-01
1.677989061260540637e+01 9.665576434140694673e-01
1.682989061260541064e+01 9.735525811654857087e-01
1.687989061260540780e+01 9.797480974595973446e-01
1.692989061260540495e+01 1.015036844646334036e+00
1.697989061260540922e+01 1.012324521844764513e+00
1.702989061260540637e+01 9.868572382763427520e-01
1.707989061260541064e+01 1.008441617623570208e+00
1.712989061260540780e+01 9.969356587916488044e-01
1.717989061260540495e+01 1.028798314018508409e+00
1.722989061260540922e+01 9.491416759513595647e-01
1.727989061260540637e+01 1.016378730663952901e+00
1.732989061260541064e+01 1.016235976832291277e+00
1.737989061260540780e+01 9.814611434395360545e-01
1.742989061260540495e+01 9.842305677737701597e-01
1.747989061260540922e+01 9.828315802234870446e-01
1.752989061260540637e+01 9.487990667553718449e-01
1.757989061260541064e+01 9.788630237032956982e-01
1.762989061260540780e+01 9.944802928870699610e-01
1.767989061260541206e+01 9.857437583893826627e-01
1.772989061260540922e+01 9.776924422836709150e-01
1.777989061260540637e+01 9.560224106374465292e-01
1.782989061260540353e+01 9.958507296710210621e-01
1.787989061260540780e+01 9.958507296710210621e-01
1.792989061260541206e+01 1.005814947120997616e+00
1.797989061260540922e+01 9.675569202357003906e-01
1.802989061260540637e+01 1.001361027573157036e+00
1.807989061260540353e+01 1.008013356128585558e+00
1.812989061260540780e+01 9.653870619944447951e-01
1.817989061260541206e+01 9.820036079998497591e-01
1.822989061260540922e+01 1.009126836015545647e+00
1.827989061260540637e+01 9.528247248082277743e-01
1.832989061260540353e+01 9.796338943942681787e-01
1.837989061260540780e+01 9.705833014669253966e-01
1.842989061260541206e+01 1.006899876241625469e+00
1.847989061260540922e+01 1.007813500764259462e+00
1.852989061260540637e+01 1.012838435638746093e+00
1.857989061260540353e+01 1.016293078364955749e+00
1.862989061260540780e+01 1.008384516090905736e+00
1.867989061260541206e+01 9.792912851982804590e-01
1.872989061260540922e+01 9.900263733392294929e-01
1.877989061260540637e+01 9.771214269570247524e-01
1.882989061260540353e+01 1.026485701945591078e+00
1.887989061260540780e+01 9.781207037786555647e-01
1.892989061260541206e+01 9.951084097463808176e-01
1.897989061260540922e+01 9.726675074091840623e-01
1.902989061260540637e+01 9.523393617805784306e-01
1.907989061260540353e+01 9.911113024598572352e-01
1.912989061260540780e+01 9.758366424720705812e-01
1.917989061260541206e+01 9.539096539288555165e-01
1.922989061260540922e+01 9.958792804373532981e-01
1.927989061260540637e+01 1.019348010362513213e+00
1.932989061260540353e+01 9.964217449976671137e-01
1.937989061260540780e+01 9.579067612153790989e-01
1.942989061260541206e+01 9.961076865680117409e-01
1.947989061260540922e+01 9.926815946081344322e-01
1.952989061260540637e+01 1.001418129105821730e+00
1.957989061260540353e+01 9.847730323340841974e-01
1.962989061260540780e+01 9.726104058765194793e-01
1.967989061260541206e+01 1.020375837950476372e+00
1.972989061260540922e+01 9.846588292687548094e-01
1.977989061260540637e+01 9.789201252359602812e-01
1.982989061260540353e+01 9.921676808141528525e-01
1.987989061260540780e+01 9.779493991806618158e-01
1.992989061260541206e+01 9.879707181633029522e-01
1.997989061260540922e+01 9.460010916548053927e-01
2.002989061260540637e+01 9.776638915173385680e-01
2.007989061260540353e+01 9.470574700091006770e-01
2.012989061260540780e+01 9.616469116049118915e-01
2.017989061260541206e+01 9.393202123330444131e-01
2.022989061260540922e+01 9.686418493563281329e-01
2.027989061260540637e+01 9.313259977599972483e-01
2.032989061260540353e+01 9.705547507005930497e-01
2.037989061260540780e+01 9.442023933758696419e-01
2.042989061260541206e+01 9.408619537149891521e-01
2.047989061260540922e+01 9.857723091557148987e-01
2.052989061260540637e+01 9.900263733392294929e-01
2.057989061260540353e+01 9.671001079743835049e-01
2.062989061260540780e+01 9.777209930500031509e-01
2.067989061260541206e+01 9.578211089163821690e-01
2.072989061260540922e+01 9.780065007133262878e-01
2.077989061260540637e+01 9.933382622337776358e-01
2.082989061260540353e+01 9.791770821329510710e-01
2.087989061260540780e+01 1.028141646392865205e+00
2.092989061260541206e+01 1.005301033327016036e+00
2.097989061260540922e+01 9.698409815422852631e-01
2.102989061260540637e+01 9.789486760022926282e-01
2.107989061260540353e+01 1.026085991216938664e+00
2.112989061260540780e+01 9.446592056371866386e-01
2.117989061260541206e+01 1.015636410739312767e+00
2.122989061260540922e+01 9.916252162538388149e-01
2.127989061260540637e+01 1.003816393477735769e+00
2.132989061260540353e+01 9.757224394067414153e-01
2.137989061260540780e+01 1.025971788151609276e+00
2.142989061260541206e+01 9.779493991806618158e-01
2.147989061260540922e+01 9.957650773720239101e-01
2.152989061260540637e+01 9.667289480120633272e-01
2.157989061260540353e+01 1.015350903075989519e+00
2.162989061260540780e+01 9.740664949594673994e-01
2.167989061260541206e+01 9.760650486027291350e-01
2.172989061260540922e+01 9.481709498960609883e-01
2.177989061260540637e+01 9.795767928616033737e-01
2.182989061260540353e+01 9.690415600849805466e-01
2.187989061260540780e+01 9.460867439538022117e-01
2.192989061260541206e+01 9.821463618315113830e-01
2.197989061260540922e+01 9.685276462909988560e-01
2.202989061260540637e+01 1.010782780462819774e+00
2.207989061260540353e+01 1.002560159759114056e+00
2.212989061260540780e+01 9.919678254498265346e-01
2.217989061260541206e+01 9.752370763790920716e-01
2.222989061260540922e+01 9.838594078114502040e-01
2.227989061260540637e+01 1.023402219181701378e+00
2.232989061260540353e+01 9.480852975970639474e-01
2.237989061260540780e+01 9.800336051229203704e-01
2.242989061260541206e+01 9.618467669692382094e-01
2.247989061260540922e+01 9.676140217683648626e-01
2.252989061260540637e+01 9.662150342180818585e-01
2.257989061260540353e+01 9.621893761652257071e-01
2.262989061260540780e+01 9.925388407764729193e-01
2.267989061260541206e+01 9.977636310152857568e-01
2.272989061260540922e+01 9.986772555379197502e-01
2.277989061260540637e+01 1.013923364759373946e+00
2.282989061260540353e+01 1.032881073604028810e+00
2.287989061260540780e+01 9.971355141559750113e-01
2.292989061260541206e+01 1.000361750751526335e+00
2.297989061260540922e+01 9.795482420952711378e-01
2.302989061260540637e+01 1.029055270915498976e+00
2.307989061260540353e+01 1.004986974897360552e+00
2.312989061260540780e+01 1.023259465350039754e+00
2.317989061260541206e+01 1.058062849509127545e+00
2.322989061260540922e+01 1.004901322598363622e+00
2.327989061260540637e+01 1.017720616681571322e+00
2.332989061260540353e+01 9.985345017062583484e-01
2.337989061260540780e+01 1.013637857096050920e+00
2.342989061260541206e+01 9.998478369575446445e-01
2.347989061260540922e+01 1.040161519018768299e+00
2.352989061260540637e+01 9.822034633641761880e-01
2.357989061260540353e+01 9.954224681760361904e-01
2.362989061260540780e+01 9.690130093186481997e-01
2.367989061260541206e+01 9.836881032134563441e-01
2.372989061260540922e+01 1.019462213427842379e+00
2.377989061260540637e+01 9.692985169819713365e-01
2.382989061260540353e+01 9.602764748209609014e-01
2.387989061260540780e+01 9.529674786398891762e-01
2.392989061260541206e+01 9.956794250730270912e-01
2.397989061260540922e+01 9.840021616431118279e-01
2.402989061260540637e+01 9.892555026482569014e-01
2.407989061260541064e+01 9.460581931874699757e-01
2.412989061260540780e+01 9.666718464793987442e-01
2.417989061260541206e+01 9.569074843937480646e-01
2.422989061260540922e+01 9.800907066555850644e-01
2.427989061260540637e+01 9.495699374463441034e-01
2.432989061260541064e+01 9.567932813284190097e-01
2.437989061260540780e+01 9.364651356998133780e-01
2.442989061260541206e+01 9.655583665924385439e-01
2.447989061260540922e+01 9.861149183517027295e-01
2.452989061260540637e+01 9.667860495447279101e-01
2.457989061260541064e+01 9.550802353484801888e-01
2.462989061260540780e+01 9.269577305111533772e-01
2.467989061260541206e+01 9.730386673715041290e-01
2.472989061260540922e+01 9.474000792050885078e-01
2.477989061260540637e+01 9.788344729369633512e-01
2.482989061260541064e+01 9.610758962782657289e-01
2.487989061260540780e+01 9.813469403742067776e-01
2.492989061260541206e+01 1.030225852335123760e+00
2.497989061260540922e+01 1.017863370513232946e+00
2.502989061260540637e+01 9.985345017062583484e-01
2.507989061260541064e+01 1.020204533352482512e+00
2.512989061260540780e+01 1.002988421254098705e+00
2.517989061260541206e+01 9.851441922964042641e-01
2.522989061260540922e+01 1.015093946178998952e+00
2.527989061260540637e+01 1.040275722084097465e+00
2.532989061260541064e+01 1.035364990274939778e+00
2.537989061260540780e+01 9.888272411532723627e-01
2.542989061260541206e+01 1.006271759382314723e+00
2.547989061260540922e+01 1.034023104257321357e+00
2.552989061260540637e+01 9.964788465303318077e-01
2.557989061260541064e+01 1.001789289068141686e+00
2.562989061260540780e+01 1.058776618667435443e+00
2.567989061260541206e+01 1.024772655965652479e+00
2.572989061260540922e+01 9.770928761906925164e-01
2.577989061260540637e+01 1.021603520902765849e+00
2.582989061260541064e+01 1.029283677046157530e+00
2.587989061260540780e+01 9.594485025973238379e-01
2.592989061260541206e+01 9.549374815168186759e-01
2.597989061260540922e+01 9.861720198843675345e-01
2.602989061260540637e+01 9.764647593313815488e-01
2.607989061260541064e+01 9.973924710529658011e-01
2.612989061260540780e+01 9.642164805748200118e-01
2.617989061260541206e+01 9.432316673205710655e-01
2.622989061260540922e+01 9.370076002601270826e-01
2.627989061260540637e+01 9.402338368556784065e-01
2.632989061260541064e+01 9.478568914664053935e-01
2.637989061260540780e+01 9.684419939920020370e-01
2.642989061260541206e+01 9.920820285151557005e-01
2.647989061260540922e+01 9.939663790930883813e-01
2.652989061260540637e+01 9.857723091557148987e-01
2.657989061260541064e+01 1.000019141555538393e+00
2.662989061260540780e+01 9.828886817561515166e-01
2.667989061260541206e+01 1.006528716279305513e+00
2.672989061260540922e+01 1.028455704822520467e+00
2.677989061260540637e+01 1.006186107083317571e+00
2.682989061260541064e+01 1.006671470110966915e+00
2.687989061260540780e+01 1.015750613804641933e+00
2.692989061260541206e+01 1.057291978818155176e+00
2.697989061260540922e+01 1.042188623428362160e+00
2.702989061260540637e+01 1.054522554483920738e+00
2.707989061260541064e+01 1.051239216355704942e+00
2.712989061260540780e+01 1.072452435740612220e+00
2.717989061260541206e+01 1.083758539208207861e+00
2.722989061260540922e+01 1.114108003819454407e+00
2.727989061260540637e+01 1.097148848618061834e+00
2.732989061260541064e+01 1.097719863944707885e+00
2.737989061260540780e+01 1.074850700112526480e+00
2.742989061260541206e+01 1.129182808442914965e+00
2.747989061260540922e+01 1.059775895489065922e+00
2.752989061260540637e+01 1.129496866872570449e+00
2.757989061260541064e+01 1.053694582260283896e+00
2.762989061260540780e+01 1.043187900249993083e+00
2.767989061260541206e+01 1.029283677046157530e+00
2.772989061260540922e+01 1.050982259458714152e+00
2.777989061260540637e+01 1.018320182774550053e+00
2.782989061260541064e+01 1.006385962447643889e+00
2.787989061260540780e+01 9.347806404862070151e-01
2.792989061260541206e+01 9.078001663021727508e-01
2.797989061260540922e+01 8.888139066911855402e-01
2.802989061260540637e+01 9.239313492799284822e-01
2.807989061260541064e+01 9.043455235759628730e-01
2.812989061260540780e+01 9.004626193547686785e-01
2.817989061260541206e+01 8.716263453591341914e-01
2.822989061260540922e+01 8.903841988394627371e-01
2.827989061260540637e+01 8.967795704979004690e-01
2.832989061260541064e+01 8.981214565155192231e-01
2.837989061260540780e+01 8.617192294418219989e-01
2.842989061260541206e+01 8.941814507616601126e-01
2.847989061260540922e+01 9.048594373699445637e-01
2.852989061260540637e+01 8.826183903970740152e-01
2.857989061260541064e+01 9.374644125214441903e-01
2.862989061260540780e+01 9.380354278480902419e-01
2.867989061260541206e+01 9.604192286526225253e-01
2.872989061260540922e+01 9.826888263918253097e-01
2.877989061260540637e+01 1.019947576455491722e+00
2.882989061260541064e+01 1.059005024798093553e+00
2.887989061260540780e+01 1.102887552650856140e+00
2.892989061260541206e+01 1.113308582362150023e+00
2.897989061260540922e+01 1.074964903177855646e+00
2.902989061260540637e+01 1.181145203167721869e+00
2.907989061260541064e+01 1.146456022073963466e+00
2.912989061260540780e+01 1.145885006747317414e+00
2.917989061260541206e+01 1.144543120729698549e+00
2.922989061260540922e+01 1.204756686924543407e+00
2.927989061260540637e+01 1.160502999109460642e+00
2.932989061260541064e+01 1.180402883243081735e+00
2.937989061260540780e+01 1.173208090127339176e+00
2.942989061260541206e+01 1.168068952187523157e+00
2.947989061260540922e+01 1.106913210703712291e+00
2.952989061260540637e+01 1.107855385992678521e+00
2.957989061260541064e+01 1.130096432965548736e+00
2.962989061260540780e+01 1.149767910968511497e+00
2.967989061260541206e+01 1.110367853429921947e+00
2.972989061260540922e+01 1.143115582413082976e+00
2.977989061260540637e+01 1.101602768165902413e+00
2.982989061260541064e+01 1.089411590942005459e+00
2.987989061260540780e+01 1.088954778680688351e+00
2.992989061260541206e+01 1.043444857146984095e+00
2.997989061260540922e+01 1.033966002724656441e+00
3.002989061260540637e+01 9.710686644945745183e-01
3.007989061260541064e+01 9.497412420443380743e-01
3.012989061260540780e+01 9.164510485008630081e-01
3.017989061260541206e+01 9.056874095935816271e-01
3.022989061260540922e+01 8.077297303074213453e-01
3.027989061260540637e+01 7.838041881209444339e-01
3.032989061260541064e+01 7.858598432968706415e-01
3.037989061260540780e+01 7.741540291006231422e-01
3.042989061260541206e+01 7.340116516373933475e-01
3.047989061260540922e+01 7.211067052551884959e-01
3.052989061260540637e+01 7.563383509092608259e-01
3.057989061260541064e+01 7.644182177813048096e-01
3.062989061260540780e+01 8.001352264630263722e-01
3.067989061260541206e+01 7.888291229954312866e-01
3.072989061260540922e+01 7.942823193649026781e-01
3.077989061260540637e+01 8.442747112127797493e-01
3.082989061260541064e+01 8.602631403588743009e-01
3.087989061260540780e+01 9.778922976479971219e-01
3.092989061260541206e+01 9.829172325224838636e-01
3.097989061260540922e+01 1.090696375426959186e+00
3.102989061260540637e+01 1.193450583456947989e+00
3.107989061260541064e+01 1.305540892077602377e+00
3.112989061260540780e+01 1.411435684404145352e+00
3.117989061260541206e+01 1.569435625287156633e+00
3.122989061260540922e+01 1.753102705102915548e+00
3.127989061260540637e+01 1.850260962931771225e+00
3.132989061260541064e+01 2.018253672031091295e+00
3.137989061260540780e+01 1.964920840522333956e+00
3.142989061260541206e+01 2.050858647182590921e+00
3.147989061260540922e+01 2.066418814833700601e+00
3.152989061260540637e+01 2.003321621239292583e+00
3.157989061260541064e+01 1.899254077958017373e+00
3.162989061260540780e+01 1.778655640970334462e+00
3.167989061260541206e+01 1.640641236519940982e+00
3.172989061260540922e+01 1.510849452773253443e+00
3.177989061260540637e+01 1.263714019400766109e+00
3.182989061260541064e+01 1.063801553541921852e+00
3.187989061260540780e+01 8.290857035239901363e-01
3.192989061260541206e+01 6.434486208313016098e-01
3.197989061260540922e+01 4.940424606143161146e-01
3.202989061260540637e+01 3.721877899080111574e-01
3.207989061260541064e+01 2.796833069913222669e-01
3.212989061260540780e+01 2.205261191507730811e-01
3.217989061260541206e+01 1.845521535720607842e-01
3.222989061260540922e+01 1.963721708336376714e-01
3.227989061260540637e+01 2.003978288864935731e-01
3.232989061260541064e+01 2.204404668517761789e-01
3.237989061260540780e+01 2.450797781965609046e-01
3.242989061260541206e+01 2.699189449056718093e-01
3.247989061260540922e+01 2.924454995418654946e-01
3.252989061260540637e+01 3.078343625949813145e-01
3.257989061260541064e+01 2.927881087378532143e-01
3.262989061260540780e+01 2.967281144917121583e-01
3.267989061260541206e+01 3.074632026326611922e-01
3.272989061260540922e+01 3.882618713531024723e-01
3.277989061260540637e+01 5.330713581905857090e-01
3.282989061260541064e+01 7.536545788740235396e-01
3.287989061260540780e+01 1.292778699527059150e+00
3.292989061260541206e+01 2.036754568614429051e+00
3.297989061260540922e+01 2.971278252203645387e+00
3.302989061260540637e+01 3.808757881029334769e+00
3.307989061260541064e+01 4.328067769847746327e+00
3.312989061260540780e+01 4.173522471690945146e+00
3.317989061260541206e+01 3.528817617141021934e+00
3.322989061260540922e+01 2.446629370081091270e+00
3.327989061260540637e+01 1.470878379908017841e+00
3.332989061260541064e+01 7.557387848162822053e-01
3.337989061260540780e+01 3.404964392791455241e-01
3.342989061260541206e+01 1.369009245634330574e-01
3.347989061260540922e+01 6.115574148381097003e-02
3.352989061260540637e+01 2.875062169663756065e-02
3.357989061260541064e+01 1.387567243750333079e-02
3.362989061260540780e+01 9.735811319318180002e-03
3.367989061260541206e+01 4.653774912166754735e-03
3.372989061260540922e+01 1.941452110597173975e-03
3.377989061260540637e+01 1.199132185957077967e-03
3.382989061260541064e+01 3.711599623200479499e-04
3.387989061260540780e+01 2.284061306584910607e-04
3.392989061260541206e+01 5.710153266462276517e-05
3.397989061260540922e+01 2.855076633231138259e-05
3.402989061260540637e+01 2.855076633231138259e-05
3.407989061260541064e+01 0.000000000000000000e+00
3.412989061260540780e+01 0.000000000000000000e+00
3.417989061260541206e+01 0.000000000000000000e+00
3.422989061260540922e+01 0.000000000000000000e+00
3.427989061260540637e+01 0.000000000000000000e+00
3.432989061260541064e+01 0.000000000000000000e+00
3.437989061260540780e+01 0.000000000000000000e+00
3.442989061260541206e+01 0.000000000000000000e+00
3.447989061260540922e+01 0.000000000000000000e+00
3.452989061260540637e+01 0.000000000000000000e+00
3.457989061260541064e+01 0.000000000000000000e+00
3.462989061260540780e+01 0.000000000000000000e+00
3.467989061260541206e+01 0.000000000000000000e+00
3.472989061260540922e+01 0.000000000000000000e+00
3.477989061260540637e+01 0.000000000000000000e+00
3.482989061260541064e+01 0.000000000000000000e+00
3.487989061260540780e+01 0.000000000000000000e+00
3.492989061260541206e+01 0.000000000000000000e+00
3.497989061260540922e+01 0.000000000000000000e+00
3.502989061260540637e+01 0.000000000000000000e+00
3.507989061260541064e+01 0.000000000000000000e+00
3.512989061260540780e+01 0.000000000000000000e+00
3.517989061260541206e+01 0.000000000000000000e+00
3.522989061260540922e+01 0.000000000000000000e+00
3.527989061260540637e+01 0.000000000000000000e+00
3.532989061260541064e+01 0.000000000000000000e+00
3.537989061260540780e+01 0.000000000000000000e+00
3.542989061260541206e+01 0.000000000000000000e+00
3.547989061260540922e+01 0.000000000000000000e+00
3.552989061260540637e+01 0.000000000000000000e+00
3.557989061260541064e+01 0.000000000000000000e+00
