-1.532363642271545778e+01 0.000000000000000000e+00
-1.527363642271545885e+01 0.000000000000000000e+00
-1.522363642271545814e+01 0.000000000000000000e+00
-1.517363642271545743e+01 0.000000000000000000e+00
-1.512363642271545849e+01 0.000000000000000000e+00
-1.507363642271545778e+01 0.000000000000000000e+00
-1.502363642271545885e+01 0.000000000000000000e+00
-1.497363642271545814e+01 0.000000000000000000e+00
-1.492363642271545743e+01 0.000000000000000000e+00
-1.487363642271545849e+01 0.000000000000000000e+00
-1.482363642271545778e+01 0.000000000000000000e+00
-1.477363642271545885e+01 0.000000000000000000e+00
-1.472363642271545814e+01 0.000000000000000000e+00
-1.467363642271545743e+01 0.000000000000000000e+00
-1.462363642271545849e+01 0.000000000000000000e+00
-1.457363642271545778e+01 0.000000000000000000e+00
-1.452363642271545885e+01 0.000000000000000000e+00
-1.447363642271545814e+01 0.000000000000000000e+00
-1.442363642271545743e+01 0.000000000000000000e+00
-1.437363642271545849e+01 0.000000000000000000e+00
-1.432363642271545778e+01 0.000000000000000000e+00
-1.427363642271545885e+01 0.000000000000000000e+00
-1.422363642271545814e+01 0.000000000000000000e+00
-1.417363642271545743e+01 0.000000000000000000e+00
-1.412363642271545849e+01 0.000000000000000000e+00
-1.407363642271545778e+01 0.000000000000000000e+00
-1.402363642271545885e+01 0.000000000000000000e+00
-1.397363642271545814e+01 0.000000000000000000e+00
-1.392363642271545743e+01 0.000000000000000000e+00
-1.387363642271545849e+01 0.000000000000000000e+00
-1.382363642271545778e+01 0.000000000000000000e+00
-1.377363642271545885e+01 0.000000000000000000e+00
-1.372363642271545814e+01 0.000000000000000000e+00
-1.367363642271545743e+01 0.000000000000000000e+00
-1.362363642271545849e+01 0.000000000000000000e+00
-1.357363642271545778e+01 0.000000000000000000e+00
-1.352363642271545885e+01 0.000000000000000000e+00
-1.347363642271545814e+01 0.000000000000000000e+00
-1.342363642271545743e+01 0.000000000000000000e+00
-1.337363642271545849e+01 0.000000000000000000e+00
-1.332363642271545778e+01 0.000000000000000000e+00
-1.327363642271545885e+01 0.000000000000000000e+00
-1.322363642271545814e+01 0.000000000000000000e+00
-1.317363642271545743e+01 0.000000000000000000e+00
-1.312363642271545849e+01 0.000000000000000000e+00
-1.307363642271545778e+01 0.000000000000000000e+00
-1.302363642271545885e+01 0.000000000000000000e+00
-1.297363642271545814e+01 0.000000000000000000e+00
-1.292363642271545743e+01 0.000000000000000000e+00
-1.287363642271545849e+01 0.000000000000000000e+00
-1.282363642271545778e+01 0.000000000000000000e+00
-1.277363642271545885e+01 0.000000000000000000e+00
-1.272363642271545814e+01 0.000000000000000000e+00
-1.267363642271545743e+01 0.000000000000000000e+00
-1.262363642271545849e+01 0.000000000000000000e+00
-1.257363642271545778e+01 0.000000000000000000e+00
-1.252363642271545885e+01 0.000000000000000000e+00
-1.247363642271545814e+01 0.000000000000000000e+00
-1.242363642271545743e+01 0.000000000000000000e+00
-1.237363642271545849e+01 0.000000000000000000e+00
-1.232363642271545778e+01 0.000000000000000000e+00
-1.227363642271545885e+01 0.000000000000000000e+00
-1.222363642271545814e+01 0.000000000000000000e+00
-1.217363642271545743e+01 0.000000000000000000e+00
-1.212363642271545849e+01 0.000000000000000000e+00
-1.207363642271545778e+01 0.000000000000000000e+00
-1.202363642271545885e+01 0.000000000000000000e+00
-1.197363642271545814e+01 0.000000000000000000e+00
-1.192363642271545743e+01 0.000000000000000000e+00
-1.187363642271545849e+01 0.000000000000000000e+00
-1.182363642271545778e+01 0.000000000000000000e+00
-1.177363642271545885e+01 0.000000000000000000e+00
-1.172363642271545814e+01 0.000000000000000000e+00
-1.167363642271545743e+01 0.000000000000000000e+00
-1.162363642271545849e+01 0.000000000000000000e+00
-1.157363642271545778e+01 0.000000000000000000e+00
-1.152363642271545885e+01 0.000000000000000000e+00
-1.147363642271545814e+01 0.000000000000000000e+00
-1.142363642271545743e+01 0.000000000000000000e+00
-1.137363642271545849e+01 0.000000000000000000e+00
-1.132363642271545778e+01 0.000000000000000000e+00
-1.127363642271545885e+01 0.000000000000000000e+00
-1.122363642271545814e+01 0.000000000000000000e+00
-1.117363642271545743e+01 0.000000000000000000e+00
-1.112363642271545849e+01 0.000000000000000000e+00
-1.107363642271545778e+01 0.000000000000000000e+00
-1.102363642271545885e+01 0.000000000000000000e+00
-1.097363642271545814e+01 0.000000000000000000e+00
-1.092363642271545743e+01 0.000000000000000000e+00
-1.087363642271545849e+01 0.000000000000000000e+00
-1.082363642271545778e+01 0.000000000000000000e+00
-1.077363642271545885e+01 0.000000000000000000e+00
-1.072363642271545814e+01 0.000000000000000000e+00
-1.067363642271545743e+01 0.000000000000000000e+00
-1.062363642271545849e+01 0.000000000000000000e+00
-1.057363642271545778e+01 0.000000000000000000e+00
-1.052363642271545707e+01 0.000000000000000000e+00
-1.047363642271545814e+01 0.000000000000000000e+00
-1.042363642271545743e+01 0.000000000000000000e+00
-1.037363642271545849e+01 0.000000000000000000e+00
-1.032363642271545778e+01 0.000000000000000000e+00
-1.027363642271545707e+01 0.000000000000000000e+00
-1.022363642271545814e+01 0.000000000000000000e+00
-1.017363642271545743e+01 0.000000000000000000e+00
-1.012363642271545849e+01 0.000000000000000000e+00
-1.007363642271545778e+01 0.000000000000000000e+00
-1.002363642271545707e+01 0.000000000000000000e+00
-9.973636422715458139e+00 0.000000000000000000e+00
-9.923636422715457428e+00 0.000000000000000000e+00
-9.873636422715458494e+00 0.000000000000000000e+00
-9.823636422715457783e+00 0.000000000000000000e+00
-9.773636422715457073e+00 0.000000000000000000e+00
-9.723636422715458139e+00 0.000000000000000000e+00
-9.673636422715457428e+00 0.000000000000000000e+00
-9.623636422715458494e+00 0.000000000000000000e+00
-9.573636422715457783e+00 0.000000000000000000e+00
-9.523636422715457073e+00 0.000000000000000000e+00
-9.473636422715458139e+00 0.000000000000000000e+00
-9.423636422715457428e+00 0.000000000000000000e+00
-9.373636422715458494e+00 0.000000000000000000e+00
-9.323636422715457783e+00 0.000000000000000000e+00
-9.273636422715457073e+00 0.000000000000000000e+00
-9.223636422715458139e+00 0.000000000000000000e+00
-9.173636422715457428e+00 0.000000000000000000e+00
-9.123636422715458494e+00 0.000000000000000000e+00
-9.073636422715457783e+00 0.000000000000000000e+00
-9.023636422715457073e+00 0.000000000000000000e+00
-8.973636422715458139e+00 0.000000000000000000e+00
-8.923636422715457428e+00 0.000000000000000000e+00
-8.873636422715458494e+00 0.000000000000000000e+00
-8.823636422715457783e+00 0.000000000000000000e+00
-8.773636422715457073e+00 0.000000000000000000e+00
-8.723636422715458139e+00 0.000000000000000000e+00
-8.673636422715457428e+00 0.000000000000000000e+00
-8.623636422715458494e+00 0.000000000000000000e+00
-8.573636422715457783e+00 0.000000000000000000e+00
-8.523636422715457073e+00 0.000000000000000000e+00
-8.473636422715458139e+00 0.000000000000000000e+00
-8.423636422715457428e+00 0.000000000000000000e+00
-8.373636422715458494e+00 0.000000000000000000e+00
-8.323636422715457783e+00 0.000000000000000000e+00
-8.273636422715457073e+00 0.000000000000000000e+00
-8.223636422715458139e+00 0.000000000000000000e+00
-8.173636422715457428e+00 0.000000000000000000e+00
-8.123636422715458494e+00 0.000000000000000000e+00
-8.073636422715457783e+00 0.000000000000000000e+00
-8.023636422715457073e+00 0.000000000000000000e+00
-7.973636422715458139e+00 0.000000000000000000e+00
-7.923636422715457428e+00 0.000000000000000000e+00
-7.873636422715458494e+00 0.000000000000000000e+00
-7.823636422715457783e+00 0.000000000000000000e+00
-7.773636422715457073e+00 0.000000000000000000e+00
-7.723636422715458139e+00 0.000000000000000000e+00
-7.673636422715457428e+00 0.000000000000000000e+00
-7.623636422715458494e+00 0.000000000000000000e+00
-7.573636422715457783e+00 0.000000000000000000e+00
-7.523636422715457073e+00 0.000000000000000000e+00
-7.473636422715458139e+00 0.000000000000000000e+00
-7.423636422715457428e+00 0.000000000000000000e+00
-7.373636422715458494e+00 0.000000000000000000e+00
-7.323636422715457783e+00 0.000000000000000000e+00
-7.273636422715458849e+00 0.000000000000000000e+00
-7.223636422715458139e+00 0.000000000000000000e+00
-7.173636422715457428e+00 0.000000000000000000e+00
-7.123636422715456717e+00 0.000000000000000000e+00
-7.073636422715457783e+00 0.000000000000000000e+00
-7.023636422715458849e+00 0.000000000000000000e+00
-6.973636422715458139e+00 0.000000000000000000e+00
-6.923636422715457428e+00 0.000000000000000000e+00
-6.873636422715456717e+00 0.000000000000000000e+00
-6.823636422715457783e+00 0.000000000000000000e+00
-6.773636422715458849e+00 0.000000000000000000e+00
-6.723636422715458139e+00 0.000000000000000000e+00
-6.673636422715457428e+00 0.000000000000000000e+00
-6.623636422715456717e+00 0.000000000000000000e+00
-6.573636422715457783e+00 0.000000000000000000e+00
-6.523636422715458849e+00 0.000000000000000000e+00
-6.473636422715458139e+00 0.000000000000000000e+00
-6.423636422715457428e+00 0.000000000000000000e+00
-6.373636422715456717e+00 0.000000000000000000e+00
-6.323636422715457783e+00 0.000000000000000000e+00
-6.273636422715458849e+00 0.000000000000000000e+00
-6.223636422715458139e+00 0.000000000000000000e+00
-6.173636422715457428e+00 0.000000000000000000e+00
-6.123636422715456717e+00 0.000000000000000000e+00
-6.073636422715457783e+00 0.000000000000000000e+00
-6.023636422715458849e+00 0.000000000000000000e+00
-5.973636422715458139e+00 0.000000000000000000e+00
-5.923636422715457428e+00 0.000000000000000000e+00
-5.873636422715456717e+00 0.000000000000000000e+00
-5.823636422715457783e+00 0.000000000000000000e+00
-5.773636422715457073e+00 0.000000000000000000e+00
-5.723636422715458139e+00 0.000000000000000000e+00
-5.673636422715457428e+00 0.000000000000000000e+00
-5.623636422715456717e+00 0.000000000000000000e+00
-5.573636422715457783e+00 0.000000000000000000e+00
-5.523636422715457073e+00 0.000000000000000000e+00
-5.473636422715458139e+00 0.000000000000000000e+00
-5.423636422715457428e+00 0.000000000000000000e+00
-5.373636422715456717e+00 0.000000000000000000e+00
-5.323636422715457783e+00 0.000000000000000000e+00
-5.273636422715457073e+00 0.000000000000000000e+00
-5.223636422715458139e+00 0.000000000000000000e+00
-5.173636422715457428e+00 0.000000000000000000e+00
-5.123636422715456717e+00 0.000000000000000000e+00
-5.073636422715457783e+00 0.000000000000000000e+00
-5.023636422715457073e+00 0.000000000000000000e+00
-4.973636422715458139e+00 0.000000000000000000e+00
-4.923636422715457428e+00 0.000000000000000000e+00
-4.873636422715456717e+00 0.000000000000000000e+00
-4.823636422715457783e+00 0.000000000000000000e+00
-4.773636422715457073e+00 0.000000000000000000e+00
-4.723636422715458139e+00 0.000000000000000000e+00
-4.673636422715457428e+00 0.000000000000000000e+00
-4.623636422715456717e+00 0.000000000000000000e+00
-4.573636422715457783e+00 0.000000000000000000e+00
-4.523636422715457073e+00 0.000000000000000000e+00
-4.473636422715458139e+00 0.000000000000000000e+00
-4.423636422715457428e+00 0.000000000000000000e+00
-4.373636422715456717e+00 0.000000000000000000e+00
-4.323636422715457783e+00 0.000000000000000000e+00
-4.273636422715457073e+00 0.000000000000000000e+00
-4.223636422715458139e+00 0.000000000000000000e+00
-4.173636422715457428e+00 0.000000000000000000e+00
-4.123636422715456717e+00 0.000000000000000000e+00
-4.073636422715457783e+00 0.000000000000000000e+00
-4.023636422715457073e+00 0.000000000000000000e+00
-3.973636422715458139e+00 0.000000000000000000e+00
-3.923636422715457428e+00 0.000000000000000000e+00
-3.873636422715456717e+00 0.000000000000000000e+00
-3.823636422715457783e+00 0.000000000000000000e+00
-3.773636422715457073e+00 0.000000000000000000e+00
-3.723636422715458139e+00 0.000000000000000000e+00
-3.673636422715457428e+00 0.000000000000000000e+00
-3.623636422715456717e+00 0.000000000000000000e+00
-3.573636422715457783e+00 0.000000000000000000e+00
-3.523636422715457073e+00 0.000000000000000000e+00
-3.473636422715458139e+00 0.000000000000000000e+00
-3.423636422715457428e+00 0.000000000000000000e+00
-3.373636422715456717e+00 0.000000000000000000e+00
-3.323636422715457783e+00 0.000000000000000000e+00
-3.273636422715457073e+00 0.000000000000000000e+00
-3.223636422715458139e+00 0.000000000000000000e+00
-3.173636422715457428e+00 0.000000000000000000e+00
-3.123636422715456717e+00 0.000000000000000000e+00
-3.073636422715457783e+00 0.000000000000000000e+00
-3.023636422715457073e+00 0.000000000000000000e+00
-2.973636422715458139e+00 0.000000000000000000e+00
-2.923636422715457428e+00 0.000000000000000000e+00
-2.873636422715456717e+00 0.000000000000000000e+00
-2.823636422715457783e+00 0.000000000000000000e+00
-2.773636422715457073e+00 0.000000000000000000e+00
-2.723636422715458139e+00 0.000000000000000000e+00
-2.673636422715457428e+00 0.000000000000000000e+00
-2.623636422715456717e+00 0.000000000000000000e+00
-2.573636422715457783e+00 0.000000000000000000e+00
-2.523636422715457073e+00 0.000000000000000000e+00
-2.473636422715458139e+00 0.000000000000000000e+00
-2.423636422715457428e+00 0.000000000000000000e+00
-2.373636422715456717e+00 0.000000000000000000e+00
-2.323636422715457783e+00 0.000000000000000000e+00
-2.273636422715457073e+00 0.000000000000000000e+00
-2.223636422715458139e+00 0.000000000000000000e+00
-2.173636422715457428e+00 0.000000000000000000e+00
-2.123636422715456717e+00 0.000000000000000000e+00
-2.073636422715457783e+00 0.000000000000000000e+00
-2.023636422715457073e+00 0.000000000000000000e+00
-1.973636422715458139e+00 0.000000000000000000e+00
-1.923636422715457428e+00 0.000000000000000000e+00
-1.873636422715456717e+00 0.000000000000000000e+00
-1.823636422715457783e+00 0.000000000000000000e+00
-1.773636422715457073e+00 0.000000000000000000e+00
-1.723636422715458139e+00 0.000000000000000000e+00
-1.673636422715457428e+00 0.000000000000000000e+00
-1.623636422715456717e+00 0.000000000000000000e+00
-1.573636422715457783e+00 0.000000000000000000e+00
-1.523636422715457073e+00 0.000000000000000000e+00
-1.473636422715458139e+00 0.000000000000000000e+00
-1.423636422715457428e+00 0.000000000000000000e+00
-1.373636422715456717e+00 0.000000000000000000e+00
-1.323636422715457783e+00 0.000000000000000000e+00
-1.273636422715457073e+00 0.000000000000000000e+00
-1.223636422715458139e+00 0.000000000000000000e+00
-1.173636422715457428e+00 0.000000000000000000e+00
-1.123636422715456717e+00 0.000000000000000000e+00
-1.073636422715457783e+00 0.000000000000000000e+00
-1.023636422715457073e+00 0.000000000000000000e+00
-9.736364227154581386e-01 0.000000000000000000e+00
-9.236364227154574280e-01 0.000000000000000000e+00
-8.736364227154567175e-01 0.000000000000000000e+00
-8.236364227154577833e-01 0.000000000000000000e+00
-7.736364227154570727e-01 0.000000000000000000e+00
-7.236364227154581386e-01 0.000000000000000000e+00
-6.736364227154574280e-01 0.000000000000000000e+00
-6.236364227154567175e-01 0.000000000000000000e+00
-5.736364227154577833e-01 0.000000000000000000e+00
-5.236364227154570727e-01 0.000000000000000000e+00
-4.736364227154581386e-01 0.000000000000000000e+00
-4.236364227154574280e-01 0.000000000000000000e+00
-3.736364227154567175e-01 0.000000000000000000e+00
-3.236364227154577833e-01 0.000000000000000000e+00
-2.736364227154570727e-01 0.000000000000000000e+00
-2.236364227154581386e-01 0.000000000000000000e+00
-1.736364227154574280e-01 0.000000000000000000e+00
-1.236364227154567175e-01 0.000000000000000000e+00
-7.363642271545778328e-02 0.000000000000000000e+00
-2.363642271545707274e-02 0.000000000000000000e+00
2.636357728454186145e-02 0.000000000000000000e+00
7.636357728454257199e-02 0.000000000000000000e+00
1.263635772845432825e-01 0.000000000000000000e+00
1.763635772845422167e-01 0.000000000000000000e+00
2.263635772845429273e-01 0.000000000000000000e+00
2.763635772845418614e-01 0.000000000000000000e+00
3.263635772845425720e-01 0.000000000000000000e+00
3.763635772845432825e-01 0.000000000000000000e+00
4.263635772845422167e-01 0.000000000000000000e+00
4.763635772845429273e-01 0.000000000000000000e+00
5.263635772845418614e-01 0.000000000000000000e+00
5.763635772845425720e-01 0.000000000000000000e+00
6.263635772845432825e-01 0.000000000000000000e+00
6.763635772845404404e-01 0.000000000000000000e+00
7.263635772845447036e-01 0.000000000000000000e+00
7.763635772845418614e-01 0.000000000000000000e+00
8.263635772845425720e-01 0.000000000000000000e+00
8.763635772845432825e-01 0.000000000000000000e+00
9.263635772845404404e-01 0.000000000000000000e+00
9.763635772845447036e-01 0.000000000000000000e+00
1.026363577284541861e+00 0.000000000000000000e+00
1.076363577284542572e+00 0.000000000000000000e+00
1.126363577284543283e+00 0.000000000000000000e+00
1.176363577284540440e+00 0.000000000000000000e+00
1.226363577284544704e+00 0.000000000000000000e+00
1.276363577284541861e+00 0.000000000000000000e+00
1.326363577284542572e+00 0.000000000000000000e+00
1.376363577284543283e+00 0.000000000000000000e+00
1.426363577284540440e+00 5.607748241999719788e-05
1.476363577284544704e+00 5.607748241999719788e-05
1.526363577284541861e+00 5.607748241999719788e-05
1.576363577284542572e+00 0.000000000000000000e+00
1.626363577284543283e+00 2.243099296799887915e-04
1.676363577284540440e+00 8.972397187199551661e-04
1.726363577284544704e+00 1.121549648399943876e-03
1.776363577284541861e+00 2.411331744059879312e-03
1.826363577284542572e+00 3.364648945199831629e-03
1.876363577284543283e+00 7.682615091539616442e-03
1.926363577284540440e+00 1.514092025339924298e-02
1.976363577284544704e+00 2.478624722963876370e-02
2.026363577284541861e+00 4.278711908645786710e-02
2.076363577284542572e+00 7.503167147795625214e-02
2.126363577284543283e+00 1.557832461627522147e-01
2.176363577284540440e+00 3.368013594145031209e-01
2.226363577284544704e+00 7.174553100814441420e-01
2.276363577284541861e+00 1.304586551018814822e+00
2.326363577284542572e+00 2.213153921187609452e+00
2.376363577284543283e+00 3.248344246660757495e+00
2.426363577284540440e+00 4.061804206645237336e+00
2.476363577284544704e+00 4.455019513374257834e+00
2.526363577284541861e+00 4.239738058363888840e+00
2.576363577284542572e+00 3.481626573527946356e+00
2.626363577284543283e+00 2.615734167480769923e+00
2.676363577284540440e+00 1.839397500858328094e+00
2.726363577284544704e+00 1.379618222496771240e+00
2.776363577284541861e+00 1.246546356714117731e+00
2.826363577284542572e+00 1.390272944156570656e+00
2.876363577284543283e+00 1.664155368295836768e+00
2.926363577284540440e+00 1.938822877188983274e+00
2.976363577284544704e+00 2.004153144208280057e+00
3.026363577284541861e+00 2.033089125136998465e+00
3.076363577284542572e+00 1.885381036442725922e+00
3.126363577284543283e+00 1.674585780025956483e+00
3.176363577284540440e+00 1.370701902791991333e+00
3.226363577284544704e+00 1.222376961791098893e+00
3.276363577284541861e+00 1.081622480916905937e+00
3.326363577284542572e+00 9.996372016188699305e-01
3.376363577284543283e+00 1.003899090282789786e+00
3.426363577284540440e+00 1.004067322730049838e+00
3.476363577284544704e+00 9.567940050499922355e-01
3.526363577284541861e+00 9.218577335023339092e-01
3.576363577284542572e+00 8.425080958780378770e-01
3.626363577284543283e+00 7.765609765521210850e-01
3.676363577284540440e+00 7.190815570716241334e-01
3.726363577284544704e+00 5.963279480542501565e-01
3.776363577284541861e+00 5.630179234967718216e-01
3.826363577284546125e+00 5.507930323292123953e-01
3.876363577284543283e+00 5.381195213022931245e-01
3.926363577284540440e+00 5.342501750153132445e-01
3.976363577284544704e+00 5.603822818230319580e-01
4.026363577284541861e+00 5.752988921467512284e-01
4.076363577284546125e+00 6.539195224995874023e-01
4.126363577284543283e+00 7.030433970995048076e-01
4.176363577284540440e+00 7.531766663829824182e-01
4.226363577284544704e+00 8.007864489575600153e-01
4.276363577284541861e+00 7.602985066503220590e-01
4.326363577284546125e+00 8.211986525584390462e-01
4.376363577284543283e+00 8.312365219116184534e-01
4.426363577284540440e+00 8.743601058925963843e-01
4.476363577284544704e+00 8.152544394219194412e-01
4.526363577284541861e+00 9.549995256125523024e-01
4.576363577284546125e+00 8.703786046407764321e-01
4.626363577284543283e+00 8.223202022068388795e-01
4.676363577284540440e+00 8.755377330234161981e-01
4.726363577284544704e+00 8.285448027554586092e-01
4.776363577284541861e+00 7.679811217418617275e-01
4.826363577284546125e+00 7.655137125153816946e-01
4.876363577284543283e+00 7.946740033737803577e-01
4.926363577284540440e+00 7.333252376063033040e-01
4.976363577284544704e+00 8.357787979876383222e-01
5.026363577284541861e+00 8.131234950899595137e-01
5.076363577284546125e+00 8.469942944716377653e-01
5.126363577284543283e+00 9.491113899584525671e-01
5.176363577284540440e+00 1.065752553392046664e+00
5.226363577284544704e+00 1.085603982168725778e+00
5.276363577284541861e+00 1.213236332156639508e+00
5.326363577284546125e+00 1.224171441228538937e+00
5.376363577284543283e+00 1.298193718022935039e+00
5.426363577284540440e+00 1.304306163606714808e+00
5.476363577284544704e+00 1.386235365422330723e+00
5.526363577284541861e+00 1.432835753313348448e+00
5.576363577284546125e+00 1.469454349333606746e+00
5.626363577284543283e+00 1.494072364115985430e+00
5.676363577284540440e+00 1.477865971696606273e+00
5.726363577284544704e+00 1.412760014606989412e+00
5.776363577284541861e+00 1.394198367925970405e+00
5.826363577284546125e+00 1.356514299739732365e+00
5.876363577284543283e+00 1.377150813270291208e+00
5.926363577284540440e+00 1.299147035224075264e+00
5.976363577284544704e+00 1.290455025448975501e+00
6.026363577284541861e+00 1.303801466264934650e+00
6.076363577284546125e+00 1.235218705265278327e+00
6.126363577284543283e+00 1.256920690961817133e+00
6.176363577284540440e+00 1.173645629568121240e+00
6.226363577284544704e+00 1.180655314870620920e+00
6.276363577284541861e+00 1.225909843183558667e+00
6.326363577284546125e+00 1.129176186009063887e+00
6.376363577284543283e+00 1.178692602985921045e+00
6.426363577284540440e+00 1.149812699539622729e+00
6.476363577284544704e+00 1.150261319398982351e+00
6.526363577284541861e+00 1.072762238694546344e+00
6.576363577284546125e+00 1.056387613827907357e+00
6.626363577284543283e+00 1.012422867610629496e+00
6.676363577284540440e+00 1.011525627891909584e+00
6.726363577284544704e+00 1.015843594038249309e+00
6.776363577284541861e+00 9.804026251488109356e-01
6.826363577284546125e+00 8.800239316170160864e-01
6.876363577284543283e+00 9.336340048105333800e-01
6.926363577284540440e+00 9.340265471874732439e-01
6.976363577284544704e+00 9.128853363151344658e-01
7.026363577284541861e+00 8.825474183259158778e-01
7.076363577284546125e+00 8.489009288739175485e-01
7.126363577284543283e+00 8.423959409131980269e-01
7.176363577284540440e+00 8.697617523341565349e-01
7.226363577284544704e+00 8.329749238666384059e-01
7.276363577284541861e+00 8.462652872001776849e-01
7.326363577284546125e+00 8.220398147947388656e-01
7.376363577284543283e+00 8.423398634307779353e-01
7.426363577284540440e+00 8.389191370031580108e-01
7.476363577284544704e+00 8.286008802378785898e-01
7.526363577284541861e+00 7.927112914890804829e-01
7.576363577284546125e+00 8.455923574111378072e-01
7.626363577284543283e+00 8.388069820383180497e-01
7.676363577284540440e+00 8.393677568625180774e-01
7.726363577284544704e+00 8.185069334022789800e-01
7.776363577284541861e+00 8.752012681288963147e-01
7.826363577284546125e+00 9.122124065260944770e-01
7.876363577284543283e+00 9.752995742485912611e-01
7.926363577284540440e+00 8.907347307592354824e-01
7.976363577284544704e+00 9.132218012096543491e-01
8.026363577284541861e+00 9.190538593813339929e-01
8.076363577284546125e+00 9.574108573566121327e-01
8.126363577284543283e+00 9.684020439109315426e-01
8.176363577284540440e+00 9.314469829961534719e-01
8.226363577284544704e+00 1.003562625388269902e+00
8.276363577284541861e+00 1.021227032350568997e+00
8.326363577284546125e+00 1.018367080747148989e+00
8.376363577284543283e+00 1.008833908735749629e+00
8.426363577284540440e+00 9.461953608726126896e-01
8.476363577284544704e+00 1.044443110072448055e+00
8.526363577284541861e+00 1.073435168483586555e+00
8.576363577284546125e+00 1.028292795135488547e+00
8.626363577284543283e+00 1.053471584742067479e+00
8.676363577284540440e+00 1.075061415473766324e+00
8.726363577284544704e+00 1.042200010775647723e+00
8.776363577284541861e+00 1.064743158708486792e+00
8.826363577284546125e+00 1.107810665207044742e+00
8.876363577284543283e+00 1.049377928525407677e+00
8.926363577284540440e+00 1.072425773800026239e+00
8.976363577284544704e+00 1.093342674742685539e+00
9.026363577284541861e+00 1.065920785839306717e+00
9.076363577284546125e+00 1.073379091001166463e+00
9.126363577284543283e+00 1.071360301634046497e+00
9.176363577284540440e+00 1.043377637906467870e+00
9.226363577284544704e+00 1.134054926979603417e+00
9.276363577284541861e+00 1.070743449327426600e+00
9.326363577284546125e+00 1.097660640889025263e+00
9.376363577284543283e+00 1.102763691789244938e+00
9.426363577284540440e+00 1.045396427273587836e+00
9.476363577284544704e+00 1.088407856289725473e+00
9.526363577284541861e+00 1.076295120087006119e+00
9.576363577284546125e+00 1.059696185290686987e+00
9.626363577284543283e+00 1.053976282083847416e+00
9.676363577284540440e+00 1.032049986457628465e+00
9.726363577284544704e+00 1.049041463630887572e+00
9.776363577284541861e+00 1.070463061915326364e+00
9.826363577284546125e+00 1.086389066922605728e+00
9.876363577284543283e+00 1.029638654713568746e+00
9.926363577284540440e+00 9.778791384399111442e-01
9.976363577284544704e+00 1.049434006007827547e+00
1.002636357728454186e+01 1.005525337272969777e+00
1.007636357728454612e+01 1.025937540873848697e+00
1.012636357728454328e+01 1.005637492237809738e+00
1.017636357728454044e+01 9.697479034890116312e-01
1.022636357728454470e+01 9.802343927015509939e-01
1.027636357728454186e+01 9.151284356119342434e-01
1.032636357728454612e+01 9.510180243607325723e-01
1.037636357728454328e+01 9.408119225602930014e-01
1.042636357728454044e+01 9.224185083265339369e-01
1.047636357728454470e+01 9.380641259217131767e-01
1.052636357728454186e+01 9.272972492970736891e-01
1.057636357728454612e+01 9.608876612666519268e-01
1.062636357728454328e+01 9.566818500851521634e-01
1.067636357728454044e+01 9.101375396765545300e-01
1.072636357728454470e+01 9.772062086508712664e-01
1.077636357728454186e+01 9.446251913648529008e-01
1.082636357728454612e+01 9.000996703233750118e-01
1.087636357728454328e+01 9.013333749366150283e-01
1.092636357728454044e+01 9.049223338114947834e-01
1.097636357728454470e+01 9.064925033192547943e-01
1.102636357728454186e+01 9.820288721389909270e-01
1.107636357728454612e+01 9.787763781586310552e-01
1.112636357728454328e+01 8.818744885368757780e-01
1.117636357728454044e+01 9.516348766673523585e-01
1.122636357728454470e+01 1.012422867610629496e+00
1.127636357728454186e+01 9.905526494668304149e-01
1.132636357728454612e+01 9.675608816746317231e-01
1.137636357728454328e+01 9.832064992698108519e-01
1.142636357728454044e+01 9.483263052045726171e-01
1.147636357728454470e+01 9.612241261611720322e-01
1.152636357728454186e+01 9.640280002821719485e-01
1.157636357728454612e+01 9.822531820686709603e-01
1.162636357728454328e+01 9.695235935593315979e-01
1.167636357728454044e+01 1.011918170268849337e+00
1.172636357728454470e+01 9.903283395371507147e-01
1.177636357728454186e+01 1.066761948075606758e+00
1.182636357728454612e+01 9.964968626033501309e-01
1.187636357728454328e+01 9.816924072444710436e-01
1.192636357728454044e+01 1.001207371126630052e+00
1.197636357728454470e+01 1.038218509523828104e+00
1.202636357728454186e+01 1.029582577231148655e+00
1.207636357728454612e+01 1.030872359326808541e+00
1.212636357728454328e+01 1.056443691310327226e+00
1.217636357728454044e+01 1.009282528595109696e+00
1.222636357728454470e+01 9.926275163163704729e-01
1.227636357728454186e+01 9.765332788618312776e-01
1.232636357728454612e+01 1.010740543138029635e+00
1.237636357728454328e+01 9.971697923923901197e-01
1.242636357728454044e+01 9.869076131095306792e-01
1.247636357728454470e+01 1.005357104825709724e+00
1.252636357728454186e+01 9.935247560350902729e-01
1.257636357728454612e+01 9.833747317170709046e-01
1.262636357728454328e+01 9.639158453173317653e-01
1.267636357728454044e+01 1.006030034614749713e+00
1.272636357728454470e+01 9.649813174833117291e-01
1.277636357728454186e+01 1.029919042125668538e+00
1.282636357728454612e+01 9.736172497759914002e-01
1.287636357728454328e+01 9.533732786223725331e-01
1.292636357728454044e+01 1.040854151197567967e+00
1.297636357728454470e+01 9.899357971602106288e-01
1.302636357728454186e+01 9.071654331082946721e-01
1.307636357728454612e+01 9.910012693261904815e-01
1.312636357728454328e+01 1.028292795135488547e+00
1.317636357728454044e+01 1.000590518820009933e+00
1.322636357728454470e+01 1.049658315937507469e+00
1.327636357728454186e+01 1.006702964403789702e+00
1.332636357728454612e+01 9.954313904373702782e-01
1.337636357728454328e+01 1.008385288876389563e+00
1.342636357728454044e+01 1.000702673784850116e+00
1.347636357728454470e+01 1.014049114600809265e+00
1.352636357728454186e+01 9.968894049802902169e-01
1.357636357728454612e+01 9.828139568928707659e-01
1.362636357728454328e+01 9.510741018431525529e-01
1.367636357728454044e+01 1.001599913503570027e+00
1.372636357728454470e+01 1.038050277076568051e+00
1.377636357728454186e+01 9.387370557107532765e-01
1.382636357728454612e+01 1.013656572223869290e+00
1.387636357728454328e+01 1.018142770817469289e+00
1.392636357728454044e+01 1.002216765810189925e+00
1.397636357728454470e+01 1.050050858314447666e+00
1.402636357728454186e+01 9.631868380458719070e-01
1.407636357728454612e+01 9.934686785526704034e-01
1.412636357728454328e+01 9.740658696353514667e-01
1.417636357728454044e+01 9.628503731513518016e-01
1.422636357728454470e+01 9.941416083417103922e-01
1.427636357728454186e+01 9.334096948808533467e-01
1.432636357728454612e+01 9.746827219419712529e-01
1.437636357728454328e+01 9.955435454022101283e-01
1.442636357728454044e+01 9.902161845723105316e-01
1.447636357728454470e+01 1.024984223672708916e+00
1.452636357728454186e+01 1.004179477694889799e+00
1.457636357728454612e+01 1.004123400212469708e+00
1.462636357728454328e+01 9.237643679046138034e-01
1.467636357728454044e+01 9.602708089600320296e-01
1.472636357728454470e+01 9.735050948111513280e-01
1.477636357728454186e+01 9.801783152191310133e-01
1.482636357728454612e+01 9.684020439109315426e-01
1.487636357728454328e+01 9.498964747123326280e-01
1.492636357728454044e+01 9.713180729967714200e-01
1.497636357728454470e+01 9.687945862878716285e-01
1.502636357728454186e+01 9.558406878488523439e-01
1.507636357728454612e+01 9.411483874548131068e-01
1.512636357728454328e+01 9.413726973844931400e-01
1.517636357728454044e+01 9.675048041922117426e-01
1.522636357728454470e+01 9.743462570474513695e-01
1.527636357728454186e+01 9.950949255428502838e-01
1.532636357728454612e+01 9.873001554864706542e-01
1.537636357728454328e+01 1.022068194586869039e+00
1.542636357728454044e+01 1.017469841028429300e+00
1.547636357728454470e+01 1.012815409987569470e+00
1.552636357728454186e+01 1.052966887400287321e+00
1.557636357728454612e+01 1.048312456359427713e+00
1.562636357728454328e+01 1.004011245247629747e+00
1.567636357728454044e+01 1.048929308666047611e+00
1.572636357728454470e+01 1.019937250254909111e+00
1.577636357728454186e+01 1.041863545881128061e+00
1.582636357728454612e+01 1.064238461366706856e+00
1.587636357728454328e+01 1.061714974657806954e+00
1.592636357728454044e+01 1.064799236190906884e+00
1.597636357728454470e+01 9.850570561896708766e-01
1.602636357728454186e+01 1.030479816949868344e+00
1.607636357728454612e+01 1.021002722420889075e+00
1.612636357728454328e+01 1.020722335008789061e+00
1.617636357728454044e+01 1.021787807174769025e+00
1.622636357728454470e+01 1.073098703589066449e+00
1.627636357728454186e+01 1.020385870114268956e+00
1.632636357728454612e+01 9.861786058380707098e-01
1.637636357728454328e+01 1.055882916486127199e+00
1.642636357728454044e+01 1.000422286372750103e+00
1.647636357728454470e+01 9.680095015339915676e-01
1.652636357728454186e+01 1.044891729931807678e+00
1.657636357728454612e+01 9.549434481301323219e-01
1.662636357728454328e+01 1.009450761042369527e+00
1.667636357728454755e+01 1.009675070972049449e+00
1.672636357728454470e+01 9.645326976239518846e-01
1.677636357728454186e+01 9.502329396068525114e-01
1.682636357728453902e+01 9.784959907465311524e-01
1.687636357728454328e+01 9.924032063866904396e-01
1.692636357728454755e+01 9.792249980179910107e-01
1.697636357728454470e+01 9.320638353027733691e-01
1.702636357728454186e+01 9.892628673711705289e-01
1.707636357728453902e+01 9.758603490727912888e-01
1.712636357728454328e+01 9.510741018431525529e-01
1.717636357728454755e+01 9.977866446990101279e-01
1.722636357728454470e+01 9.506815594662125779e-01
1.727636357728454186e+01 9.743462570474513695e-01
1.732636357728453902e+01 9.682338114636714899e-01
1.737636357728454328e+01 1.040461608820627992e+00
1.742636357728454755e+01 9.824214145159310130e-01
1.747636357728454470e+01 9.587567169346921103e-01
1.752636357728454186e+01 9.873562329688906347e-01
1.757636357728453902e+01 1.012310712645789312e+00
1.762636357728454328e+01 1.023077589270428911e+00
1.767636357728454755e+01 9.982913420407901750e-01
1.772636357728454470e+01 9.607194288193919851e-01
1.777636357728454186e+01 9.747948769068113251e-01
1.782636357728453902e+01 9.885338600997106706e-01
1.787636357728454328e+01 1.005749647202649699e+00
1.792636357728454755e+01 9.963286301560903002e-01
1.797636357728454470e+01 1.004908484966349658e+00
1.802636357728454186e+01 9.364939564139531658e-01
1.807636357728453902e+01 9.749070318716512862e-01
1.812636357728454328e+01 1.059864417737947040e+00
1.817636357728454755e+01 1.028348872617908638e+00
1.822636357728454470e+01 1.010796620620449504e+00
1.827636357728454186e+01 1.007319816710409599e+00
1.832636357728453902e+01 1.043601947836147792e+00
1.837636357728454328e+01 1.005693569720229830e+00
1.842636357728454755e+01 9.770940536860310832e-01
1.847636357728454470e+01 1.026498315698048724e+00
1.852636357728454186e+01 9.484945376518326698e-01
1.857636357728453902e+01 9.622895983271518849e-01
1.862636357728454328e+01 1.066032940804146678e+00
1.867636357728454755e+01 9.800100827718710716e-01
1.872636357728454470e+01 9.880291627579307345e-01
1.877636357728454186e+01 1.020217637667008903e+00
1.882636357728453902e+01 9.902722620547305121e-01
1.887636357728454328e+01 1.018815700606509056e+00
1.892636357728454755e+01 1.035414635402828409e+00
1.897636357728454470e+01 9.804587026312310272e-01
1.902636357728454186e+01 1.031096669256488463e+00
1.907636357728453902e+01 9.774305185805511886e-01
1.912636357728454328e+01 9.951510030252702643e-01
1.917636357728454755e+01 1.005805724685069791e+00
1.922636357728454470e+01 1.018591390676829134e+00
1.927636357728454186e+01 9.534854335872123832e-01
1.932636357728453902e+01 9.538218984817323776e-01
1.937636357728454328e+01 1.026834780592568830e+00
1.942636357728454755e+01 9.875244654161506874e-01
1.947636357728454470e+01 9.867954581446907181e-01
1.952636357728454186e+01 1.057901705853247165e+00
1.957636357728453902e+01 9.635793804228118820e-01
1.962636357728454328e+01 1.010067613348989646e+00
1.967636357728454755e+01 1.032891148693928507e+00
1.972636357728454470e+01 9.960482427439902864e-01
1.977636357728454186e+01 9.983474195232101556e-01
1.982636357728453902e+01 1.035134247990728174e+00
1.987636357728454328e+01 1.069005047372406647e+00
1.992636357728454755e+01 9.977305672165901473e-01
1.997636357728454470e+01 1.002497153222289938e+00
2.002636357728454186e+01 9.769818987211911221e-01
2.007636357728453902e+01 9.992446592419300666e-01
2.012636357728454328e+01 1.046125434545047916e+00
2.017636357728454755e+01 9.870758455567907319e-01
2.022636357728454470e+01 9.920667414921704452e-01
2.027636357728454186e+01 1.067154490452546511e+00
2.032636357728453902e+01 1.004291632659729760e+00
2.037636357728454328e+01 1.009114296147849643e+00
2.042636357728454755e+01 1.006366499509269818e+00
2.047636357728454470e+01 9.898236421953705566e-01
2.052636357728454186e+01 1.010011535866569554e+00
2.057636357728453902e+01 9.787203006762110746e-01
2.062636357728454328e+01 9.830382668225507992e-01
2.067636357728454755e+01 9.694114385944916368e-01
2.072636357728454470e+01 9.398586053591529987e-01
2.077636357728454186e+01 9.368864987908932518e-01
2.082636357728453902e+01 9.146237382701543073e-01
2.087636357728454328e+01 9.366061113787933490e-01
2.092636357728454755e+01 9.311105181016334775e-01
2.097636357728454470e+01 9.612802036435919018e-01
2.102636357728454186e+01 9.666075644734917205e-01
2.107636357728453902e+01 1.017077298651489325e+00
2.112636357728454328e+01 9.756921166255314581e-01
2.117636357728454755e+01 9.571304699445122299e-01
2.122636357728454470e+01 9.792810755004111023e-01
2.127636357728454186e+01 1.010348000761089438e+00
2.132636357728453902e+01 9.687385088054516480e-01
2.137636357728454328e+01 9.658224797196117706e-01
2.142636357728454755e+01 1.001936378398089911e+00
2.147636357728454470e+01 9.735050948111513280e-01
2.152636357728454186e+01 9.611119711963320711e-01
2.157636357728453902e+01 1.098950422984685149e+00
2.162636357728454328e+01 9.935247560350902729e-01
2.167636357728454755e+01 1.007263739227989729e+00
2.172636357728454470e+01 9.899918746426306093e-01
2.177636357728454186e+01 1.062612214376526865e+00
2.182636357728453902e+01 1.033676233447808457e+00
2.187636357728454328e+01 1.041751390916288100e+00
2.192636357728454755e+01 9.699161359362715729e-01
2.197636357728454470e+01 1.010796620620449504e+00
2.202636357728454186e+01 1.056275458863067174e+00
2.207636357728453902e+01 1.048536766289107858e+00
2.212636357728454328e+01 1.019376475430709084e+00
2.217636357728454755e+01 1.055266064179507302e+00
2.222636357728454470e+01 1.059976572702787001e+00
2.227636357728454186e+01 1.031769599045528674e+00
2.232636357728453902e+01 9.991885817595101971e-01
2.237636357728454328e+01 1.014834199354689437e+00
2.242636357728454755e+01 1.084874974897265920e+00
2.247636357728454470e+01 1.041583158469028048e+00
2.252636357728454186e+01 1.030591971914708527e+00
2.257636357728453902e+01 1.072369696317606369e+00
2.262636357728454328e+01 1.013600494741449420e+00
2.267636357728454755e+01 1.023526209129788977e+00
2.272636357728454470e+01 9.791128430531510496e-01
2.277636357728454186e+01 1.001768145950829858e+00
2.282636357728453902e+01 1.001936378398089911e+00
2.287636357728454328e+01 9.745144894947113112e-01
2.292636357728454755e+01 9.838233515764307491e-01
2.297636357728454470e+01 9.868515356271106986e-01
2.302636357728454186e+01 9.717106153737115060e-01
2.307636357728454612e+01 9.294842711114535971e-01
2.312636357728454328e+01 9.306058207598535414e-01
2.317636357728454755e+01 9.050344887763348556e-01
2.322636357728454470e+01 9.546069832356123275e-01
2.327636357728454186e+01 9.810755549378509244e-01
2.332636357728454612e+01 9.271290168498136364e-01
2.337636357728454328e+01 9.395221404646331154e-01
2.342636357728454755e+01 9.085112926863745386e-01
2.347636357728454470e+01 9.860664508732308597e-01
2.352636357728454186e+01 9.250541500002738005e-01
2.357636357728454612e+01 9.592614142764721574e-01
2.362636357728454328e+01 9.560649977785322662e-01
2.367636357728454755e+01 9.603829639248719907e-01
2.372636357728454470e+01 9.566818500851521634e-01
2.377636357728454186e+01 9.927396712812104340e-01
2.382636357728454612e+01 9.882534726876106568e-01
2.387636357728454328e+01 9.114273217722145271e-01
2.392636357728454755e+01 9.682338114636714899e-01
2.397636357728454470e+01 9.663832545438116872e-01
2.402636357728454186e+01 9.837672740940108795e-01
2.407636357728454612e+01 9.272972492970736891e-01
2.412636357728454328e+01 9.562893077082122995e-01
2.417636357728454755e+01 9.322881452324534024e-01
2.422636357728454470e+01 9.822531820686709603e-01
2.427636357728454186e+01 9.830943443049708907e-01
2.432636357728454612e+01 1.000646596302430025e+00
2.437636357728454328e+01 9.787203006762110746e-01
2.442636357728454755e+01 9.963286301560903002e-01
2.447636357728454470e+01 9.678973465691516065e-01
2.452636357728454186e+01 1.014946354319529398e+00
2.457636357728454612e+01 9.795053854300911356e-01
2.462636357728454328e+01 1.022404659481388922e+00
2.467636357728454755e+01 1.037096959875428048e+00
2.472636357728454470e+01 1.016011826485509140e+00
2.477636357728454186e+01 1.048144223912167661e+00
2.482636357728454612e+01 1.005413182308129816e+00
2.487636357728454328e+01 1.018142770817469289e+00
2.492636357728454755e+01 1.063845918989766881e+00
2.497636357728454470e+01 1.037882044629307998e+00
2.502636357728454186e+01 1.000254053925490050e+00
2.507636357728454612e+01 1.038050277076568051e+00
2.512636357728454328e+01 1.101529987176005143e+00
2.517636357728454755e+01 1.012535022575469457e+00
2.522636357728454470e+01 1.036424030086388282e+00
2.527636357728454186e+01 1.029358267301468732e+00
2.532636357728454612e+01 1.050723788103487433e+00
2.537636357728454328e+01 1.079547614067366101e+00
2.542636357728454755e+01 1.055266064179507302e+00
2.547636357728454470e+01 1.006590809438949741e+00
2.552636357728454186e+01 1.097380253476925249e+00
2.557636357728454612e+01 1.039676524066748042e+00
2.562636357728454328e+01 1.026274005768368802e+00
2.567636357728454755e+01 1.021675652209928842e+00
2.572636357728454470e+01 1.078089599524445941e+00
2.577636357728454186e+01 1.051957492716727449e+00
2.582636357728454612e+01 1.060761657456667173e+00
2.587636357728454328e+01 1.022068194586869039e+00
2.592636357728454755e+01 1.045676814685687850e+00
2.597636357728454470e+01 9.865150707325908153e-01
2.602636357728454186e+01 1.065135701085426989e+00
2.607636357728454612e+01 1.079323304137686179e+00
2.612636357728454328e+01 1.018927855571349239e+00
2.617636357728454755e+01 1.029638654713568746e+00
2.622636357728454470e+01 1.020610180043949100e+00
2.627636357728454186e+01 1.018198848299889159e+00
2.632636357728454612e+01 1.049097541113307663e+00
2.637636357728454328e+01 1.003730857835529733e+00
2.642636357728454755e+01 1.069005047372406647e+00
2.647636357728454470e+01 9.884777826172906900e-01
2.652636357728454186e+01 9.380641259217131767e-01
2.657636357728454612e+01 9.461953608726126896e-01
2.662636357728454328e+01 9.324003001972934745e-01
2.667636357728454755e+01 9.532611236575323499e-01
2.672636357728454470e+01 9.035764742334149169e-01
2.677636357728454186e+01 8.990341981573950481e-01
2.682636357728454612e+01 8.972397187199552260e-01
2.687636357728454328e+01 9.336900822929532495e-01
2.692636357728454755e+01 9.221381209144340341e-01
2.697636357728454470e+01 8.874822367788757216e-01
2.702636357728454186e+01 8.265260133883387539e-01
2.707636357728454612e+01 8.500224785223176038e-01
2.712636357728454328e+01 8.708272245001364986e-01
2.717636357728454755e+01 8.748087257519563398e-01
2.722636357728454470e+01 8.970714862726951733e-01
2.727636357728454186e+01 8.857999123062758606e-01
2.732636357728454612e+01 8.270307107301186900e-01
2.737636357728454328e+01 9.012772974541949367e-01
2.742636357728454755e+01 8.913515830658556016e-01
2.747636357728454470e+01 8.542282897038173672e-01
2.752636357728454186e+01 9.373911961326731879e-01
2.757636357728454612e+01 9.134461111393343824e-01
2.762636357728454328e+01 9.015576848662951726e-01
2.767636357728454755e+01 9.442887264703327954e-01
2.772636357728454470e+01 9.466439807319726452e-01
2.777636357728454186e+01 9.699161359362715729e-01
2.782636357728454612e+01 1.041863545881128061e+00
2.787636357728454328e+01 9.626260632216718793e-01
2.792636357728454755e+01 1.055378219144347263e+00
2.797636357728454470e+01 1.082687953082886123e+00
2.802636357728454186e+01 1.093791294602045383e+00
2.807636357728454612e+01 1.105399333462984801e+00
2.812636357728454328e+01 1.146167663182322771e+00
2.817636357728454755e+01 1.206338801818979789e+00
2.822636357728454470e+01 1.141344999694203111e+00
2.827636357728454186e+01 1.216040206277639202e+00
2.832636357728454612e+01 1.190132409399600633e+00
2.837636357728454328e+01 1.188618317374260824e+00
2.842636357728454755e+01 1.243798560075537907e+00
2.847636357728454470e+01 1.238302966798378257e+00
2.852636357728454186e+01 1.239368438964357999e+00
2.857636357728454612e+01 1.277501127009956328e+00
2.862636357728454328e+01 1.278286211763836278e+00
2.867636357728454755e+01 1.306156720526574722e+00
2.872636357728454470e+01 1.433452605619968345e+00
2.877636357728454186e+01 1.401432363158150007e+00
2.882636357728454612e+01 1.437658416801468109e+00
2.887636357728454328e+01 1.400815510851529888e+00
2.892636357728454755e+01 1.481286698124226309e+00
2.897636357728454470e+01 1.428461709684588632e+00
2.902636357728454186e+01 1.385113815773930668e+00
2.907636357728454612e+01 1.246658511678957693e+00
2.912636357728454328e+01 1.262304129274136821e+00
2.917636357728454755e+01 1.217946840679919429e+00
2.922636357728454470e+01 1.059527952843426934e+00
2.927636357728454186e+01 1.035919332744608123e+00
2.932636357728454612e+01 9.855056760490308321e-01
2.937636357728454328e+01 8.744722608574363454e-01
2.942636357728454755e+01 8.684719702384967599e-01
2.947636357728454470e+01 7.558683855391422624e-01
2.952636357728454186e+01 7.679811217418617275e-01
2.957636357728454612e+01 7.688222839781615470e-01
2.962636357728454328e+01 7.588404921074021203e-01
2.967636357728454755e+01 7.151000558198041812e-01
2.972636357728454470e+01 6.993983607422050719e-01
2.977636357728454186e+01 7.580554073535221704e-01
2.982636357728454612e+01 7.462791360453225886e-01
2.987636357728454328e+01 7.877764730361205281e-01
2.992636357728454755e+01 8.007303714751400348e-01
2.997636357728454470e+01 8.963424790012352039e-01
3.002636357728454186e+01 7.935524537253803024e-01
3.007636357728454612e+01 8.338721635853583170e-01
3.012636357728454328e+01 8.831642706325359971e-01
3.017636357728454755e+01 9.192781693110140262e-01
3.022636357728454470e+01 9.197267891703740927e-01
3.027636357728454186e+01 8.944358445989553097e-01
3.032636357728454612e+01 9.200632540648940871e-01
3.037636357728454328e+01 8.407696939230180355e-01
3.042636357728454755e+01 8.377975873547582886e-01
3.047636357728454470e+01 8.105439308986395197e-01
3.052636357728454186e+01 8.156469817988591942e-01
3.057636357728454612e+01 7.583357947656220732e-01
3.062636357728454328e+01 7.520551167345823629e-01
3.067636357728454755e+01 7.036602494061249269e-01
3.072636357728454470e+01 7.405031553560630364e-01
3.077636357728454186e+01 7.641117754548819585e-01
3.082636357728454612e+01 7.754955043861412323e-01
3.087636357728454328e+01 8.897253360756756102e-01
3.092636357728454755e+01 1.024591681295768719e+00
3.097636357728454470e+01 1.037825967146888351e+00
3.102636357728454186e+01 1.127325629089203751e+00
3.107636357728454612e+01 1.058574635642287154e+00
3.112636357728454328e+01 1.036311875121548098e+00
3.117636357728454755e+01 1.050331245726547680e+00
3.122636357728454470e+01 1.102763691789244938e+00
3.127636357728454186e+01 1.204936864758479942e+00
3.132636357728454612e+01 1.262135896826876991e+00
3.137636357728454328e+01 1.406142871681429707e+00
3.142636357728454755e+01 1.594563212612620573e+00
3.147636357728454470e+01 1.727018226088653741e+00
3.152636357728454186e+01 1.695558758451035430e+00
3.157636357728454612e+01 1.515550039882844313e+00
3.162636357728454328e+01 1.278510521693516200e+00
3.167636357728454755e+01 1.120540253716384216e+00
3.172636357728454470e+01 1.151270714082542446e+00
3.177636357728454186e+01 1.284174347417935902e+00
3.182636357728454612e+01 1.677109266734856385e+00
3.187636357728454328e+01 2.433482349615778695e+00
3.192636357728454755e+01 3.325338630023413344e+00
3.197636357728454470e+01 4.157696701583431853e+00
3.202636357728454186e+01 4.560893800183212221e+00
3.207636357728454612e+01 4.066290405238836669e+00
3.212636357728454328e+01 3.235614658151418244e+00
3.217636357728454755e+01 2.198910240652930170e+00
3.222636357728454470e+01 1.364981999585151762e+00
3.227636357728454186e+01 7.268763271280036520e-01
3.232636357728454612e+01 3.785790838174011297e-01
3.237636357728454328e+01 1.838780648551708030e-01
3.242636357728454755e+01 9.275215592267535558e-02
3.247636357728454470e+01 6.101230087295696214e-02
3.252636357728454186e+01 4.183380188531790611e-02
3.257636357728454612e+01 2.798266372757860290e-02
3.262636357728454328e+01 2.041220360087898228e-02
3.267636357728454755e+01 1.491661032371925481e-02
3.272636357728454470e+01 9.364939564139532907e-03
3.277636357728454186e+01 5.383438312319731647e-03
3.282636357728454612e+01 3.252493980359837111e-03
3.287636357728454328e+01 2.972106568259851467e-03
3.292636357728454755e+01 1.738401955019913290e-03
3.297636357728454470e+01 7.850847538799608652e-04
3.302636357728454186e+01 3.364648945199832280e-04
3.307636357728454612e+01 6.729297890399664559e-04
3.312636357728454328e+01 3.925423769399804326e-04
3.317636357728454755e+01 1.682324472599916140e-04
3.322636357728454470e+01 2.243099296799887915e-04
3.327636357728454186e+01 5.607748241999719788e-05
3.332636357728454612e+01 5.607748241999719788e-05
3.337636357728454328e+01 0.000000000000000000e+00
3.342636357728454755e+01 5.607748241999719788e-05
3.347636357728454470e+01 0.000000000000000000e+00
3.352636357728454186e+01 0.000000000000000000e+00
3.357636357728454612e+01 0.000000000000000000e+00
3.362636357728454328e+01 0.000000000000000000e+00
3.367636357728454755e+01 0.000000000000000000e+00
3.372636357728454470e+01 0.000000000000000000e+00
3.377636357728454186e+01 0.000000000000000000e+00
3.382636357728454612e+01 0.000000000000000000e+00
3.387636357728454328e+01 0.000000000000000000e+00
3.392636357728454755e+01 0.000000000000000000e+00
3.397636357728454470e+01 0.000000000000000000e+00
3.402636357728454186e+01 0.000000000000000000e+00
3.407636357728454612e+01 0.000000000000000000e+00
3.412636357728454328e+01 0.000000000000000000e+00
3.417636357728454755e+01 0.000000000000000000e+00
3.422636357728454470e+01 0.000000000000000000e+00
3.427636357728454186e+01 0.000000000000000000e+00
3.432636357728454612e+01 0.000000000000000000e+00
3.437636357728454328e+01 0.000000000000000000e+00
3.442636357728454755e+01 0.000000000000000000e+00
3.447636357728454470e+01 0.000000000000000000e+00
3.452636357728454186e+01 0.000000000000000000e+00
3.457636357728454612e+01 0.000000000000000000e+00
