-9.873570059659469322e+00 1.288202753749113807e-04
-9.823570059659470388e+00 1.030562202999290937e-04
-9.773570059659469678e+00 1.030562202999290937e-04
-9.723570059659468967e+00 2.576405507498227344e-05
-9.673570059659470033e+00 7.729216522494683386e-05
-9.623570059659469322e+00 2.576405507498227344e-05
-9.573570059659470388e+00 2.576405507498227344e-05
-9.523570059659469678e+00 0.000000000000000000e+00
-9.473570059659468967e+00 0.000000000000000000e+00
-9.423570059659470033e+00 0.000000000000000000e+00
-9.373570059659469322e+00 0.000000000000000000e+00
-9.323570059659470388e+00 0.000000000000000000e+00
-9.273570059659469678e+00 0.000000000000000000e+00
-9.223570059659468967e+00 0.000000000000000000e+00
-9.173570059659470033e+00 0.000000000000000000e+00
-9.123570059659469322e+00 0.000000000000000000e+00
-9.073570059659470388e+00 0.000000000000000000e+00
-9.023570059659469678e+00 0.000000000000000000e+00
-8.973570059659468967e+00 0.000000000000000000e+00
-8.923570059659470033e+00 0.000000000000000000e+00
-8.873570059659469322e+00 0.000000000000000000e+00
-8.823570059659470388e+00 0.000000000000000000e+00
-8.773570059659469678e+00 0.000000000000000000e+00
-8.723570059659468967e+00 0.000000000000000000e+00
-8.673570059659470033e+00 0.000000000000000000e+00
-8.623570059659469322e+00 0.000000000000000000e+00
-8.573570059659470388e+00 0.000000000000000000e+00
-8.523570059659469678e+00 0.000000000000000000e+00
-8.473570059659468967e+00 0.000000000000000000e+00
-8.423570059659470033e+00 0.000000000000000000e+00
-8.373570059659469322e+00 0.000000000000000000e+00
-8.323570059659470388e+00 0.000000000000000000e+00
-8.273570059659469678e+00 0.000000000000000000e+00
-8.223570059659468967e+00 0.000000000000000000e+00
-8.173570059659470033e+00 0.000000000000000000e+00
-8.123570059659469322e+00 0.000000000000000000e+00
-8.073570059659470388e+00 0.000000000000000000e+00
-8.023570059659469678e+00 0.000000000000000000e+00
-7.973570059659468967e+00 0.000000000000000000e+00
-7.923570059659470033e+00 0.000000000000000000e+00
-7.873570059659469322e+00 0.000000000000000000e+00
-7.823570059659469500e+00 0.000000000000000000e+00
-7.773570059659469678e+00 0.000000000000000000e+00
-7.723570059659469855e+00 0.000000000000000000e+00
-7.673570059659470033e+00 0.000000000000000000e+00
-7.623570059659469322e+00 0.000000000000000000e+00
-7.573570059659469500e+00 0.000000000000000000e+00
-7.523570059659469678e+00 0.000000000000000000e+00
-7.473570059659468967e+00 0.000000000000000000e+00
-7.423570059659470033e+00 0.000000000000000000e+00
-7.373570059659469322e+00 0.000000000000000000e+00
-7.323570059659469500e+00 0.000000000000000000e+00
-7.273570059659469678e+00 0.000000000000000000e+00
-7.223570059659468967e+00 0.000000000000000000e+00
-7.173570059659470033e+00 0.000000000000000000e+00
-7.123570059659469322e+00 0.000000000000000000e+00
-7.073570059659469500e+00 0.000000000000000000e+00
-7.023570059659469678e+00 0.000000000000000000e+00
-6.973570059659468967e+00 0.000000000000000000e+00
-6.923570059659470033e+00 0.000000000000000000e+00
-6.873570059659469322e+00 0.000000000000000000e+00
-6.823570059659469500e+00 0.000000000000000000e+00
-6.773570059659469678e+00 0.000000000000000000e+00
-6.723570059659468967e+00 0.000000000000000000e+00
-6.673570059659470033e+00 0.000000000000000000e+00
-6.623570059659469322e+00 0.000000000000000000e+00
-6.573570059659469500e+00 0.000000000000000000e+00
-6.523570059659469678e+00 0.000000000000000000e+00
-6.473570059659468967e+00 0.000000000000000000e+00
-6.423570059659470033e+00 0.000000000000000000e+00
-6.373570059659469322e+00 0.000000000000000000e+00
-6.323570059659469500e+00 0.000000000000000000e+00
-6.273570059659469678e+00 0.000000000000000000e+00
-6.223570059659468967e+00 0.000000000000000000e+00
-6.173570059659470033e+00 0.000000000000000000e+00
-6.123570059659469322e+00 0.000000000000000000e+00
-6.073570059659469500e+00 0.000000000000000000e+00
-6.023570059659469678e+00 0.000000000000000000e+00
-5.973570059659468967e+00 0.000000000000000000e+00
-5.923570059659470033e+00 0.000000000000000000e+00
-5.873570059659469322e+00 0.000000000000000000e+00
-5.823570059659469500e+00 0.000000000000000000e+00
-5.773570059659469678e+00 0.000000000000000000e+00
-5.723570059659468967e+00 0.000000000000000000e+00
-5.673570059659470033e+00 0.000000000000000000e+00
-5.623570059659469322e+00 0.000000000000000000e+00
-5.573570059659469500e+00 0.000000000000000000e+00
-5.523570059659469678e+00 0.000000000000000000e+00
-5.473570059659468967e+00 0.000000000000000000e+00
-5.423570059659470033e+00 0.000000000000000000e+00
-5.373570059659469322e+00 0.000000000000000000e+00
-5.323570059659469500e+00 0.000000000000000000e+00
-5.273570059659469678e+00 0.000000000000000000e+00
-5.223570059659468967e+00 0.000000000000000000e+00
-5.173570059659470033e+00 0.000000000000000000e+00
-5.123570059659469322e+00 0.000000000000000000e+00
-5.073570059659468612e+00 0.000000000000000000e+00
-5.023570059659469678e+00 0.000000000000000000e+00
-4.973570059659468967e+00 0.000000000000000000e+00
-4.923570059659470033e+00 0.000000000000000000e+00
-4.873570059659469322e+00 0.000000000000000000e+00
-4.823570059659468612e+00 0.000000000000000000e+00
-4.773570059659469678e+00 0.000000000000000000e+00
-4.723570059659468967e+00 0.000000000000000000e+00
-4.673570059659470033e+00 0.000000000000000000e+00
-4.623570059659469322e+00 0.000000000000000000e+00
-4.573570059659468612e+00 0.000000000000000000e+00
-4.523570059659469678e+00 0.000000000000000000e+00
-4.473570059659468967e+00 0.000000000000000000e+00
-4.423570059659470033e+00 0.000000000000000000e+00
-4.373570059659469322e+00 0.000000000000000000e+00
-4.323570059659468612e+00 0.000000000000000000e+00
-4.273570059659469678e+00 0.000000000000000000e+00
-4.223570059659468967e+00 0.000000000000000000e+00
-4.173570059659470033e+00 0.000000000000000000e+00
-4.123570059659469322e+00 0.000000000000000000e+00
-4.073570059659468612e+00 0.000000000000000000e+00
-4.023570059659469678e+00 0.000000000000000000e+00
-3.973570059659468967e+00 0.000000000000000000e+00
-3.923570059659470033e+00 0.000000000000000000e+00
-3.873570059659469322e+00 0.000000000000000000e+00
-3.823570059659468612e+00 0.000000000000000000e+00
-3.773570059659469678e+00 0.000000000000000000e+00
-3.723570059659468967e+00 0.000000000000000000e+00
-3.673570059659470033e+00 0.000000000000000000e+00
-3.623570059659469322e+00 0.000000000000000000e+00
-3.573570059659468612e+00 0.000000000000000000e+00
-3.523570059659469678e+00 0.000000000000000000e+00
-3.473570059659468967e+00 0.000000000000000000e+00
-3.423570059659470033e+00 0.000000000000000000e+00
-3.373570059659469322e+00 0.000000000000000000e+00
-3.323570059659468612e+00 0.000000000000000000e+00
-3.273570059659469678e+00 0.000000000000000000e+00
-3.223570059659468967e+00 0.000000000000000000e+00
-3.173570059659470033e+00 0.000000000000000000e+00
-3.123570059659469322e+00 0.000000000000000000e+00
-3.073570059659468612e+00 0.000000000000000000e+00
-3.023570059659469678e+00 0.000000000000000000e+00
-2.973570059659468967e+00 0.000000000000000000e+00
-2.923570059659470033e+00 0.000000000000000000e+00
-2.873570059659469322e+00 0.000000000000000000e+00
-2.823570059659468612e+00 0.000000000000000000e+00
-2.773570059659469678e+00 0.000000000000000000e+00
-2.723570059659468967e+00 0.000000000000000000e+00
-2.673570059659470033e+00 0.000000000000000000e+00
-2.623570059659469322e+00 0.000000000000000000e+00
-2.573570059659468612e+00 0.000000000000000000e+00
-2.523570059659469678e+00 0.000000000000000000e+00
-2.473570059659468967e+00 0.000000000000000000e+00
-2.423570059659470033e+00 0.000000000000000000e+00
-2.373570059659469322e+00 0.000000000000000000e+00
-2.323570059659468612e+00 0.000000000000000000e+00
-2.273570059659469678e+00 0.000000000000000000e+00
-2.223570059659468967e+00 0.000000000000000000e+00
-2.173570059659470033e+00 0.000000000000000000e+00
-2.123570059659469322e+00 0.000000000000000000e+00
-2.073570059659468612e+00 0.000000000000000000e+00
-2.023570059659469678e+00 0.000000000000000000e+00
-1.973570059659468967e+00 0.000000000000000000e+00
-1.923570059659470033e+00 0.000000000000000000e+00
-1.873570059659469322e+00 0.000000000000000000e+00
-1.823570059659470388e+00 0.000000000000000000e+00
-1.773570059659469678e+00 0.000000000000000000e+00
-1.723570059659468967e+00 0.000000000000000000e+00
-1.673570059659468257e+00 0.000000000000000000e+00
-1.623570059659469322e+00 0.000000000000000000e+00
-1.573570059659470388e+00 0.000000000000000000e+00
-1.523570059659469678e+00 0.000000000000000000e+00
-1.473570059659468967e+00 0.000000000000000000e+00
-1.423570059659468257e+00 0.000000000000000000e+00
-1.373570059659469322e+00 0.000000000000000000e+00
-1.323570059659470388e+00 0.000000000000000000e+00
-1.273570059659469678e+00 0.000000000000000000e+00
-1.223570059659468967e+00 0.000000000000000000e+00
-1.173570059659468257e+00 0.000000000000000000e+00
-1.123570059659469322e+00 0.000000000000000000e+00
-1.073570059659470388e+00 0.000000000000000000e+00
-1.023570059659469678e+00 0.000000000000000000e+00
-9.735700596594689671e-01 0.000000000000000000e+00
-9.235700596594682565e-01 0.000000000000000000e+00
-8.735700596594693224e-01 0.000000000000000000e+00
-8.235700596594703882e-01 0.000000000000000000e+00
-7.735700596594696776e-01 0.000000000000000000e+00
-7.235700596594689671e-01 0.000000000000000000e+00
-6.735700596594682565e-01 0.000000000000000000e+00
-6.235700596594693224e-01 0.000000000000000000e+00
-5.735700596594703882e-01 0.000000000000000000e+00
-5.235700596594696776e-01 0.000000000000000000e+00
-4.735700596594689671e-01 0.000000000000000000e+00
-4.235700596594682565e-01 0.000000000000000000e+00
-3.735700596594693224e-01 0.000000000000000000e+00
-3.235700596594686118e-01 0.000000000000000000e+00
-2.735700596594696776e-01 0.000000000000000000e+00
-2.235700596594689671e-01 0.000000000000000000e+00
-1.735700596594682565e-01 0.000000000000000000e+00
-1.235700596594693224e-01 0.000000000000000000e+00
-7.357005965946861181e-02 0.000000000000000000e+00
-2.357005965946967763e-02 2.576405507498227344e-05
2.642994034053103292e-02 0.000000000000000000e+00
7.642994034053174346e-02 0.000000000000000000e+00
1.264299403405306776e-01 0.000000000000000000e+00
1.764299403405313882e-01 2.576405507498227344e-05
2.264299403405303224e-01 0.000000000000000000e+00
2.764299403405310329e-01 5.152811014996454687e-05
3.264299403405317435e-01 5.152811014996454687e-05
3.764299403405306776e-01 1.288202753749113807e-04
4.264299403405313882e-01 3.606967710497518552e-04
4.764299403405303224e-01 4.122248811997163750e-04
5.264299403405310329e-01 5.152811014996455229e-04
5.764299403405317435e-01 7.471575971744859974e-04
6.264299403405306776e-01 9.790340928493264719e-04
6.764299403405313882e-01 1.391258974049042630e-03
7.264299403405303224e-01 2.215708736448476247e-03
7.764299403405310329e-01 3.813080151097376740e-03
8.264299403405317435e-01 5.204339125146419803e-03
8.764299403405306776e-01 9.841869038643230594e-03
9.264299403405313882e-01 2.086888461073563988e-02
9.764299403405303224e-01 3.944476831979786685e-02
1.026429940340531033e+00 6.920225193140240594e-02
1.076429940340531743e+00 1.091107732425499466e-01
1.126429940340530678e+00 1.513122954553708932e-01
1.176429940340531388e+00 1.916330416477181608e-01
1.226429940340530322e+00 2.127080386990536920e-01
1.276429940340531033e+00 2.145888147195273987e-01
1.326429940340531743e+00 1.959098747901652504e-01
1.376429940340530678e+00 1.659720427930358178e-01
1.426429940340531388e+00 1.531157793106196485e-01
1.476429940340530322e+00 1.547131507252685612e-01
1.526429940340531033e+00 1.740361920315052768e-01
1.576429940340531743e+00 2.053652830026837517e-01
1.626429940340530678e+00 2.689509709277399518e-01
1.676429940340531388e+00 3.730119893755934335e-01
1.726429940340530322e+00 6.259119539916193631e-01
1.776429940340531033e+00 1.200914135155073836e+00
1.826429940340531743e+00 2.090340844453612235e+00
1.876429940340530678e+00 3.425279594108743719e+00
1.926429940340531388e+00 4.951284576199943999e+00
1.976429940340530322e+00 6.303124545984264415e+00
2.026429940340531033e+00 7.103897141769786927e+00
2.076429940340531743e+00 6.982136217485420460e+00
2.126429940340530678e+00 6.200145617849559088e+00
2.176429940340531388e+00 4.882391492929441412e+00
2.226429940340530322e+00 3.329025084348609553e+00
2.276429940340531033e+00 2.051540177510688956e+00
2.326429940340531743e+00 1.168580246035971104e+00
2.376429940340530678e+00 5.961802344350898286e-01
2.426429940340531388e+00 3.288523989770737455e-01
2.476429940340530322e+00 1.462883047157493566e-01
2.526429940340531033e+00 9.241566555396144023e-02
2.576429940340531743e+00 6.904766760095250311e-02
2.626429940340530678e+00 6.688348697465398840e-02
2.676429940340531388e+00 8.566548312431607193e-02
2.726429940340530322e+00 1.033911530159038750e-01
2.776429940340531033e+00 1.244661500672393784e-01
2.826429940340531743e+00 1.418053591327024798e-01
2.876429940340530678e+00 1.462883047157493566e-01
2.926429940340531388e+00 1.406975047644782040e-01
2.976429940340530322e+00 1.220185648351160557e-01
3.026429940340531033e+00 1.033911530159038750e-01
3.076429940340531743e+00 8.381047115891732124e-02
3.126429940340530678e+00 7.368519751444932431e-02
3.176429940340531388e+00 6.386909253088106364e-02
3.226429940340530322e+00 6.422978930193082303e-02
3.276429940340531033e+00 7.528256892909822307e-02
3.326429940340531743e+00 8.746896697956485500e-02
3.376429940340530678e+00 1.204984855856920944e-01
3.426429940340531388e+00 1.408005609847781392e-01
3.476429940340530322e+00 1.821003412699747637e-01
3.526429940340531033e+00 2.278830671382182094e-01
3.576429940340531743e+00 3.092201890099373074e-01
3.626429940340530678e+00 3.722133036682689911e-01
3.676429940340531388e+00 4.464653103943678758e-01
3.726429940340530322e+00 5.417665501167272524e-01
3.776429940340531033e+00 6.552314486669492677e-01
3.826429940340531743e+00 7.857263876217345233e-01
3.876429940340530678e+00 8.594373491912588037e-01
3.926429940340531388e+00 9.360081208741061198e-01
3.976429940340530322e+00 9.975069203380887428e-01
4.026429940340531033e+00 1.104015524018065575e+00
4.076429940340531743e+00 1.176077586062791003e+00
4.126429940340530678e+00 1.227786044598280446e+00
4.176429940340531388e+00 1.261794597297256848e+00
4.226429940340530322e+00 1.401899528795010674e+00
4.276429940340531033e+00 1.566119615842947788e+00
4.326429940340531743e+00 1.732581175682408103e+00
4.376429940340530678e+00 1.924600678156251021e+00
4.426429940340531388e+00 2.159955321266214145e+00
4.476429940340530322e+00 2.289960743174574542e+00
4.526429940340531033e+00 2.500633421522704847e+00
4.576429940340531743e+00 2.615463814991900726e+00
4.626429940340530678e+00 2.515061292364694889e+00
4.676429940340531388e+00 2.386472893485458435e+00
4.726429940340530322e+00 2.222020929941846745e+00
4.776429940340531033e+00 1.985584196518733968e+00
4.826429940340531743e+00 1.679481458172869424e+00
4.876429940340530678e+00 1.435624676888162199e+00
4.926429940340531388e+00 1.277304558452396543e+00
4.976429940340530322e+00 1.077942300282183519e+00
5.026429940340531033e+00 9.327876139897334218e-01
5.076429940340531743e+00 8.633019574525062634e-01
5.126429940340530678e+00 7.742871471684422691e-01
5.176429940340531388e+00 7.280406683088491704e-01
5.226429940340530322e+00 6.948823294273470674e-01
5.276429940340531033e+00 6.913526538820744527e-01
5.326429940340531743e+00 6.635532384561684260e-01
5.376429940340530678e+00 6.754304678457354605e-01
5.426429940340531388e+00 6.630379573546689720e-01
5.476429940340530322e+00 7.242018241026768610e-01
5.526429940340531033e+00 6.924089801401487332e-01
5.576429940340531743e+00 7.253869706361260050e-01
5.626429940340530678e+00 7.693146845389707833e-01
5.676429940340531388e+00 7.744417314988922829e-01
5.726429940340530322e+00 8.172873550885877414e-01
5.776429940340531033e+00 7.971656280750266665e-01
5.826429940340531743e+00 8.289069439274048268e-01
5.876429940340530678e+00 8.371256774963241609e-01
5.926429940340531388e+00 8.545421787270122138e-01
5.976429940340530322e+00 8.892721249680881623e-01
6.026429940340531033e+00 8.851498761560910866e-01
6.076429940340531743e+00 8.832691001356174354e-01
6.126429940340528901e+00 9.306234333634348932e-01
6.176429940340533165e+00 8.961768917281836000e-01
6.226429940340530322e+00 9.601232764242896289e-01
6.276429940340531033e+00 9.289487697835608904e-01
6.326429940340531743e+00 9.295155789952105341e-01
6.376429940340528901e+00 9.378373687844298034e-01
6.426429940340533165e+00 9.074100197408758728e-01
6.476429940340530322e+00 9.694241003063580608e-01
6.526429940340531033e+00 9.325815015491334403e-01
6.576429940340531743e+00 9.689345832599334241e-01
6.626429940340528901e+00 9.569542976500667875e-01
6.676429940340533165e+00 9.305461411982098863e-01
6.726429940340530322e+00 9.646062220073364779e-01
6.776429940340531033e+00 9.711245279413069920e-01
6.826429940340531743e+00 9.906021535779935272e-01
6.876429940340528901e+00 9.767410919476531284e-01
6.926429940340533165e+00 9.838777352034232537e-01
6.976429940340530322e+00 9.837231508729733509e-01
7.026429940340531033e+00 9.777716541506522585e-01
7.076429940340531743e+00 9.666673464133350713e-01
7.126429940340528901e+00 9.702227860136825033e-01
7.176429940340533165e+00 9.800388909972508333e-01
7.226429940340530322e+00 9.613084229577386619e-01
7.276429940340531033e+00 9.788279804087265390e-01
7.326429940340531743e+00 9.754013610837540815e-01
7.376429940340528901e+00 9.904990973576937030e-01
7.426429940340533165e+00 9.678782570018591436e-01
7.476429940340530322e+00 9.982798419903382570e-01
7.526429940340531033e+00 9.819454310727994129e-01
7.576429940340531743e+00 1.012372780116353566e+00
7.626429940340528901e+00 1.011599858464104162e+00
7.676429940340533165e+00 1.053749852566775003e+00
7.726429940340530322e+00 1.036333351336087283e+00
7.776429940340531033e+00 1.034813272086662961e+00
7.826429940340531743e+00 1.052152481152126340e+00
7.876429940340528901e+00 1.041743802901833327e+00
7.926429940340533165e+00 1.091957946242973820e+00
7.976429940340530322e+00 1.074206512296311145e+00
8.026429940340531033e+00 1.083275459682704778e+00
8.076429940340531743e+00 1.073459354699136448e+00
8.126429940340528901e+00 1.085156235703178540e+00
8.176429940340533165e+00 1.089948349947125417e+00
8.226429940340530322e+00 1.122823284222802531e+00
8.276429940340531033e+00 1.083713448618979447e+00
8.326429940340531743e+00 1.099893275206068388e+00
8.376429940340528901e+00 1.078302997053233181e+00
8.426429940340533165e+00 1.044062567858581758e+00
8.476429940340530322e+00 1.069105229391464462e+00
8.526429940340531033e+00 1.076009996151559900e+00
8.576429940340531743e+00 1.038368711687010615e+00
8.626429940340528901e+00 1.049035030488053355e+00
8.676429940340533165e+00 1.035921126454887320e+00
8.726429940340530322e+00 1.019586715537348587e+00
8.776429940340531033e+00 1.007271497211507105e+00
8.826429940340531743e+00 1.003484181115484652e+00
8.876429940340528901e+00 1.010079779214680284e+00
8.926429940340533165e+00 9.688572910947085282e-01
8.976429940340530322e+00 9.963990659698646057e-01
9.026429940340531033e+00 9.851144098470222543e-01
9.076429940340531743e+00 9.923798733781673542e-01
9.126429940340528901e+00 9.861965001601714631e-01
9.176429940340533165e+00 9.591184782763652050e-01
9.226429940340530322e+00 9.706607749499572835e-01
9.276429940340534586e+00 9.326845577694333755e-01
9.326429940340531743e+00 9.227396325104901820e-01
9.376429940340528901e+00 9.670280431843847335e-01
9.426429940340533165e+00 9.572634663109664821e-01
9.476429940340530322e+00 9.529351050583694249e-01
9.526429940340534586e+00 9.513119695886456118e-01
9.576429940340531743e+00 9.664097058625851222e-01
9.626429940340528901e+00 9.925602217636921853e-01
9.676429940340533165e+00 9.385845263816043893e-01
9.726429940340530322e+00 9.337408840275076560e-01
9.776429940340534586e+00 9.414443364949274251e-01
9.826429940340531743e+00 9.846506568556725458e-01
9.876429940340528901e+00 9.469578442809735153e-01
9.926429940340533165e+00 9.324011531636084982e-01
9.976429940340530322e+00 9.699393814078577369e-01
1.002642994034053459e+01 9.927148060941420882e-01
1.007642994034053174e+01 9.534503861598691010e-01
1.012642994034052890e+01 1.015876691606551141e+00
1.017642994034053316e+01 1.014330848302052113e+00
1.022642994034053032e+01 1.004205574657584199e+00
1.027642994034053459e+01 9.944152337290910193e-01
1.032642994034053174e+01 9.842384319744729160e-01
1.037642994034052890e+01 9.958064927031400337e-01
1.042642994034053316e+01 1.039064341174035455e+00
1.047642994034053032e+01 9.978676171091385161e-01
1.052642994034053459e+01 9.879742199603452901e-01
1.057642994034053174e+01 9.883606807864699917e-01
1.062642994034052890e+01 9.847537130759725921e-01
1.067642994034053316e+01 1.007013856660757156e+00
1.072642994034053032e+01 9.621844008302881113e-01
1.077642994034053459e+01 9.666158183031849926e-01
1.082642994034053174e+01 9.891336024387197279e-01
1.087642994034052890e+01 9.713048763268318231e-01
1.092642994034053316e+01 9.604839731953391802e-01
1.097642994034053032e+01 9.608446699663890644e-01
1.102642994034053459e+01 9.695013924715831788e-01
1.107642994034053174e+01 9.930755028651918614e-01
1.112642994034052890e+01 9.687542348744087040e-01
1.117642994034053316e+01 9.792659693450013192e-01
1.122642994034053032e+01 1.001165416158736221e+00
1.127642994034053459e+01 9.865056688210714908e-01
1.132642994034053174e+01 9.774367214346775246e-01
1.137642994034052890e+01 9.530639253337445105e-01
1.142642994034053316e+01 9.574180506414164959e-01
1.147642994034053032e+01 9.612568948475886943e-01
1.152642994034053459e+01 9.572634663109664821e-01
1.157642994034053174e+01 9.423203143674768745e-01
1.162642994034052890e+01 9.484263954202475366e-01
1.167642994034053316e+01 9.798843066668008195e-01
1.172642994034053032e+01 9.425521908631516732e-01
1.177642994034053459e+01 9.834139822120735452e-01
1.182642994034053174e+01 9.758908781301787183e-01
1.187642994034052890e+01 9.710214717210070567e-01
1.192642994034053316e+01 9.803480596581505280e-01
1.197642994034053032e+01 9.673114477902094999e-01
1.202642994034053459e+01 1.001886809700835768e+00
1.207642994034053174e+01 9.350290867812567353e-01
1.212642994034052890e+01 9.502298792754961809e-01
1.217642994034053316e+01 9.427325392486763933e-01
1.222642994034053032e+01 9.926375139289171923e-01
1.227642994034053459e+01 9.844703084701478257e-01
1.232642994034053174e+01 9.934361996362416347e-01
1.237642994034052890e+01 9.581909722936658991e-01
1.242642994034053316e+01 9.783126993072270849e-01
1.247642994034053032e+01 9.909628503490433005e-01
1.252642994034053459e+01 9.860934439398716389e-01
1.257642994034053174e+01 9.601748045344394855e-01
1.262642994034052890e+01 9.707380671151821794e-01
1.267642994034053316e+01 1.005416485246108493e+00
1.272642994034053032e+01 1.020874918291097888e+00
1.277642994034053459e+01 1.004514743318484005e+00
1.282642994034053174e+01 9.775913057651274274e-01
1.287642994034052890e+01 1.008585464020331113e+00
1.292642994034053316e+01 9.904218051924685851e-01
1.297642994034053032e+01 1.005442249301183422e+00
1.302642994034053459e+01 1.008971924846455925e+00
1.307642994034053174e+01 9.718459214834064275e-01
1.312642994034052890e+01 1.039115869284185090e+00
1.317642994034053316e+01 9.775913057651274274e-01
1.322642994034053032e+01 1.008095946973906365e+00
1.327642994034053459e+01 1.014588488852802062e+00
1.332642994034053174e+01 9.947501664450657533e-01
1.337642994034052890e+01 1.013738275035327652e+00
1.342642994034053316e+01 1.006240935008507753e+00
1.347642994034053032e+01 9.798585426117257802e-01
1.352642994034053459e+01 9.936165480217664658e-01
1.357642994034053174e+01 9.549447013542180507e-01
1.362642994034052890e+01 9.598656358735396799e-01
1.367642994034053316e+01 9.966824705756894831e-01
1.372642994034053032e+01 1.000212146120961876e+00
1.377642994034053459e+01 9.639621206304618273e-01
1.382642994034053174e+01 9.775655417100524991e-01
1.387642994034052890e+01 9.693725721962082043e-01
1.392642994034053316e+01 9.888501978328947395e-01
1.397642994034053032e+01 9.556660948963174862e-01
1.402642994034053459e+01 9.284334886820613253e-01
1.407642994034053174e+01 9.602005685895144138e-01
1.412642994034052890e+01 9.647608063377863807e-01
1.417642994034053316e+01 9.934104355811667064e-01
1.422642994034053032e+01 9.322208047780837781e-01
1.427642994034053459e+01 9.572892303660414104e-01
1.432642994034053174e+01 9.469063161708235477e-01
1.437642994034052890e+01 9.770244965534778947e-01
1.442642994034053316e+01 9.296443992705855086e-01
1.447642994034053032e+01 9.685996505439586901e-01
1.452642994034053459e+01 9.773594292694527397e-01
1.457642994034053174e+01 9.368583346915805299e-01
1.462642994034052890e+01 9.435054609009261295e-01
1.467642994034053316e+01 9.375282001235301088e-01
1.472642994034053032e+01 9.412639881094025940e-01
1.477642994034053459e+01 9.383011217757795119e-01
1.482642994034053174e+01 9.613084229577386619e-01
1.487642994034052890e+01 9.409805835035777166e-01
1.492642994034053316e+01 9.706865390050322118e-01
1.497642994034053032e+01 9.454635290866244546e-01
1.502642994034053459e+01 9.661520653118353952e-01
1.507642994034053174e+01 9.950593351059655589e-01
1.512642994034052890e+01 9.750921924228541648e-01
1.517642994034053316e+01 9.335090075318328573e-01
1.522642994034053032e+01 9.396923807498286374e-01
1.527642994034053459e+01 9.916069517259178401e-01
1.532642994034053174e+01 9.680843694424590140e-01
1.537642994034052890e+01 9.526517004525446586e-01
1.542642994034053316e+01 9.758908781301787183e-01
1.547642994034053032e+01 9.980737295497383865e-01
1.552642994034053459e+01 9.496115419536966806e-01
1.557642994034053174e+01 9.586289612299405682e-01
1.562642994034052890e+01 1.012681948777253371e+00
1.567642994034053316e+01 9.914781314505428655e-01
1.572642994034053032e+01 9.768183841128780243e-01
1.577642994034053459e+01 1.014820365348476860e+00
1.582642994034053174e+01 9.843930163049229298e-01
1.587642994034052890e+01 9.809406329248751000e-01
1.592642994034053316e+01 9.900095803112689552e-01
1.597642994034053032e+01 9.821257794583244660e-01
1.602642994034053459e+01 9.950335710508906306e-01
1.607642994034053174e+01 1.027006763398943701e+00
1.612642994034052890e+01 1.035251261022937852e+00
1.617642994034053316e+01 1.014768837238327004e+00
1.622642994034053032e+01 1.005107316585208466e+00
1.627642994034053459e+01 1.021570547778122284e+00
1.632642994034053174e+01 9.809663969799500283e-01
1.637642994034052890e+01 1.005468013356258350e+00
1.642642994034053316e+01 9.904218051924685851e-01
1.647642994034053032e+01 9.790083287942517032e-01
1.652642994034053459e+01 1.028732955088967227e+00
1.657642994034053174e+01 1.032984024176339499e+00
1.662642994034052890e+01 1.032314158744390031e+00
1.667642994034053316e+01 1.005880238237458091e+00
1.672642994034053032e+01 9.757620578548037438e-01
1.677642994034053459e+01 1.013892859365777444e+00
1.682642994034053174e+01 9.782096430869270387e-01
1.687642994034052890e+01 1.002247506471885430e+00
1.692642994034053316e+01 1.004720855759083875e+00
1.697642994034053032e+01 9.730310680168556825e-01
1.702642994034053459e+01 9.928951544796670303e-01
1.707642994034053174e+01 9.469836083360485546e-01
1.712642994034052890e+01 9.864799047659964515e-01
1.717642994034053316e+01 9.764834513969032903e-01
1.722642994034053032e+01 9.750664283677792366e-01
1.727642994034053459e+01 9.743707988807547293e-01
1.732642994034053174e+01 9.658944247610855571e-01
1.737642994034052890e+01 9.369356268568054258e-01
1.742642994034053316e+01 9.920707047172674375e-01
1.747642994034053032e+01 9.585516690647155613e-01
1.752642994034053459e+01 9.586547252850154965e-01
1.757642994034053174e+01 9.485809797506973284e-01
1.762642994034052890e+01 9.756847656895789589e-01
1.767642994034053316e+01 9.870209499225711669e-01
1.772642994034053032e+01 9.657656044857105826e-01
1.777642994034053459e+01 9.346426259551320337e-01
1.782642994034053174e+01 9.511058571480457413e-01
1.787642994034052890e+01 9.596337593778648811e-01
1.792642994034053316e+01 9.556918589513925255e-01
1.797642994034053032e+01 9.745769113213547108e-01
1.802642994034053459e+01 9.377858406742799469e-01
1.807642994034053174e+01 9.518787788002951444e-01
1.812642994034052890e+01 9.827956448902740449e-01
1.817642994034053316e+01 9.378373687844298034e-01
1.822642994034053032e+01 9.716913371529565246e-01
1.827642994034053459e+01 9.624420413810379493e-01
1.832642994034053174e+01 9.854493425629972103e-01
1.837642994034052890e+01 9.868663655921211530e-01
1.842642994034053316e+01 9.634983676391122298e-01
1.847642994034053032e+01 9.885410291719949338e-01
1.852642994034053459e+01 1.004926968199683746e+00
1.857642994034053174e+01 9.488643843565223168e-01
1.862642994034052890e+01 9.856554550035969697e-01
1.867642994034053316e+01 1.004360158988033991e+00
1.872642994034053032e+01 9.399500213005783644e-01
1.877642994034053459e+01 9.853720503977723144e-01
1.882642994034053174e+01 9.926117498738422640e-01
1.887642994034052890e+01 9.592215344966652513e-01
1.892642994034053316e+01 9.215802500321159663e-01
1.897642994034053032e+01 9.941060650681911026e-01
1.902642994034053459e+01 9.658686607060106288e-01
1.907642994034053174e+01 1.002195978361735573e+00
1.912642994034052890e+01 1.012578892556953214e+00
1.917642994034053316e+01 1.026130785526393918e+00
1.922642994034053032e+01 9.882060964560201999e-01
1.927642994034053459e+01 1.010234363545130298e+00
1.932642994034053174e+01 1.018066636287924709e+00
1.937642994034052890e+01 9.598913999286146082e-01
1.942642994034053316e+01 9.828729370554988298e-01
1.947642994034053032e+01 1.023477087853670975e+00
1.952642994034053459e+01 9.904218051924685851e-01
1.957642994034053174e+01 1.031283596541390457e+00
1.962642994034052890e+01 1.033499305277838953e+00
1.967642994034053316e+01 1.007142676936132242e+00
1.972642994034053032e+01 1.030124214063016463e+00
1.977642994034053459e+01 1.030459146778991197e+00
1.982642994034053174e+01 1.031618529257365413e+00
1.987642994034052890e+01 1.074773321507960455e+00
1.992642994034053316e+01 1.025254807653844802e+00
1.997642994034053032e+01 9.971204595119640413e-01
2.002642994034053459e+01 1.076009996151559900e+00
2.007642994034053174e+01 1.019586715537348587e+00
2.012642994034052890e+01 1.030433382723916269e+00
2.017642994034053316e+01 9.893654789343943046e-01
2.022642994034053032e+01 1.003149248399509919e+00
2.027642994034053459e+01 9.738297537241801249e-01
2.032642994034053174e+01 9.721808541993812725e-01
2.037642994034052890e+01 9.690634035353083986e-01
2.042642994034053316e+01 9.016388714040797225e-01
2.047642994034053032e+01 9.839807914237230779e-01
2.052642994034053459e+01 9.536049704903191149e-01
2.057642994034053174e+01 9.452316525909497669e-01
2.062642994034052890e+01 9.468805521157486194e-01
2.067642994034053316e+01 9.370386830771054720e-01
2.072642994034053032e+01 9.383011217757795119e-01
2.077642994034053459e+01 9.161440344112947720e-01
2.082642994034053174e+01 9.139025616197714585e-01
2.087642994034052890e+01 9.373478517380051667e-01
2.092642994034053316e+01 9.111458077267482469e-01
2.097642994034053032e+01 9.116868528833228513e-01
2.102642994034053459e+01 9.379919531148797063e-01
2.107642994034053174e+01 8.942188235424848308e-01
2.112642994034052890e+01 8.782966375061458386e-01
2.117642994034053316e+01 9.220182389683907465e-01
2.122642994034053032e+01 9.268361172674123294e-01
2.127642994034053459e+01 9.327360858795834542e-01
2.132642994034053174e+01 9.165820233475695522e-01
2.137642994034052890e+01 8.901738668957126510e-01
2.142642994034053316e+01 8.825219425384428495e-01
2.147642994034053032e+01 9.091362114308996212e-01
2.152642994034053459e+01 9.314478831258342639e-01
2.157642994034053174e+01 9.127431791413971318e-01
2.162642994034052890e+01 9.357762443784312101e-01
2.167642994034053316e+01 9.669765150742347659e-01
2.172642994034053032e+01 9.729280117965556363e-01
2.177642994034053459e+01 9.796266661160512035e-01
2.182642994034053174e+01 9.354928397726064437e-01
2.187642994034052890e+01 1.013738275035327652e+00
2.192642994034053316e+01 1.048468221276403822e+00
2.197642994034053032e+01 1.040739004753909125e+00
2.202642994034053459e+01 1.080132244963556865e+00
2.207642994034053174e+01 1.069491690217589275e+00
2.212642994034053601e+01 1.102160512052666741e+00
2.217642994034053316e+01 1.127692690631974193e+00
2.222642994034053032e+01 1.117953877813630870e+00
2.227642994034052748e+01 1.149798249886308854e+00
2.232642994034053174e+01 1.130578264800372379e+00
2.237642994034053601e+01 1.149772485831234148e+00
2.242642994034053316e+01 1.110224661291136172e+00
2.247642994034053032e+01 1.137328447230017359e+00
2.252642994034052748e+01 1.145650237019236961e+00
2.257642994034053174e+01 1.134958154163119293e+00
2.262642994034053601e+01 1.137302683174942652e+00
2.267642994034053316e+01 1.100614668748167935e+00
2.272642994034053032e+01 1.121586609579203531e+00
2.277642994034052748e+01 1.100743489023542576e+00
2.282642994034053174e+01 1.077787715951733505e+00
2.287642994034053601e+01 1.067688206362340519e+00
2.292642994034053316e+01 1.091442665141474366e+00
2.297642994034053032e+01 1.033963058269188551e+00
2.302642994034052748e+01 1.060139338225370764e+00
2.307642994034053174e+01 1.062406575071968895e+00
2.312642994034053601e+01 1.002067158086360710e+00
2.317642994034053316e+01 9.997483931296122783e-01
2.322642994034053032e+01 9.940545369580411350e-01
2.327642994034052748e+01 9.516726663596953850e-01
2.332642994034053174e+01 9.321692766679336994e-01
2.337642994034053601e+01 9.566451289891668708e-01
2.342642994034053316e+01 9.256767347890382247e-01
2.347642994034053032e+01 9.575211068617163201e-01
2.352642994034052748e+01 9.050654907290522910e-01
2.357642994034053174e+01 9.298247476561103397e-01
2.362642994034053601e+01 9.246977006961888401e-01
2.367642994034053316e+01 9.018707478997545213e-01
2.372642994034053032e+01 9.054519515551772146e-01
2.377642994034052748e+01 9.517499585249201699e-01
2.382642994034053174e+01 9.012266465228800927e-01
2.387642994034053601e+01 9.236671384931895989e-01
2.392642994034053316e+01 9.315767034012092385e-01
2.397642994034053032e+01 9.379404250047297387e-01
2.402642994034052748e+01 9.341273448536323576e-01
2.407642994034053174e+01 8.737363997578739827e-01
2.412642994034053601e+01 9.221470592437654989e-01
2.417642994034053316e+01 9.505648119914711369e-01
2.422642994034053032e+01 9.317828158418089979e-01
2.427642994034052748e+01 9.465713834548488137e-01
2.432642994034053174e+01 9.581394441835158204e-01
2.437642994034053601e+01 9.254448582933633149e-01
2.442642994034053316e+01 9.952139194364153507e-01
2.447642994034053032e+01 9.371159752423303679e-01
2.452642994034052748e+01 9.250583974672387244e-01
2.457642994034053174e+01 9.523425317916447419e-01
2.462642994034053601e+01 9.532958018294191982e-01
2.467642994034053316e+01 9.296186352155105803e-01
2.472642994034053032e+01 9.160152141359200195e-01
2.477642994034052748e+01 8.701809601575263287e-01
2.482642994034053174e+01 8.997838594386809996e-01
2.487642994034053601e+01 8.631216090669812102e-01
2.492642994034053316e+01 8.280824941650053450e-01
2.497642994034053032e+01 8.105114086038673893e-01
2.502642994034052748e+01 7.644968062399492004e-01
2.507642994034053174e+01 7.828408134533364482e-01
2.512642994034053601e+01 7.789762051920890995e-01
2.517642994034053316e+01 7.467969004034362701e-01
2.522642994034053032e+01 7.400467179737910683e-01
2.527642994034052748e+01 7.138962020726840052e-01
2.532642994034053174e+01 7.270873982710748251e-01
2.537642994034053601e+01 7.516405427575328924e-01
2.542642994034053316e+01 7.029464786658163877e-01
2.547642994034053032e+01 7.727155398088683125e-01
2.552642994034052748e+01 8.082956998674190041e-01
2.557642994034053174e+01 8.881385065447889859e-01
2.562642994034053601e+01 9.925859858187671136e-01
2.567642994034053316e+01 1.057562932717872384e+00
2.572642994034053032e+01 1.208591823567418455e+00
2.577642994034052748e+01 1.452886593788400571e+00
2.582642994034053174e+01 1.633853316635076158e+00
2.587642994034053601e+01 1.869156431634888982e+00
2.592642994034053316e+01 2.120768193497166276e+00
2.597642994034053032e+01 2.330642186137971805e+00
2.602642994034052748e+01 2.453176032074587454e+00
2.607642994034053174e+01 2.511737729260021812e+00
2.612642994034053601e+01 2.453536728845637338e+00
2.617642994034053316e+01 2.318533080252729750e+00
2.622642994034053032e+01 2.171136921168756118e+00
2.627642994034052748e+01 1.926069229295525043e+00
2.632642994034053174e+01 1.766022919169734973e+00
2.637642994034053601e+01 1.578898587160138867e+00
2.642642994034053316e+01 1.464480418572142506e+00
2.647642994034053032e+01 1.326642723920987477e+00
2.652642994034052748e+01 1.302862501086778702e+00
2.657642994034053174e+01 1.215470826272438742e+00
2.662642994034053601e+01 1.088969315854275921e+00
2.667642994034053316e+01 1.031567001147215334e+00
2.672642994034053032e+01 9.402334259064032418e-01
2.677642994034052748e+01 7.927857387122796418e-01
2.682642994034053174e+01 6.795527166577325362e-01
2.687642994034053601e+01 5.622747379564131398e-01
2.692642994034053316e+01 4.678237120515281733e-01
2.697642994034053032e+01 3.508806660661836219e-01
2.702642994034052748e+01 2.810858408680566023e-01
2.707642994034053174e+01 1.983316959672135615e-01
2.712642994034053601e+01 1.799361606436762351e-01
2.717642994034053316e+01 1.241054532961896328e-01
2.722642994034053032e+01 9.092135035961246281e-02
2.727642994034052748e+01 7.901835691497063885e-02
2.732642994034053174e+01 6.021059671023357845e-02
2.737642994034053601e+01 5.268749262833875846e-02
2.742642994034053316e+01 5.297089723416355950e-02
2.747642994034053032e+01 6.337957548445639910e-02
2.752642994034052748e+01 7.948210990632033346e-02
2.757642994034053174e+01 1.063797834046018159e-01
2.762642994034053601e+01 1.381468633120549738e-01
2.767642994034053316e+01 1.740104279764302930e-01
2.772642994034053032e+01 1.949308406973158936e-01
2.777642994034052748e+01 2.048500019011840756e-01
2.782642994034053174e+01 1.978937070309388646e-01
2.787642994034053601e+01 1.729541017183560125e-01
2.792642994034053316e+01 1.347202439870823498e-01
2.797642994034053032e+01 1.068177723408765267e-01
2.802642994034052748e+01 9.334317153666077393e-02
2.807642994034053174e+01 8.749473103463981105e-02
2.812642994034053601e+01 1.148303934691960182e-01
2.817642994034053316e+01 1.884125347633454073e-01
2.822642994034053032e+01 3.449806974540126636e-01
2.827642994034052748e+01 6.717719720250879822e-01
2.832642994034053174e+01 1.182827768492436427e+00
2.837642994034053601e+01 2.047752861414666281e+00
2.842642994034053316e+01 3.191470794303279401e+00
2.847642994034053032e+01 4.610761060273903311e+00
2.852642994034053459e+01 5.873843860324909905e+00
2.857642994034053174e+01 6.745081146740510292e+00
2.862642994034053601e+01 6.873721073729895714e+00
2.867642994034053316e+01 6.275531242998958703e+00
2.872642994034053032e+01 5.210496734309339573e+00
2.877642994034053459e+01 3.662463485129030527e+00
2.882642994034053174e+01 2.299699555992918309e+00
2.887642994034053601e+01 1.286425033948940033e+00
2.892642994034053316e+01 6.838553138552545541e-01
2.897642994034053032e+01 3.917939855252555170e-01
2.902642994034053459e+01 2.740264897775114838e-01
2.907642994034053174e+01 2.068853622521077129e-01
2.912642994034053601e+01 1.675951782627596864e-01
2.917642994034053316e+01 1.497922162059469597e-01
2.922642994034053032e+01 1.538371728527191951e-01
2.927642994034053459e+01 1.702746399905578634e-01
2.932642994034053174e+01 2.078901604000319980e-01
2.937642994034053601e+01 2.332162265387395517e-01
2.942642994034053316e+01 2.342210246866638645e-01
2.947642994034053032e+01 2.164180626298511378e-01
2.952642994034053459e+01 1.710733256978823336e-01
2.957642994034053174e+01 1.243888579020144269e-01
2.962642994034053601e+01 7.711181683942194831e-02
2.967642994034053316e+01 4.500980421599403564e-02
2.972642994034053032e+01 2.308459334718411873e-02
2.977642994034053459e+01 1.061479069089269790e-02
2.982642994034053174e+01 4.817878299021685282e-03
2.987642994034053601e+01 2.473349287198298684e-03
2.992642994034053316e+01 7.986857073244505714e-04
2.997642994034053032e+01 5.410451565746278099e-04
3.002642994034053459e+01 1.288202753749113807e-04
3.007642994034053174e+01 1.030562202999290937e-04
3.012642994034053601e+01 2.576405507498227344e-05
3.017642994034053316e+01 0.000000000000000000e+00
3.022642994034053032e+01 0.000000000000000000e+00
3.027642994034053459e+01 2.576405507498227344e-05
3.032642994034053174e+01 0.000000000000000000e+00
3.037642994034053601e+01 0.000000000000000000e+00
3.042642994034053316e+01 0.000000000000000000e+00
3.047642994034053032e+01 0.000000000000000000e+00
3.052642994034053459e+01 0.000000000000000000e+00
3.057642994034053174e+01 0.000000000000000000e+00
3.062642994034053601e+01 0.000000000000000000e+00
3.067642994034053316e+01 0.000000000000000000e+00
3.072642994034053032e+01 0.000000000000000000e+00
3.077642994034053459e+01 0.000000000000000000e+00
3.082642994034053174e+01 0.000000000000000000e+00
3.087642994034053601e+01 0.000000000000000000e+00
3.092642994034053316e+01 0.000000000000000000e+00
3.097642994034053032e+01 0.000000000000000000e+00
3.102642994034053459e+01 0.000000000000000000e+00
3.107642994034053174e+01 0.000000000000000000e+00
3.112642994034053601e+01 0.000000000000000000e+00
3.117642994034053316e+01 0.000000000000000000e+00
3.122642994034053032e+01 0.000000000000000000e+00
3.127642994034053459e+01 0.000000000000000000e+00
3.132642994034053174e+01 0.000000000000000000e+00
3.137642994034053601e+01 0.000000000000000000e+00
3.142642994034053316e+01 0.000000000000000000e+00
3.147642994034053032e+01 0.000000000000000000e+00
3.152642994034053459e+01 0.000000000000000000e+00
3.157642994034053174e+01 0.000000000000000000e+00
3.162642994034053601e+01 0.000000000000000000e+00
3.167642994034053316e+01 0.000000000000000000e+00
3.172642994034053032e+01 0.000000000000000000e+00
3.177642994034053459e+01 0.000000000000000000e+00
3.182642994034053174e+01 0.000000000000000000e+00
3.187642994034053601e+01 0.000000000000000000e+00
3.192642994034053316e+01 0.000000000000000000e+00
3.197642994034053032e+01 0.000000000000000000e+00
3.202642994034053459e+01 0.000000000000000000e+00
3.207642994034053174e+01 0.000000000000000000e+00
3.212642994034053601e+01 0.000000000000000000e+00
3.217642994034053316e+01 0.000000000000000000e+00
3.222642994034053032e+01 0.000000000000000000e+00
3.227642994034053459e+01 0.000000000000000000e+00
3.232642994034053174e+01 0.000000000000000000e+00
3.237642994034053601e+01 0.000000000000000000e+00
3.242642994034053316e+01 0.000000000000000000e+00
3.247642994034053032e+01 0.000000000000000000e+00
3.252642994034053459e+01 0.000000000000000000e+00
3.257642994034053174e+01 0.000000000000000000e+00
3.262642994034053601e+01 0.000000000000000000e+00
3.267642994034053316e+01 0.000000000000000000e+00
3.272642994034053032e+01 0.000000000000000000e+00
3.277642994034053459e+01 0.000000000000000000e+00
3.282642994034053174e+01 0.000000000000000000e+00
3.287642994034053601e+01 0.000000000000000000e+00
3.292642994034053316e+01 0.000000000000000000e+00
3.297642994034053032e+01 0.000000000000000000e+00
3.302642994034053459e+01 0.000000000000000000e+00
3.307642994034053174e+01 0.000000000000000000e+00
3.312642994034053601e+01 0.000000000000000000e+00
3.317642994034053316e+01 0.000000000000000000e+00
3.322642994034053032e+01 0.000000000000000000e+00
3.327642994034053459e+01 0.000000000000000000e+00
3.332642994034053174e+01 0.000000000000000000e+00
3.337642994034053601e+01 0.000000000000000000e+00
3.342642994034053316e+01 0.000000000000000000e+00
3.347642994034053032e+01 0.000000000000000000e+00
3.352642994034053459e+01 0.000000000000000000e+00
3.357642994034053174e+01 0.000000000000000000e+00
3.362642994034053601e+01 0.000000000000000000e+00
3.367642994034053316e+01 0.000000000000000000e+00
3.372642994034053032e+01 0.000000000000000000e+00
3.377642994034053459e+01 0.000000000000000000e+00
3.382642994034053174e+01 0.000000000000000000e+00
3.387642994034053601e+01 0.000000000000000000e+00
3.392642994034053316e+01 0.000000000000000000e+00
3.397642994034053032e+01 0.000000000000000000e+00
3.402642994034053459e+01 0.000000000000000000e+00
3.407642994034053174e+01 0.000000000000000000e+00
3.412642994034053601e+01 0.000000000000000000e+00
3.417642994034053316e+01 0.000000000000000000e+00
3.422642994034053032e+01 0.000000000000000000e+00
3.427642994034053459e+01 0.000000000000000000e+00
3.432642994034053174e+01 0.000000000000000000e+00
3.437642994034053601e+01 0.000000000000000000e+00
3.442642994034053316e+01 0.000000000000000000e+00
3.447642994034053032e+01 0.000000000000000000e+00
3.452642994034053459e+01 0.000000000000000000e+00
3.457642994034053174e+01 0.000000000000000000e+00
3.462642994034053601e+01 0.000000000000000000e+00
3.467642994034053316e+01 0.000000000000000000e+00
3.472642994034053032e+01 0.000000000000000000e+00
3.477642994034053459e+01 0.000000000000000000e+00
3.482642994034053174e+01 0.000000000000000000e+00
3.487642994034053601e+01 0.000000000000000000e+00
3.492642994034053316e+01 0.000000000000000000e+00
3.497642994034053032e+01 0.000000000000000000e+00
3.502642994034053459e+01 0.000000000000000000e+00
3.507642994034053174e+01 0.000000000000000000e+00
3.512642994034053601e+01 0.000000000000000000e+00
3.517642994034053316e+01 0.000000000000000000e+00
3.522642994034053032e+01 0.000000000000000000e+00
3.527642994034053459e+01 0.000000000000000000e+00
3.532642994034053174e+01 0.000000000000000000e+00
3.537642994034053601e+01 0.000000000000000000e+00
3.542642994034053316e+01 0.000000000000000000e+00
3.547642994034053032e+01 0.000000000000000000e+00
3.552642994034053459e+01 0.000000000000000000e+00
3.557642994034053174e+01 0.000000000000000000e+00
3.562642994034053601e+01 0.000000000000000000e+00
3.567642994034053316e+01 0.000000000000000000e+00
3.572642994034053032e+01 0.000000000000000000e+00
3.577642994034053459e+01 0.000000000000000000e+00
3.582642994034053174e+01 0.000000000000000000e+00
3.587642994034053601e+01 0.000000000000000000e+00
3.592642994034053316e+01 0.000000000000000000e+00
3.597642994034053032e+01 0.000000000000000000e+00
3.602642994034053459e+01 0.000000000000000000e+00
3.607642994034053174e+01 0.000000000000000000e+00
3.612642994034053601e+01 0.000000000000000000e+00
3.617642994034053316e+01 0.000000000000000000e+00
3.622642994034053032e+01 0.000000000000000000e+00
3.627642994034053459e+01 0.000000000000000000e+00
3.632642994034053174e+01 0.000000000000000000e+00
3.637642994034053601e+01 0.000000000000000000e+00
3.642642994034053316e+01 0.000000000000000000e+00
3.647642994034053032e+01 0.000000000000000000e+00
3.652642994034053459e+01 0.000000000000000000e+00
3.657642994034053174e+01 0.000000000000000000e+00
3.662642994034053601e+01 0.000000000000000000e+00
3.667642994034053316e+01 0.000000000000000000e+00
3.672642994034053032e+01 0.000000000000000000e+00
3.677642994034053459e+01 0.000000000000000000e+00
3.682642994034053174e+01 0.000000000000000000e+00
3.687642994034053601e+01 0.000000000000000000e+00
3.692642994034053316e+01 0.000000000000000000e+00
3.697642994034053032e+01 0.000000000000000000e+00
3.702642994034053459e+01 0.000000000000000000e+00
3.707642994034053174e+01 0.000000000000000000e+00
3.712642994034053601e+01 0.000000000000000000e+00
3.717642994034053316e+01 0.000000000000000000e+00
3.722642994034053032e+01 0.000000000000000000e+00
3.727642994034053459e+01 0.000000000000000000e+00
3.732642994034053174e+01 0.000000000000000000e+00
3.737642994034053601e+01 0.000000000000000000e+00
3.742642994034053316e+01 0.000000000000000000e+00
3.747642994034053032e+01 0.000000000000000000e+00
3.752642994034053459e+01 0.000000000000000000e+00
3.757642994034053174e+01 0.000000000000000000e+00
3.762642994034053601e+01 0.000000000000000000e+00
3.767642994034053316e+01 0.000000000000000000e+00
3.772642994034053032e+01 0.000000000000000000e+00
3.777642994034053459e+01 0.000000000000000000e+00
3.782642994034053174e+01 0.000000000000000000e+00
3.787642994034053601e+01 0.000000000000000000e+00
3.792642994034053316e+01 0.000000000000000000e+00
3.797642994034053032e+01 0.000000000000000000e+00
3.802642994034053459e+01 0.000000000000000000e+00
3.807642994034053174e+01 0.000000000000000000e+00
3.812642994034053601e+01 0.000000000000000000e+00
3.817642994034053316e+01 0.000000000000000000e+00
3.822642994034053032e+01 0.000000000000000000e+00
3.827642994034053459e+01 0.000000000000000000e+00
3.832642994034053174e+01 0.000000000000000000e+00
3.837642994034053601e+01 0.000000000000000000e+00
3.842642994034053316e+01 0.000000000000000000e+00
3.847642994034053032e+01 0.000000000000000000e+00
3.852642994034053459e+01 0.000000000000000000e+00
3.857642994034053174e+01 0.000000000000000000e+00
3.862642994034053601e+01 0.000000000000000000e+00
3.867642994034053316e+01 0.000000000000000000e+00
3.872642994034053032e+01 0.000000000000000000e+00
3.877642994034053459e+01 0.000000000000000000e+00
3.882642994034053174e+01 0.000000000000000000e+00
3.887642994034053601e+01 0.000000000000000000e+00
3.892642994034053316e+01 0.000000000000000000e+00
3.897642994034053032e+01 0.000000000000000000e+00
3.902642994034053459e+01 0.000000000000000000e+00
3.907642994034053174e+01 0.000000000000000000e+00
3.912642994034053601e+01 0.000000000000000000e+00
3.917642994034053316e+01 0.000000000000000000e+00
3.922642994034053032e+01 0.000000000000000000e+00
3.927642994034053459e+01 0.000000000000000000e+00
3.932642994034053174e+01 0.000000000000000000e+00
3.937642994034053601e+01 0.000000000000000000e+00
3.942642994034053316e+01 0.000000000000000000e+00
3.947642994034053032e+01 0.000000000000000000e+00
3.952642994034053459e+01 0.000000000000000000e+00
3.957642994034053174e+01 0.000000000000000000e+00
3.962642994034053601e+01 0.000000000000000000e+00
3.967642994034053316e+01 0.000000000000000000e+00
3.972642994034053032e+01 0.000000000000000000e+00
3.977642994034053459e+01 0.000000000000000000e+00
3.982642994034053174e+01 0.000000000000000000e+00
3.987642994034053601e+01 0.000000000000000000e+00
3.992642994034053316e+01 0.000000000000000000e+00
3.997642994034053032e+01 0.000000000000000000e+00
4.002642994034053459e+01 0.000000000000000000e+00
