-1.258184079184163018e+01 0.000000000000000000e+00
-1.253184079184163124e+01 0.000000000000000000e+00
-1.248184079184163053e+01 0.000000000000000000e+00
-1.243184079184162982e+01 0.000000000000000000e+00
-1.238184079184163089e+01 0.000000000000000000e+00
-1.233184079184163018e+01 0.000000000000000000e+00
-1.228184079184163124e+01 0.000000000000000000e+00
-1.223184079184163053e+01 0.000000000000000000e+00
-1.218184079184162982e+01 0.000000000000000000e+00
-1.213184079184163089e+01 0.000000000000000000e+00
-1.208184079184163018e+01 0.000000000000000000e+00
-1.203184079184163124e+01 0.000000000000000000e+00
-1.198184079184163053e+01 0.000000000000000000e+00
-1.193184079184162982e+01 0.000000000000000000e+00
-1.188184079184163089e+01 0.000000000000000000e+00
-1.183184079184163018e+01 0.000000000000000000e+00
-1.178184079184163124e+01 0.000000000000000000e+00
-1.173184079184163053e+01 0.000000000000000000e+00
-1.168184079184162982e+01 0.000000000000000000e+00
-1.163184079184163089e+01 0.000000000000000000e+00
-1.158184079184163018e+01 0.000000000000000000e+00
-1.153184079184163124e+01 0.000000000000000000e+00
-1.148184079184163053e+01 0.000000000000000000e+00
-1.143184079184162982e+01 0.000000000000000000e+00
-1.138184079184163089e+01 0.000000000000000000e+00
-1.133184079184163018e+01 0.000000000000000000e+00
-1.128184079184163124e+01 0.000000000000000000e+00
-1.123184079184163053e+01 0.000000000000000000e+00
-1.118184079184162982e+01 0.000000000000000000e+00
-1.113184079184163089e+01 0.000000000000000000e+00
-1.108184079184163018e+01 0.000000000000000000e+00
-1.103184079184163124e+01 0.000000000000000000e+00
-1.098184079184163053e+01 0.000000000000000000e+00
-1.093184079184162982e+01 0.000000000000000000e+00
-1.088184079184163089e+01 0.000000000000000000e+00
-1.083184079184163018e+01 0.000000000000000000e+00
-1.078184079184163124e+01 0.000000000000000000e+00
-1.073184079184163053e+01 0.000000000000000000e+00
-1.068184079184162982e+01 0.000000000000000000e+00
-1.063184079184163089e+01 0.000000000000000000e+00
-1.058184079184163018e+01 0.000000000000000000e+00
-1.053184079184163124e+01 0.000000000000000000e+00
-1.048184079184163053e+01 0.000000000000000000e+00
-1.043184079184162982e+01 0.000000000000000000e+00
-1.038184079184163089e+01 0.000000000000000000e+00
-1.033184079184163018e+01 0.000000000000000000e+00
-1.028184079184163124e+01 0.000000000000000000e+00
-1.023184079184163053e+01 0.000000000000000000e+00
-1.018184079184162982e+01 0.000000000000000000e+00
-1.013184079184163089e+01 0.000000000000000000e+00
-1.008184079184163018e+01 0.000000000000000000e+00
-1.003184079184163124e+01 0.000000000000000000e+00
-9.981840791841630534e+00 0.000000000000000000e+00
-9.931840791841629823e+00 0.000000000000000000e+00
-9.881840791841630889e+00 0.000000000000000000e+00
-9.831840791841630178e+00 0.000000000000000000e+00
-9.781840791841631244e+00 0.000000000000000000e+00
-9.731840791841630534e+00 0.000000000000000000e+00
-9.681840791841629823e+00 0.000000000000000000e+00
-9.631840791841630889e+00 0.000000000000000000e+00
-9.581840791841630178e+00 0.000000000000000000e+00
-9.531840791841631244e+00 0.000000000000000000e+00
-9.481840791841630534e+00 0.000000000000000000e+00
-9.431840791841629823e+00 0.000000000000000000e+00
-9.381840791841630889e+00 0.000000000000000000e+00
-9.331840791841630178e+00 0.000000000000000000e+00
-9.281840791841631244e+00 0.000000000000000000e+00
-9.231840791841630534e+00 0.000000000000000000e+00
-9.181840791841629823e+00 0.000000000000000000e+00
-9.131840791841630889e+00 0.000000000000000000e+00
-9.081840791841630178e+00 0.000000000000000000e+00
-9.031840791841631244e+00 0.000000000000000000e+00
-8.981840791841630534e+00 0.000000000000000000e+00
-8.931840791841629823e+00 0.000000000000000000e+00
-8.881840791841630889e+00 0.000000000000000000e+00
-8.831840791841630178e+00 0.000000000000000000e+00
-8.781840791841631244e+00 0.000000000000000000e+00
-8.731840791841630534e+00 0.000000000000000000e+00
-8.681840791841629823e+00 0.000000000000000000e+00
-8.631840791841630889e+00 0.000000000000000000e+00
-8.581840791841630178e+00 0.000000000000000000e+00
-8.531840791841631244e+00 0.000000000000000000e+00
-8.481840791841630534e+00 0.000000000000000000e+00
-8.431840791841629823e+00 0.000000000000000000e+00
-8.381840791841630889e+00 0.000000000000000000e+00
-8.331840791841630178e+00 0.000000000000000000e+00
-8.281840791841631244e+00 0.000000000000000000e+00
-8.231840791841630534e+00 0.000000000000000000e+00
-8.181840791841629823e+00 0.000000000000000000e+00
-8.131840791841630889e+00 0.000000000000000000e+00
-8.081840791841630178e+00 0.000000000000000000e+00
-8.031840791841631244e+00 0.000000000000000000e+00
-7.981840791841630534e+00 0.000000000000000000e+00
-7.931840791841629823e+00 0.000000000000000000e+00
-7.881840791841630889e+00 0.000000000000000000e+00
-7.831840791841630178e+00 0.000000000000000000e+00
-7.781840791841629468e+00 0.000000000000000000e+00
-7.731840791841630534e+00 0.000000000000000000e+00
-7.681840791841629823e+00 0.000000000000000000e+00
-7.631840791841630889e+00 0.000000000000000000e+00
-7.581840791841630178e+00 0.000000000000000000e+00
-7.531840791841629468e+00 0.000000000000000000e+00
-7.481840791841630534e+00 0.000000000000000000e+00
-7.431840791841629823e+00 0.000000000000000000e+00
-7.381840791841630889e+00 0.000000000000000000e+00
-7.331840791841630178e+00 0.000000000000000000e+00
-7.281840791841629468e+00 0.000000000000000000e+00
-7.231840791841630534e+00 0.000000000000000000e+00
-7.181840791841629823e+00 0.000000000000000000e+00
-7.131840791841630889e+00 0.000000000000000000e+00
-7.081840791841630178e+00 0.000000000000000000e+00
-7.031840791841629468e+00 0.000000000000000000e+00
-6.981840791841630534e+00 0.000000000000000000e+00
-6.931840791841629823e+00 0.000000000000000000e+00
-6.881840791841630889e+00 0.000000000000000000e+00
-6.831840791841630178e+00 0.000000000000000000e+00
-6.781840791841629468e+00 0.000000000000000000e+00
-6.731840791841630534e+00 0.000000000000000000e+00
-6.681840791841629823e+00 0.000000000000000000e+00
-6.631840791841630889e+00 0.000000000000000000e+00
-6.581840791841630178e+00 0.000000000000000000e+00
-6.531840791841629468e+00 0.000000000000000000e+00
-6.481840791841630534e+00 0.000000000000000000e+00
-6.431840791841629823e+00 0.000000000000000000e+00
-6.381840791841630889e+00 0.000000000000000000e+00
-6.331840791841630178e+00 0.000000000000000000e+00
-6.281840791841629468e+00 0.000000000000000000e+00
-6.231840791841630534e+00 0.000000000000000000e+00
-6.181840791841629823e+00 0.000000000000000000e+00
-6.131840791841630889e+00 0.000000000000000000e+00
-6.081840791841630178e+00 0.000000000000000000e+00
-6.031840791841629468e+00 0.000000000000000000e+00
-5.981840791841630534e+00 0.000000000000000000e+00
-5.931840791841629823e+00 0.000000000000000000e+00
-5.881840791841630889e+00 0.000000000000000000e+00
-5.831840791841630178e+00 0.000000000000000000e+00
-5.781840791841629468e+00 0.000000000000000000e+00
-5.731840791841630534e+00 0.000000000000000000e+00
-5.681840791841629823e+00 0.000000000000000000e+00
-5.631840791841630889e+00 0.000000000000000000e+00
-5.581840791841630178e+00 0.000000000000000000e+00
-5.531840791841629468e+00 0.000000000000000000e+00
-5.481840791841630534e+00 0.000000000000000000e+00
-5.431840791841629823e+00 0.000000000000000000e+00
-5.381840791841630889e+00 0.000000000000000000e+00
-5.331840791841630178e+00 0.000000000000000000e+00
-5.281840791841629468e+00 0.000000000000000000e+00
-5.231840791841630534e+00 0.000000000000000000e+00
-5.181840791841629823e+00 0.000000000000000000e+00
-5.131840791841630889e+00 0.000000000000000000e+00
-5.081840791841630178e+00 0.000000000000000000e+00
-5.031840791841629468e+00 0.000000000000000000e+00
-4.981840791841630534e+00 0.000000000000000000e+00
-4.931840791841629823e+00 0.000000000000000000e+00
-4.881840791841630889e+00 0.000000000000000000e+00
-4.831840791841630178e+00 0.000000000000000000e+00
-4.781840791841629468e+00 0.000000000000000000e+00
-4.731840791841630534e+00 0.000000000000000000e+00
-4.681840791841629823e+00 0.000000000000000000e+00
-4.631840791841630889e+00 0.000000000000000000e+00
-4.581840791841630178e+00 0.000000000000000000e+00
-4.531840791841631244e+00 0.000000000000000000e+00
-4.481840791841630534e+00 0.000000000000000000e+00
-4.431840791841629823e+00 0.000000000000000000e+00
-4.381840791841629112e+00 0.000000000000000000e+00
-4.331840791841630178e+00 0.000000000000000000e+00
-4.281840791841631244e+00 0.000000000000000000e+00
-4.231840791841630534e+00 0.000000000000000000e+00
-4.181840791841629823e+00 0.000000000000000000e+00
-4.131840791841629112e+00 0.000000000000000000e+00
-4.081840791841630178e+00 0.000000000000000000e+00
-4.031840791841631244e+00 0.000000000000000000e+00
-3.981840791841630534e+00 0.000000000000000000e+00
-3.931840791841629823e+00 0.000000000000000000e+00
-3.881840791841629112e+00 0.000000000000000000e+00
-3.831840791841630178e+00 0.000000000000000000e+00
-3.781840791841631244e+00 0.000000000000000000e+00
-3.731840791841630534e+00 0.000000000000000000e+00
-3.681840791841629823e+00 0.000000000000000000e+00
-3.631840791841629112e+00 0.000000000000000000e+00
-3.581840791841630178e+00 0.000000000000000000e+00
-3.531840791841631244e+00 0.000000000000000000e+00
-3.481840791841630534e+00 0.000000000000000000e+00
-3.431840791841629823e+00 0.000000000000000000e+00
-3.381840791841629112e+00 0.000000000000000000e+00
-3.331840791841630178e+00 0.000000000000000000e+00
-3.281840791841631244e+00 0.000000000000000000e+00
-3.231840791841630534e+00 0.000000000000000000e+00
-3.181840791841629823e+00 0.000000000000000000e+00
-3.131840791841629112e+00 0.000000000000000000e+00
-3.081840791841630178e+00 0.000000000000000000e+00
-3.031840791841629468e+00 0.000000000000000000e+00
-2.981840791841630534e+00 0.000000000000000000e+00
-2.931840791841629823e+00 0.000000000000000000e+00
-2.881840791841629112e+00 0.000000000000000000e+00
-2.831840791841630178e+00 0.000000000000000000e+00
-2.781840791841629468e+00 0.000000000000000000e+00
-2.731840791841630534e+00 0.000000000000000000e+00
-2.681840791841629823e+00 0.000000000000000000e+00
-2.631840791841629112e+00 0.000000000000000000e+00
-2.581840791841630178e+00 0.000000000000000000e+00
-2.531840791841629468e+00 0.000000000000000000e+00
-2.481840791841630534e+00 0.000000000000000000e+00
-2.431840791841629823e+00 0.000000000000000000e+00
-2.381840791841629112e+00 0.000000000000000000e+00
-2.331840791841630178e+00 0.000000000000000000e+00
-2.281840791841629468e+00 0.000000000000000000e+00
-2.231840791841630534e+00 0.000000000000000000e+00
-2.181840791841629823e+00 0.000000000000000000e+00
-2.131840791841629112e+00 0.000000000000000000e+00
-2.081840791841630178e+00 0.000000000000000000e+00
-2.031840791841629468e+00 0.000000000000000000e+00
-1.981840791841630534e+00 0.000000000000000000e+00
-1.931840791841629823e+00 0.000000000000000000e+00
-1.881840791841629112e+00 0.000000000000000000e+00
-1.831840791841630178e+00 0.000000000000000000e+00
-1.781840791841629468e+00 0.000000000000000000e+00
-1.731840791841630534e+00 0.000000000000000000e+00
-1.681840791841629823e+00 0.000000000000000000e+00
-1.631840791841629112e+00 0.000000000000000000e+00
-1.581840791841630178e+00 0.000000000000000000e+00
-1.531840791841629468e+00 0.000000000000000000e+00
-1.481840791841630534e+00 0.000000000000000000e+00
-1.431840791841629823e+00 0.000000000000000000e+00
-1.381840791841629112e+00 0.000000000000000000e+00
-1.331840791841630178e+00 0.000000000000000000e+00
-1.281840791841629468e+00 0.000000000000000000e+00
-1.231840791841630534e+00 0.000000000000000000e+00
-1.181840791841629823e+00 0.000000000000000000e+00
-1.131840791841629112e+00 0.000000000000000000e+00
-1.081840791841630178e+00 0.000000000000000000e+00
-1.031840791841629468e+00 0.000000000000000000e+00
-9.818407918416305336e-01 0.000000000000000000e+00
-9.318407918416298230e-01 0.000000000000000000e+00
-8.818407918416291125e-01 0.000000000000000000e+00
-8.318407918416301783e-01 0.000000000000000000e+00
-7.818407918416294677e-01 0.000000000000000000e+00
-7.318407918416305336e-01 0.000000000000000000e+00
-6.818407918416298230e-01 0.000000000000000000e+00
-6.318407918416291125e-01 0.000000000000000000e+00
-5.818407918416301783e-01 0.000000000000000000e+00
-5.318407918416294677e-01 0.000000000000000000e+00
-4.818407918416305336e-01 0.000000000000000000e+00
-4.318407918416298230e-01 0.000000000000000000e+00
-3.818407918416291125e-01 0.000000000000000000e+00
-3.318407918416301783e-01 0.000000000000000000e+00
-2.818407918416294677e-01 0.000000000000000000e+00
-2.318407918416305336e-01 0.000000000000000000e+00
-1.818407918416298230e-01 0.000000000000000000e+00
-1.318407918416291125e-01 0.000000000000000000e+00
-8.184079184163017828e-02 0.000000000000000000e+00
-3.184079184162946774e-02 0.000000000000000000e+00
1.815920815836946645e-02 0.000000000000000000e+00
6.815920815837017699e-02 1.203871084400371668e-04
1.181592081583708875e-01 6.019355422001858340e-05
1.681592081583698217e-01 6.019355422001858340e-05
2.181592081583705323e-01 2.407742168800743336e-04
2.681592081583694664e-01 6.019355422001857392e-04
3.181592081583701770e-01 6.621290964202043022e-04
3.681592081583708875e-01 2.528129277240779866e-03
4.181592081583698217e-01 4.213548795401301367e-03
4.681592081583705323e-01 8.186323373922528915e-03
5.181592081583694664e-01 1.474742078390454958e-02
5.681592081583701770e-01 2.395703457956739266e-02
6.181592081583708875e-01 3.467148723073070621e-02
6.681592081583698217e-01 4.749271427959465830e-02
7.181592081583705323e-01 5.176645662921597335e-02
7.681592081583694664e-01 5.537806988241709971e-02
8.181592081583701770e-01 5.604019897883730228e-02
8.681592081583708875e-01 5.953142512359837352e-02
9.181592081583698217e-01 7.132936175072200624e-02
9.681592081583705323e-01 8.703987940214687191e-02
1.018159208158369466e+00 1.091911073551137118e-01
1.068159208158370177e+00 1.383247875976026942e-01
1.118159208158370888e+00 1.642080159122107086e-01
1.168159208158369822e+00 1.871417600700377437e-01
1.218159208158370532e+00 2.082696976012642920e-01
1.268159208158369466e+00 2.444460236874954340e-01
1.318159208158370177e+00 2.742418330264046467e-01
1.368159208158370888e+00 3.494837758014278650e-01
1.418159208158369822e+00 4.221373957449902625e-01
1.468159208158370532e+00 5.185072760512400292e-01
1.518159208158369466e+00 5.942909608142433742e-01
1.568159208158370177e+00 7.619300093169950605e-01
1.618159208158370888e+00 9.398019620371500515e-01
1.668159208158369822e+00 1.017030292101433808e+00
1.718159208158370532e+00 1.181418888676304624e+00
1.768159208158369466e+00 1.339426968503853788e+00
1.818159208158370177e+00 1.497254467668742262e+00
1.868159208158370888e+00 1.649544159845389046e+00
1.918159208158369822e+00 1.762346880453703690e+00
1.968159208158370532e+00 2.129166399870497273e+00
2.018159208158369466e+00 2.836500855509935803e+00
2.068159208158370177e+00 3.671204871878932963e+00
2.118159208158370888e+00 4.402977910531698846e+00
2.168159208158369822e+00 4.698046713318229983e+00
2.218159208158370532e+00 4.404422555832979924e+00
2.268159208158369466e+00 3.659226354589149022e+00
2.318159208158370177e+00 2.729235941889862183e+00
2.368159208158370888e+00 1.924448121968213909e+00
2.418159208158369822e+00 1.220123344039776514e+00
2.468159208158370532e+00 8.607076317920456798e-01
2.518159208158369466e+00 6.626106448539645921e-01
2.568159208158370177e+00 5.712970231021963219e-01
2.618159208158370888e+00 5.374682456305458489e-01
2.668159208158369822e+00 5.165208887619794353e-01
2.718159208158370532e+00 4.829930790614290759e-01
2.768159208158369466e+00 4.918415315317717917e-01
2.818159208158370177e+00 4.854610147844498624e-01
2.868159208158370888e+00 5.301848255699236345e-01
2.918159208158369822e+00 5.561884409929716000e-01
2.968159208158370532e+00 5.930268961756229862e-01
3.018159208158369466e+00 7.043247779284373955e-01
3.068159208158370177e+00 8.061722716687087509e-01
3.118159208158370888e+00 9.873548698709646576e-01
3.168159208158369822e+00 1.079932556261353316e+00
3.218159208158370532e+00 1.112316688431723488e+00
3.268159208158369466e+00 1.319563095611247183e+00
3.318159208158370177e+00 1.344483227058334895e+00
3.368159208158370888e+00 1.414488330616216594e+00
3.418159208158368045e+00 1.429055170737461244e+00
3.468159208158372309e+00 1.390711876699309180e+00
3.518159208158369466e+00 1.407686458989354295e+00
3.568159208158370177e+00 1.357786002540959380e+00
3.618159208158370888e+00 1.299518642055981221e+00
3.668159208158368045e+00 1.357244260552978865e+00
3.718159208158372309e+00 1.332023161334791261e+00
3.768159208158369466e+00 1.297110899887180535e+00
3.818159208158370177e+00 1.136755271445050841e+00
3.868159208158370888e+00 1.119961269817665750e+00
3.918159208158368045e+00 1.031898099993778350e+00
3.968159208158372309e+00 1.055132811922705693e+00
4.018159208158369466e+00 9.903043540277456369e-01
4.068159208158370177e+00 9.884985474011451778e-01
4.118159208158370888e+00 9.109692495657611966e-01
4.168159208158368045e+00 8.956800867938764510e-01
4.218159208158372309e+00 8.660648581176273453e-01
4.268159208158369466e+00 8.433116946224603616e-01
4.318159208158370177e+00 8.625134384186461389e-01
4.368159208158370888e+00 8.352457583569778965e-01
4.418159208158368045e+00 8.132149175124508966e-01
4.468159208158372309e+00 7.872714956436228650e-01
4.518159208158369466e+00 8.360282745618380362e-01
4.568159208158370177e+00 7.632542675098354934e-01
4.618159208158370888e+00 7.099829720251191745e-01
4.668159208158368045e+00 7.030005197355969626e-01
4.718159208158372309e+00 6.331158032861554652e-01
4.768159208158369466e+00 6.587582573838833833e-01
4.818159208158370177e+00 6.327546419608353068e-01
4.868159208158370888e+00 6.203547697915113845e-01
4.918159208158368045e+00 6.249896734664529552e-01
4.968159208158372309e+00 6.107839946705285739e-01
5.018159208158369466e+00 6.654397419023052596e-01
5.068159208158370177e+00 6.523175470823412425e-01
5.118159208158370888e+00 7.481456854006108825e-01
5.168159208158368045e+00 7.721027199801782093e-01
5.218159208158372309e+00 8.256147896817747078e-01
5.268159208158369466e+00 9.016994422158783884e-01
5.318159208158370177e+00 9.580406089658156654e-01
5.368159208158370888e+00 1.080233524032453207e+00
5.418159208158368045e+00 1.144098885059892989e+00
5.468159208158372309e+00 1.191230438014167836e+00
5.518159208158369466e+00 1.327207676997189667e+00
5.568159208158370177e+00 1.353993808625097994e+00
5.618159208158370888e+00 1.384150779289327060e+00
5.668159208158368045e+00 1.381863424228966464e+00
5.718159208158372309e+00 1.454757818389409207e+00
5.768159208158369466e+00 1.451386979353087803e+00
5.818159208158370177e+00 1.460416012486090764e+00
5.868159208158370888e+00 1.516034856585387836e+00
5.918159208158368045e+00 1.481242982246217199e+00
5.968159208158372309e+00 1.490151628270779849e+00
6.018159208158369466e+00 1.462703367546451583e+00
6.068159208158370177e+00 1.420567879592438354e+00
6.118159208158370888e+00 1.353873421516657904e+00
6.168159208158368045e+00 1.289586705609677919e+00
6.218159208158372309e+00 1.239626055607062627e+00
6.268159208158369466e+00 1.215247666147955208e+00
6.318159208158370177e+00 1.122910753974446507e+00
6.368159208158370888e+00 1.086072298791795454e+00
6.418159208158368045e+00 1.068796748730649782e+00
6.468159208158372309e+00 1.009987646257691551e+00
6.518159208158369466e+00 9.936751930640668196e-01
6.568159208158373730e+00 9.036858295051388712e-01
6.618159208158370888e+00 9.358291874586288639e-01
6.668159208158368045e+00 9.385980909527497085e-01
6.718159208158372309e+00 8.788860851664912488e-01
6.768159208158369466e+00 8.988703451675373879e-01
6.818159208158373730e+00 8.276613705252555686e-01
6.868159208158370888e+00 8.185119502838125172e-01
6.918159208158368045e+00 8.668473743224874850e-01
6.968159208158372309e+00 8.829792468534525263e-01
7.018159208158369466e+00 8.864704729982135767e-01
7.068159208158373730e+00 8.867714407693138012e-01
7.118159208158370888e+00 9.162060887829027722e-01
7.168159208158368045e+00 8.646804063705669785e-01
7.218159208158372309e+00 9.337826066151482252e-01
7.268159208158369466e+00 9.290273158317667868e-01
7.318159208158373730e+00 8.725657619733894199e-01
7.368159208158370888e+00 9.276428640847063090e-01
7.418159208158368045e+00 9.555124796885748895e-01
7.468159208158372309e+00 9.013382808905581189e-01
7.518159208158369466e+00 8.722046006480690394e-01
7.568159208158373730e+00 9.360699616755088215e-01
7.618159208158370888e+00 9.649026741468978985e-01
7.668159208158368045e+00 8.884568602874741705e-01
7.718159208158372309e+00 9.668288678819383364e-01
7.768159208158369466e+00 9.797102884850223958e-01
7.818159208158373730e+00 9.500348662545532452e-01
7.868159208158370888e+00 1.021785582884815247e+00
7.918159208158368045e+00 1.011010936679431982e+00
7.968159208158372309e+00 1.008663388064851452e+00
8.018159208158369466e+00 1.014441969269973098e+00
8.068159208158373730e+00 1.021123453788395308e+00
8.118159208158370888e+00 1.023170034631875724e+00
8.168159208158368045e+00 1.048692101621163664e+00
8.218159208158372309e+00 1.071565652224770515e+00
8.268159208158369466e+00 1.006436226558710567e+00
8.318159208158373730e+00 1.016007001679693378e+00
8.368159208158370888e+00 9.726676426412803611e-01
8.418159208158368045e+00 1.025036034812696339e+00
8.468159208158372309e+00 1.015043904812173325e+00
8.518159208158369466e+00 1.035088358367439287e+00
8.568159208158373730e+00 9.822986113164832167e-01
8.618159208158370888e+00 1.033764100174599188e+00
8.668159208158368045e+00 1.010770162462552024e+00
8.718159208158372309e+00 9.782054496295218282e-01
8.768159208158369466e+00 9.834422888466636259e-01
8.818159208158373730e+00 9.474465434230925354e-01
8.868159208158370888e+00 9.747142234847607778e-01
8.918159208158368045e+00 1.004269258606790061e+00
8.968159208158372309e+00 9.565357701103150978e-01
9.018159208158369466e+00 9.423902848686107614e-01
9.068159208158373730e+00 1.005774097462290406e+00
9.118159208158370888e+00 1.007339129872010908e+00
9.168159208158368045e+00 9.971062256546077140e-01
9.218159208158372309e+00 9.723666748701799145e-01
9.268159208158369466e+00 9.577998347489357078e-01
9.318159208158373730e+00 9.800112562561225094e-01
9.368159208158370888e+00 1.035690293909639736e+00
9.418159208158368045e+00 1.002463451980189379e+00
9.468159208158372309e+00 1.016428356559233803e+00
9.518159208158369466e+00 1.099375074274419273e+00
9.568159208158373730e+00 1.123753463733526914e+00
9.618159208158370888e+00 1.094619783491038056e+00
9.668159208158368045e+00 1.050979456681524482e+00
9.718159208158372309e+00 1.061272554453147388e+00
9.768159208158369466e+00 1.091309138008936586e+00
9.818159208158373730e+00 1.072709329754951257e+00
9.868159208158370888e+00 1.131337851565249242e+00
9.918159208158368045e+00 1.088841202285915966e+00
9.968159208158372309e+00 1.068255006742669710e+00
1.001815920815836947e+01 1.031777712885338483e+00
1.006815920815837373e+01 1.034787390596339396e+00
1.011815920815837089e+01 1.063921070838828697e+00
1.016815920815836805e+01 1.052303714874364804e+00
1.021815920815837231e+01 1.040866939572561156e+00
1.026815920815836947e+01 1.037315519873580172e+00
1.031815920815837373e+01 1.032620422644418667e+00
1.036815920815837089e+01 1.045562036801722883e+00
1.041815920815836805e+01 1.032801003307078691e+00
1.046815920815837231e+01 9.481086725195126963e-01
1.051815920815836947e+01 9.792889336054821925e-01
1.056815920815837373e+01 9.754967396896210285e-01
1.061815920815837089e+01 9.449184141458516484e-01
1.066815920815836805e+01 9.773025463162215987e-01
1.071815920815837231e+01 9.062741523365996921e-01
1.076815920815836947e+01 9.832015146297834463e-01
1.081815920815837373e+01 9.363107358923890011e-01
1.086815920815837089e+01 9.319166064343276101e-01
1.091815920815836805e+01 9.512989308931736332e-01
1.096815920815837231e+01 9.756773203522811633e-01
1.101815920815836947e+01 9.137983466141019750e-01
1.106815920815837373e+01 9.573182863151754596e-01
1.111815920815837089e+01 9.355884132417486843e-01
1.116815920815836805e+01 8.912859573358150600e-01
1.121815920815837231e+01 9.086818945054004892e-01
1.126815920815836947e+01 9.599066091466362804e-01
1.131815920815837373e+01 8.889986022754543527e-01
1.136815920815837089e+01 9.042877650473390982e-01
1.141815920815836805e+01 9.203594440240840946e-01
1.146815920815837231e+01 9.477475111941924268e-01
1.151815920815836947e+01 9.983702902932281020e-01
1.156815920815837373e+01 9.959023545702073710e-01
1.161815920815837089e+01 9.649628677011178324e-01
1.166815920815836805e+01 9.948790641484671626e-01
1.171815920815837231e+01 9.659259645686381068e-01
1.176815920815836947e+01 9.653842225806580357e-01
1.181815920815837373e+01 1.018053582523174239e+00
1.186815920815837089e+01 9.928926768592063468e-01
1.191815920815836805e+01 9.666482872192784237e-01
1.196815920815837231e+01 1.025337002583796453e+00
1.201815920815836947e+01 1.002343064871749290e+00
1.206815920815837373e+01 9.904849346904056606e-01
1.211815920815837089e+01 9.895218378228853862e-01
1.216815920815836805e+01 9.926519026423262781e-01
1.221815920815837231e+01 9.901237733650857242e-01
1.226815920815836947e+01 1.042010617102741676e+00
1.231815920815837373e+01 1.062175457766447950e+00
1.236815920815837089e+01 1.029069002945437683e+00
1.241815920815836805e+01 1.022628292643895653e+00
1.246815920815837231e+01 1.017271066318313988e+00
1.251815920815836947e+01 9.921703542085662519e-01
1.256815920815837373e+01 9.599668027008563254e-01
1.261815920815837089e+01 1.040144616921921061e+00
1.266815920815836805e+01 1.013418678848232890e+00
1.271815920815837231e+01 9.963237094497476853e-01
1.276815920815836947e+01 1.012214807763832436e+00
1.281815920815837373e+01 1.000296484028268873e+00
1.286815920815837089e+01 9.639395772793775130e-01
1.291815920815836805e+01 9.915684186663660249e-01
1.296815920815837231e+01 9.984906774016681918e-01
1.301815920815836947e+01 9.445572528205314899e-01
1.306815920815837373e+01 1.010830356016771958e+00
1.311815920815837089e+01 1.018956485836474579e+00
1.316815920815836805e+01 9.911470637868258216e-01
1.321815920815837231e+01 9.805529982441028025e-01
1.326815920815836947e+01 1.004750807040550198e+00
1.331815920815837373e+01 1.024072937945176065e+00
1.336815920815837089e+01 9.847665470395039478e-01
1.341815920815836805e+01 9.822986113164832167e-01
1.346815920815837231e+01 9.574988669778355943e-01
1.351815920815836947e+01 9.886189345095851566e-01
1.356815920815837373e+01 9.554522861343548445e-01
1.361815920815837089e+01 9.686948680627589514e-01
1.366815920815836805e+01 1.020822486017295194e+00
1.371815920815837231e+01 1.015946808125473666e+00
1.376815920815836947e+01 9.855490632443641985e-01
1.381815920815837373e+01 9.830811275213434675e-01
1.386815920815837089e+01 1.045140681922182679e+00
1.391815920815836805e+01 1.003667323064589834e+00
1.396815920815837231e+01 9.464232530013518829e-01
1.401815920815836947e+01 1.015224485474833349e+00
1.406815920815837373e+01 9.712229973399998384e-01
1.411815920815837089e+01 9.867529343287645416e-01
1.416815920815836805e+01 1.034546616379459438e+00
1.421815920815837231e+01 9.618328028816768294e-01
1.426815920815836947e+01 9.367922843261491384e-01
1.431815920815837373e+01 9.444368657120915111e-01
1.436815920815837089e+01 1.031777712885338483e+00
1.441815920815836805e+01 1.004148871498349749e+00
1.446815920815837231e+01 9.856092567985841324e-01
1.451815920815836947e+01 9.292680900486469664e-01
1.456815920815837373e+01 9.602075769177362830e-01
1.461815920815837089e+01 9.866325472203246738e-01
1.466815920815836805e+01 1.012876936860252597e+00
1.471815920815837231e+01 1.007760484751551111e+00
1.476815920815836947e+01 1.019016679390694513e+00
1.481815920815837373e+01 9.995139678234086222e-01
1.486815920815837089e+01 1.004811000594770132e+00
1.491815920815836805e+01 1.002704226197069559e+00
1.496815920815837231e+01 9.933140317387466611e-01
1.501815920815836947e+01 1.030152486921398047e+00
1.506815920815837373e+01 1.044960101259522434e+00
1.511815920815837089e+01 1.032199067764878686e+00
1.516815920815836805e+01 1.027865131861037229e+00
1.521815920815837231e+01 1.010950743125212048e+00
1.526815920815836947e+01 1.016127388788133690e+00
1.531815920815837373e+01 1.022869066860775611e+00
1.536815920815837089e+01 9.880771925216048635e-01
1.541815920815836805e+01 1.006255645896050543e+00
1.546815920815837231e+01 1.017271066318313988e+00
1.551815920815836947e+01 1.032439841981758644e+00
1.556815920815837373e+01 9.770015785451214851e-01
1.561815920815837089e+01 9.959023545702073710e-01
1.566815920815836805e+01 9.951800319195670541e-01
1.571815920815837231e+01 1.006797387884030615e+00
1.576815920815836947e+01 1.027744744752597139e+00
1.581815920815837373e+01 9.744734492678808202e-01
1.586815920815837089e+01 1.003787710173029923e+00
1.591815920815836805e+01 9.835024824008835598e-01
1.596815920815837231e+01 9.652638354722180569e-01
1.601815920815836947e+01 1.016007001679693378e+00
1.606815920815837373e+01 1.035028164813219576e+00
1.611815920815837089e+01 1.022568099089675497e+00
1.616815920815836805e+01 1.002463451980189379e+00
1.621815920815837231e+01 1.016428356559233803e+00
1.626815920815836947e+01 1.007098355655130950e+00
1.631815920815837373e+01 9.351670583622085919e-01
1.636815920815837089e+01 1.007640097643111021e+00
1.641815920815836805e+01 9.860908052323444917e-01
1.646815920815837231e+01 9.978285483052479199e-01
1.651815920815836947e+01 9.878364183047250169e-01
1.656815920815837373e+01 9.981897096305680783e-01
1.661815920815837089e+01 9.762792558944811683e-01
1.666815920815836805e+01 9.054916361317394413e-01
1.671815920815837231e+01 9.868131278829845865e-01
1.676815920815836947e+01 9.895820313771054311e-01
1.681815920815837373e+01 9.996945484860686459e-01
1.686815920815837089e+01 9.721860942075200018e-01
1.691815920815836805e+01 9.718249328821999544e-01
1.696815920815837231e+01 9.961431287870874396e-01
1.701815920815836947e+01 9.763394494487014352e-01
1.706815920815837373e+01 9.194565407107837540e-01
1.711815920815837089e+01 1.011612872221632209e+00
1.716815920815836805e+01 9.361301552297289774e-01
1.721815920815837231e+01 9.845257728226239902e-01
1.726815920815836947e+01 1.035509713246979491e+00
1.731815920815837373e+01 9.897626120397655658e-01
1.736815920815837089e+01 9.695977713760592920e-01
1.741815920815836805e+01 9.704404811351395876e-01
1.746815920815837231e+01 9.908460960157259301e-01
1.751815920815836947e+01 9.977081611968080521e-01
1.756815920815837373e+01 9.828403533044633988e-01
1.761815920815837089e+01 9.322175742054277237e-01
1.766815920815836805e+01 1.063138554633968003e+00
1.771815920815837231e+01 1.022267131318575606e+00
1.776815920815836947e+01 1.059165780055447037e+00
1.781815920815837373e+01 1.041107713789441336e+00
1.786815920815837089e+01 1.026781647885077087e+00
1.791815920815836805e+01 1.023410808848755904e+00
1.796815920815837231e+01 1.037315519873580172e+00
1.801815920815836947e+01 1.032801003307078691e+00
1.806815920815837373e+01 1.006857581438250770e+00
1.811815920815837089e+01 1.012515775534932549e+00
1.816815920815836805e+01 1.028527260957457390e+00
1.821815920815837231e+01 9.867529343287645416e-01
1.826815920815836947e+01 9.931936446303064603e-01
1.831815920815837373e+01 1.077825781863652521e+00
1.836815920815837089e+01 9.874752569794047474e-01
1.841815920815836805e+01 9.662871258939581542e-01
1.846815920815837231e+01 9.986712580643282156e-01
1.851815920815836947e+01 9.989722258354283291e-01
1.856815920815837373e+01 1.018234163185834262e+00
1.861815920815837089e+01 9.635182223998374207e-01
1.866815920815836805e+01 9.890402893891252489e-01
1.871815920815837231e+01 9.882577731842649982e-01
1.876815920815836947e+01 9.522018342064739738e-01
1.881815920815837373e+01 1.006616807221370591e+00
1.886815920815837089e+01 9.707414489062395901e-01
1.891815920815836805e+01 1.015525453245933463e+00
1.896815920815837231e+01 9.631570610745172623e-01
1.901815920815836947e+01 9.586425445080158925e-01
1.906815920815837373e+01 9.525629955317940212e-01
1.911815920815837089e+01 1.002764419751289493e+00
1.916815920815836805e+01 9.868733214372045204e-01
1.921815920815837231e+01 9.626153190865370801e-01
1.926815920815836947e+01 9.547901570379346836e-01
1.931815920815837373e+01 9.701997069182594080e-01
1.936815920815837089e+01 9.719453199906400442e-01
1.941815920815837515e+01 9.586425445080158925e-01
1.946815920815837231e+01 9.611104802310366235e-01
1.951815920815836947e+01 9.638191901709375342e-01
1.956815920815836662e+01 9.583415767369157789e-01
1.961815920815837089e+01 9.626755126407571250e-01
1.966815920815837515e+01 9.977081611968080521e-01
1.971815920815837231e+01 1.031717519331118549e+00
1.976815920815836947e+01 9.789277722801621451e-01
1.981815920815836662e+01 9.658657710144180619e-01
1.986815920815837089e+01 9.857898374612441561e-01
1.991815920815837515e+01 1.050558101801984279e+00
1.996815920815837231e+01 9.838636437262036072e-01
2.001815920815836947e+01 1.029791325596077778e+00
2.006815920815836662e+01 9.881975796300450643e-01
2.011815920815837089e+01 1.000477064690928675e+00
2.016815920815837515e+01 9.476873176399724930e-01
2.021815920815837231e+01 1.021424421559495199e+00
2.026815920815836947e+01 1.002523645534409535e+00
2.031815920815836662e+01 1.054591069934725400e+00
2.036815920815837089e+01 9.914480315579259351e-01
2.041815920815837515e+01 1.013719646619332782e+00
2.046815920815837231e+01 9.733899652919204559e-01
2.051815920815836947e+01 1.052062940657484624e+00
2.056815920815836662e+01 9.857898374612441561e-01
2.061815920815837089e+01 1.040686358909901132e+00
2.066815920815837515e+01 1.028346680294797366e+00
2.071815920815837231e+01 9.851277083648241062e-01
2.076815920815836947e+01 1.009927452703471618e+00
2.081815920815836662e+01 1.007218742763570818e+00
2.086815920815837089e+01 1.037616487644680285e+00
2.091815920815837515e+01 1.007459516980450998e+00
2.096815920815837231e+01 1.035449519692759557e+00
2.101815920815836947e+01 1.017933195414734149e+00
2.106815920815836662e+01 9.922907413170063418e-01
2.111815920815837089e+01 9.713433844484398172e-01
2.116815920815837515e+01 1.034907777704779264e+00
2.121815920815837231e+01 1.003306161739269564e+00
2.126815920815836947e+01 9.996945484860686459e-01
2.131815920815836662e+01 1.004088677944130037e+00
2.136815920815837089e+01 9.919295799916861833e-01
2.141815920815837515e+01 9.852480954732639740e-01
2.146815920815837231e+01 1.022086550655915360e+00
2.151815920815836947e+01 9.842248050515238766e-01
2.156815920815836662e+01 9.919295799916861833e-01
2.161815920815837089e+01 9.570173185440753461e-01
2.166815920815837515e+01 1.026962228547736888e+00
2.171815920815837231e+01 9.786268045090620316e-01
2.176815920815836947e+01 1.043515455958242022e+00
2.181815920815836662e+01 9.613512544479168032e-01
2.186815920815837089e+01 9.968654514377277565e-01
2.191815920815837515e+01 9.889800958349050930e-01
2.196815920815837231e+01 9.462426723386920813e-01
2.201815920815836947e+01 9.901839669193056581e-01
2.206815920815836662e+01 1.018956485836474579e+00
2.211815920815837089e+01 1.003245968185049630e+00
2.216815920815837515e+01 9.953606125822271888e-01
2.221815920815837231e+01 9.395009942660499380e-01
2.226815920815836947e+01 1.027082615656176978e+00
2.231815920815836662e+01 1.054651263488945556e+00
2.236815920815837089e+01 1.010709968908331868e+00
2.241815920815837515e+01 1.014080807944653051e+00
2.246815920815837231e+01 9.635182223998374207e-01
2.251815920815836947e+01 9.948790641484671626e-01
2.256815920815836662e+01 1.020461324691974925e+00
2.261815920815837089e+01 9.562348023392152063e-01
2.266815920815837515e+01 9.898228055939856107e-01
2.271815920815837231e+01 9.551513183632548420e-01
2.276815920815836947e+01 9.880771925216048635e-01
2.281815920815836662e+01 1.044839714151082566e+00
2.286815920815837089e+01 9.824189984249231955e-01
2.291815920815837515e+01 9.901237733650857242e-01
2.296815920815837231e+01 9.993935807149684214e-01
2.301815920815836947e+01 1.028587454511677546e+00
2.306815920815836662e+01 9.966848707750676217e-01
2.311815920815837089e+01 1.021605002222155223e+00
2.316815920815837515e+01 9.843451921599638554e-01
2.321815920815837231e+01 1.039061132945960697e+00
2.326815920815836947e+01 1.001259580895788925e+00
2.331815920815836662e+01 1.003185774630829696e+00
2.336815920815837089e+01 9.970460321003877802e-01
2.341815920815837515e+01 9.415475751095304657e-01
2.346815920815837231e+01 9.934946124014066848e-01
2.351815920815836947e+01 1.021544808667935289e+00
2.356815920815836662e+01 9.709822231231196588e-01
2.361815920815837089e+01 9.993935807149684214e-01
2.366815920815837515e+01 1.006014871679170364e+00
2.371815920815837231e+01 9.977683547510279860e-01
2.376815920815836947e+01 9.549707377005947073e-01
2.381815920815836662e+01 9.662871258939581542e-01
2.386815920815837089e+01 9.947586770400271838e-01
2.391815920815837515e+01 9.777239011957618020e-01
2.396815920815837231e+01 9.381165425189896823e-01
2.401815920815836947e+01 9.833820952924434700e-01
2.406815920815836662e+01 1.010709968908331868e+00
2.411815920815837089e+01 9.361301552297289774e-01
2.416815920815837515e+01 9.410660266757704395e-01
2.421815920815837231e+01 9.275826705304862640e-01
2.426815920815836947e+01 9.798306755934624857e-01
2.431815920815836662e+01 9.584017702911358239e-01
2.436815920815837089e+01 8.998936355892778183e-01
2.441815920815837515e+01 9.113304108910812440e-01
2.446815920815837231e+01 9.271613156509462828e-01
2.451815920815836947e+01 9.443766721578714662e-01
2.456815920815836662e+01 9.652638354722180569e-01
2.461815920815837089e+01 9.332408646271681540e-01
2.466815920815837515e+01 9.494931242665729521e-01
2.471815920815837231e+01 1.001741129329549285e+00
2.476815920815836947e+01 9.956615803533273024e-01
2.481815920815836662e+01 9.283049931811264699e-01
2.486815920815837089e+01 9.828403533044633988e-01
2.491815920815837515e+01 9.946984834858070279e-01
2.496815920815837231e+01 9.381767360732095051e-01
2.501815920815836947e+01 9.665880936650582678e-01
2.506815920815836662e+01 1.027022422101957044e+00
2.511815920815837089e+01 9.994537742691884663e-01
2.516815920815837515e+01 1.034787390596339396e+00
2.521815920815837231e+01 1.007218742763570818e+00
2.526815920815836947e+01 1.024253518607836089e+00
2.531815920815836662e+01 1.057721134754166403e+00
2.536815920815837089e+01 1.060911393127827562e+00
2.541815920815837515e+01 1.070121006923490103e+00
2.546815920815837231e+01 1.007880871859990979e+00
2.551815920815836947e+01 9.941567414978268458e-01
2.556815920815836662e+01 1.039663068488160924e+00
2.561815920815837089e+01 1.056336683007106148e+00
2.566815920815837515e+01 1.051280424452624374e+00
2.571815920815837231e+01 1.061392941561587699e+00
2.576815920815836947e+01 1.057119199211966398e+00
2.581815920815837373e+01 1.007519710534670931e+00
2.586815920815837089e+01 1.014983711257953169e+00
2.591815920815837515e+01 1.049956166259784052e+00
2.596815920815837231e+01 9.676113840867985871e-01
2.601815920815836947e+01 1.035449519692759557e+00
2.606815920815837373e+01 1.027744744752597139e+00
2.611815920815837089e+01 9.850675148106038392e-01
2.616815920815837515e+01 1.009927452703471618e+00
2.621815920815837231e+01 9.993333871607484875e-01
2.626815920815836947e+01 9.795899013765824170e-01
2.631815920815837373e+01 1.026179712342876638e+00
2.636815920815837089e+01 9.803724175814425568e-01
2.641815920815837515e+01 9.726676426412803611e-01
2.646815920815837231e+01 9.682133196289988142e-01
2.651815920815836947e+01 1.003065387522389607e+00
2.656815920815837373e+01 1.004750807040550198e+00
2.661815920815837089e+01 1.051039650235744638e+00
2.666815920815837515e+01 1.051099843789964572e+00
2.671815920815837231e+01 1.028045712523697253e+00
2.676815920815836947e+01 1.013960420836212961e+00
2.681815920815837373e+01 9.996945484860686459e-01
2.686815920815837089e+01 1.117372946986204818e+00
2.691815920815837515e+01 1.034004874391479145e+00
2.696815920815837231e+01 1.009325517161271613e+00
2.701815920815836947e+01 1.059587134934987018e+00
2.706815920815837373e+01 1.058985199392786791e+00
2.711815920815837089e+01 1.016488550113453737e+00
2.716815920815837515e+01 1.048090166078963437e+00
2.721815920815837231e+01 1.109066236503842173e+00
2.726815920815836947e+01 1.022688486198115587e+00
2.731815920815837373e+01 9.901237733650857242e-01
2.736815920815837089e+01 1.012816743306032663e+00
2.741815920815837515e+01 9.957819674617673922e-01
2.746815920815837231e+01 9.721860942075200018e-01
2.751815920815836947e+01 9.981295160763480334e-01
2.756815920815837373e+01 9.778442883042017808e-01
2.761815920815837089e+01 9.988518387269882393e-01
2.766815920815837515e+01 9.874150634251848135e-01
2.771815920815837231e+01 9.013984744447782749e-01
2.776815920815836947e+01 9.323981548680877474e-01
2.781815920815837373e+01 9.032644746255988899e-01
2.786815920815837089e+01 8.967635707698368153e-01
2.791815920815837515e+01 9.444368657120915111e-01
2.796815920815837231e+01 8.831598275161125500e-01
2.801815920815836947e+01 8.479465982974017102e-01
2.806815920815837373e+01 8.728065361902693775e-01
2.811815920815837089e+01 8.483679531769418025e-01
2.816815920815837515e+01 8.088809816086096616e-01
2.821815920815837231e+01 7.936520123909449609e-01
2.826815920815836947e+01 8.300089191398362098e-01
2.831815920815837373e+01 8.368709843209182209e-01
2.836815920815837089e+01 7.864287858845426804e-01
2.841815920815837515e+01 8.439136301646604776e-01
2.846815920815837231e+01 8.436728559477804090e-01
2.851815920815836947e+01 8.467427272130012561e-01
2.856815920815837373e+01 8.723249877565092403e-01
2.861815920815837089e+01 9.090430558307205366e-01
2.866815920815837515e+01 9.351670583622085919e-01
2.871815920815837231e+01 9.533455117366541609e-01
2.876815920815836947e+01 9.866927407745444967e-01
2.881815920815837373e+01 1.048090166078963437e+00
2.886815920815837089e+01 1.154211402168856315e+00
2.891815920815837515e+01 1.133384432408729658e+00
2.896815920815837231e+01 1.156799725000317247e+00
2.901815920815836947e+01 1.219039860063816372e+00
2.906815920815837373e+01 1.295004125489479740e+00
2.911815920815837089e+01 1.363263615974980913e+00
2.916815920815837515e+01 1.354836518384178179e+00
2.921815920815837231e+01 1.385053682602627401e+00
2.926815920815836947e+01 1.472876078209634843e+00
2.931815920815837373e+01 1.458068463871510012e+00
2.936815920815837089e+01 1.465833432365892364e+00
2.941815920815837515e+01 1.478173110980996130e+00
2.946815920815837231e+01 1.495809822367461850e+00
2.951815920815836947e+01 1.482145885559517318e+00
2.956815920815837373e+01 1.405519491037433566e+00
2.961815920815837089e+01 1.357485034769858823e+00
2.966815920815837515e+01 1.349720066275476693e+00
2.971815920815837231e+01 1.303732190851382367e+00
2.976815920815836947e+01 1.195082825484248934e+00
2.981815920815837373e+01 1.136574690782390595e+00
2.986815920815837089e+01 1.131277658011029086e+00
2.991815920815837515e+01 9.868131278829845865e-01
2.996815920815837231e+01 9.129556368550217904e-01
3.001815920815836947e+01 8.581795025148049039e-01
3.006815920815837373e+01 7.982267225116663756e-01
3.011815920815837089e+01 8.083392396206294794e-01
3.016815920815837515e+01 6.770570978667689310e-01
3.021815920815837231e+01 7.000510355788160943e-01
3.026815920815836947e+01 6.654397419023052596e-01
3.031815920815837373e+01 5.991666387060647914e-01
3.036815920815837089e+01 6.044034779232065890e-01
3.041815920815837515e+01 5.985045096096446304e-01
3.046815920815837231e+01 6.269760607557135490e-01
3.051815920815836947e+01 5.953744447902038495e-01
3.056815920815837373e+01 6.422652235275982946e-01
3.061815920815837089e+01 6.942724543736942255e-01
3.066815920815837515e+01 6.884336796143525339e-01
3.071815920815837231e+01 8.142382079341913270e-01
3.076815920815836947e+01 7.895588507039835724e-01
3.081815920815837373e+01 8.120712399822705985e-01
3.086815920815837089e+01 8.892995700465544662e-01
3.091815920815837515e+01 9.095847978187008298e-01
3.096815920815837231e+01 9.059129910112795336e-01
3.101815920815836947e+01 1.008242033185311248e+00
3.106815920815837373e+01 9.534658988450943617e-01
3.111815920815837089e+01 9.887393216180252464e-01
3.116815920815837515e+01 1.053928940838305461e+00
3.121815920815837231e+01 1.071926813550090785e+00
3.126815920815836947e+01 1.104190558612020645e+00
3.131815920815837373e+01 1.173352952410822159e+00
3.136815920815837089e+01 1.201523535785790742e+00
3.141815920815837515e+01 1.278330510970534739e+00
3.146815920815837231e+01 1.295786641694339769e+00
3.151815920815836947e+01 1.345506517480075104e+00
3.156815920815837373e+01 1.408288394531554966e+00
3.161815920815837089e+01 1.412742717543835846e+00
3.166815920815837515e+01 1.331481419346810746e+00
3.171815920815837231e+01 1.304695287718902641e+00
3.176815920815836947e+01 1.299398254947541131e+00
3.181815920815837373e+01 1.185150889037946076e+00
3.186815920815837089e+01 1.206158439460732090e+00
3.191815920815837515e+01 1.144520239939433193e+00
3.196815920815837231e+01 1.181238308013644600e+00
3.201815920815836591e+01 1.094439202828377811e+00
3.206815920815837728e+01 9.894616442686654523e-01
3.211815920815837444e+01 9.503358340256531367e-01
3.216815920815837160e+01 8.599853091414054740e-01
3.221815920815836876e+01 8.389175651643989706e-01
3.226815920815836591e+01 6.658009032276256400e-01
3.231815920815837728e+01 6.451545141301591180e-01
3.236815920815837444e+01 5.821920564160196765e-01
3.241815920815837160e+01 5.253693412323221512e-01
3.246815920815836876e+01 5.014123066527547135e-01
3.251815920815836591e+01 4.754086912297068035e-01
3.256815920815837728e+01 4.657777225545037814e-01
3.261815920815837444e+01 4.530768826140798566e-01
3.266815920815837160e+01 4.772144978563072626e-01
3.271815920815836876e+01 4.686068196028446708e-01
3.276815920815836591e+01 5.182063082801399156e-01
3.281815920815837728e+01 6.596009671429635679e-01
3.286815920815837444e+01 8.307312417904764157e-01
3.291815920815837160e+01 1.245886185245944411e+00
3.296815920815836876e+01 1.882974763110621064e+00
3.301815920815836591e+01 2.697995487249673197e+00
3.306815920815837728e+01 3.670482549228292868e+00
3.311815920815837444e+01 4.461124883908237138e+00
3.316815920815837160e+01 4.747164653561765313e+00
3.321815920815836876e+01 4.577719798432412723e+00
3.326815920815836591e+01 3.782081398752207946e+00
3.331815920815837728e+01 2.966940287504715723e+00
3.336815920815837444e+01 2.132717819569478479e+00
3.341815920815837160e+01 1.693365067317562644e+00
3.346815920815836876e+01 1.280256704705575288e+00
3.351815920815836591e+01 1.247631798318325158e+00
3.356815920815837728e+01 1.107380816985681582e+00
3.361815920815837444e+01 1.087697524755735667e+00
3.366815920815837160e+01 1.020220550475094745e+00
3.371815920815836876e+01 9.060333781197195124e-01
3.376815920815836591e+01 8.180304018500523799e-01
3.381815920815837728e+01 6.391351587081572916e-01
3.386815920815837444e+01 5.297634706903835422e-01
3.391815920815837160e+01 4.515720437585793445e-01
3.396815920815836876e+01 3.333519032704629348e-01
3.401815920815836591e+01 2.605177026642403471e-01
3.406815920815837728e+01 2.193453115777476981e-01
3.411815920815837444e+01 1.701069842257724729e-01
3.416815920815837160e+01 1.459091754293250498e-01
3.421815920815836876e+01 1.316433030791806513e-01
3.426815920815836591e+01 1.155114305482156517e-01
3.431815920815837728e+01 1.063620103067728362e-01
3.436815920815837444e+01 9.372136392056891474e-02
3.441815920815837160e+01 9.618929964358967355e-02
3.446815920815836876e+01 9.986110645101083094e-02
3.451815920815836591e+01 1.047367843428323314e-01
3.456815920815837728e+01 9.727278361955002395e-02
3.461815920815837444e+01 8.938742801672758254e-02
3.466815920815837160e+01 6.759736138908085945e-02
3.471815920815836876e+01 4.508497211079391664e-02
3.476815920815836591e+01 3.286568060413014303e-02
3.481815920815837728e+01 1.890077602508583379e-02
3.486815920815837444e+01 1.065425909694328946e-02
3.491815920815837160e+01 6.019355422001858476e-03
3.496815920815836876e+01 2.949484156780910350e-03
3.501815920815836591e+01 3.069871265220947259e-03
3.506815920815837728e+01 2.106774397700650683e-03
3.511815920815837444e+01 1.926193735040594669e-03
3.516815920815837160e+01 1.083483975960334569e-03
3.521815920815836876e+01 1.203871084400371478e-03
3.526815920815836591e+01 6.019355422001857392e-04
3.531815920815837728e+01 2.407742168800743336e-04
3.536815920815837444e+01 1.805806626600557434e-04
3.541815920815837160e+01 0.000000000000000000e+00
3.546815920815836876e+01 0.000000000000000000e+00
3.551815920815836591e+01 0.000000000000000000e+00
3.556815920815837728e+01 0.000000000000000000e+00
3.561815920815837444e+01 0.000000000000000000e+00
3.566815920815837160e+01 0.000000000000000000e+00
3.571815920815836876e+01 0.000000000000000000e+00
3.576815920815836591e+01 0.000000000000000000e+00
3.581815920815837728e+01 0.000000000000000000e+00
3.586815920815837444e+01 0.000000000000000000e+00
3.591815920815837160e+01 0.000000000000000000e+00
3.596815920815836876e+01 0.000000000000000000e+00
3.601815920815836591e+01 0.000000000000000000e+00
3.606815920815837728e+01 0.000000000000000000e+00
3.611815920815837444e+01 0.000000000000000000e+00
3.616815920815837160e+01 0.000000000000000000e+00
3.621815920815836876e+01 0.000000000000000000e+00
3.626815920815836591e+01 0.000000000000000000e+00
3.631815920815837728e+01 0.000000000000000000e+00
3.636815920815837444e+01 0.000000000000000000e+00
3.641815920815837160e+01 0.000000000000000000e+00
3.646815920815836876e+01 0.000000000000000000e+00
3.651815920815836591e+01 0.000000000000000000e+00
3.656815920815837728e+01 0.000000000000000000e+00
3.661815920815837444e+01 0.000000000000000000e+00
3.666815920815837160e+01 0.000000000000000000e+00
3.671815920815836876e+01 0.000000000000000000e+00
3.676815920815836591e+01 0.000000000000000000e+00
3.681815920815837728e+01 0.000000000000000000e+00
3.686815920815837444e+01 0.000000000000000000e+00
3.691815920815837160e+01 0.000000000000000000e+00
3.696815920815836876e+01 0.000000000000000000e+00
3.701815920815836591e+01 0.000000000000000000e+00
3.706815920815837728e+01 0.000000000000000000e+00
3.711815920815837444e+01 0.000000000000000000e+00
3.716815920815837160e+01 0.000000000000000000e+00
3.721815920815836876e+01 0.000000000000000000e+00
3.726815920815836591e+01 0.000000000000000000e+00
3.731815920815837728e+01 0.000000000000000000e+00
