-1.263253034863180169e+01 0.000000000000000000e+00
-1.258253034863180275e+01 0.000000000000000000e+00
-1.253253034863180204e+01 0.000000000000000000e+00
-1.248253034863180133e+01 0.000000000000000000e+00
-1.243253034863180240e+01 0.000000000000000000e+00
-1.238253034863180169e+01 0.000000000000000000e+00
-1.233253034863180275e+01 0.000000000000000000e+00
-1.228253034863180204e+01 0.000000000000000000e+00
-1.223253034863180133e+01 0.000000000000000000e+00
-1.218253034863180240e+01 3.009978648678261239e-05
-1.213253034863180169e+01 0.000000000000000000e+00
-1.208253034863180275e+01 0.000000000000000000e+00
-1.203253034863180204e+01 0.000000000000000000e+00
-1.198253034863180133e+01 0.000000000000000000e+00
-1.193253034863180240e+01 0.000000000000000000e+00
-1.188253034863180169e+01 0.000000000000000000e+00
-1.183253034863180275e+01 0.000000000000000000e+00
-1.178253034863180204e+01 0.000000000000000000e+00
-1.173253034863180133e+01 0.000000000000000000e+00
-1.168253034863180240e+01 0.000000000000000000e+00
-1.163253034863180169e+01 0.000000000000000000e+00
-1.158253034863180275e+01 0.000000000000000000e+00
-1.153253034863180204e+01 0.000000000000000000e+00
-1.148253034863180133e+01 0.000000000000000000e+00
-1.143253034863180240e+01 0.000000000000000000e+00
-1.138253034863180169e+01 0.000000000000000000e+00
-1.133253034863180275e+01 0.000000000000000000e+00
-1.128253034863180204e+01 0.000000000000000000e+00
-1.123253034863180133e+01 0.000000000000000000e+00
-1.118253034863180240e+01 0.000000000000000000e+00
-1.113253034863180169e+01 0.000000000000000000e+00
-1.108253034863180275e+01 0.000000000000000000e+00
-1.103253034863180204e+01 0.000000000000000000e+00
-1.098253034863180133e+01 0.000000000000000000e+00
-1.093253034863180240e+01 0.000000000000000000e+00
-1.088253034863180169e+01 0.000000000000000000e+00
-1.083253034863180275e+01 0.000000000000000000e+00
-1.078253034863180204e+01 0.000000000000000000e+00
-1.073253034863180133e+01 0.000000000000000000e+00
-1.068253034863180240e+01 0.000000000000000000e+00
-1.063253034863180169e+01 0.000000000000000000e+00
-1.058253034863180275e+01 0.000000000000000000e+00
-1.053253034863180204e+01 0.000000000000000000e+00
-1.048253034863180133e+01 0.000000000000000000e+00
-1.043253034863180240e+01 0.000000000000000000e+00
-1.038253034863180169e+01 0.000000000000000000e+00
-1.033253034863180275e+01 0.000000000000000000e+00
-1.028253034863180204e+01 0.000000000000000000e+00
-1.023253034863180133e+01 0.000000000000000000e+00
-1.018253034863180240e+01 0.000000000000000000e+00
-1.013253034863180169e+01 0.000000000000000000e+00
-1.008253034863180275e+01 0.000000000000000000e+00
-1.003253034863180204e+01 0.000000000000000000e+00
-9.982530348631801331e+00 0.000000000000000000e+00
-9.932530348631802397e+00 0.000000000000000000e+00
-9.882530348631801687e+00 0.000000000000000000e+00
-9.832530348631802752e+00 0.000000000000000000e+00
-9.782530348631802042e+00 0.000000000000000000e+00
-9.732530348631801331e+00 0.000000000000000000e+00
-9.682530348631802397e+00 0.000000000000000000e+00
-9.632530348631801687e+00 0.000000000000000000e+00
-9.582530348631802752e+00 0.000000000000000000e+00
-9.532530348631802042e+00 0.000000000000000000e+00
-9.482530348631801331e+00 0.000000000000000000e+00
-9.432530348631802397e+00 0.000000000000000000e+00
-9.382530348631801687e+00 0.000000000000000000e+00
-9.332530348631802752e+00 0.000000000000000000e+00
-9.282530348631802042e+00 0.000000000000000000e+00
-9.232530348631801331e+00 0.000000000000000000e+00
-9.182530348631802397e+00 0.000000000000000000e+00
-9.132530348631801687e+00 0.000000000000000000e+00
-9.082530348631802752e+00 0.000000000000000000e+00
-9.032530348631802042e+00 0.000000000000000000e+00
-8.982530348631801331e+00 0.000000000000000000e+00
-8.932530348631802397e+00 0.000000000000000000e+00
-8.882530348631801687e+00 0.000000000000000000e+00
-8.832530348631802752e+00 0.000000000000000000e+00
-8.782530348631802042e+00 0.000000000000000000e+00
-8.732530348631801331e+00 0.000000000000000000e+00
-8.682530348631802397e+00 0.000000000000000000e+00
-8.632530348631801687e+00 0.000000000000000000e+00
-8.582530348631802752e+00 0.000000000000000000e+00
-8.532530348631802042e+00 0.000000000000000000e+00
-8.482530348631801331e+00 0.000000000000000000e+00
-8.432530348631802397e+00 0.000000000000000000e+00
-8.382530348631801687e+00 0.000000000000000000e+00
-8.332530348631802752e+00 0.000000000000000000e+00
-8.282530348631802042e+00 0.000000000000000000e+00
-8.232530348631801331e+00 0.000000000000000000e+00
-8.182530348631802397e+00 0.000000000000000000e+00
-8.132530348631801687e+00 0.000000000000000000e+00
-8.082530348631802752e+00 0.000000000000000000e+00
-8.032530348631802042e+00 0.000000000000000000e+00
-7.982530348631801331e+00 0.000000000000000000e+00
-7.932530348631802397e+00 0.000000000000000000e+00
-7.882530348631801687e+00 0.000000000000000000e+00
-7.832530348631800976e+00 0.000000000000000000e+00
-7.782530348631802042e+00 0.000000000000000000e+00
-7.732530348631801331e+00 0.000000000000000000e+00
-7.682530348631802397e+00 0.000000000000000000e+00
-7.632530348631801687e+00 0.000000000000000000e+00
-7.582530348631800976e+00 0.000000000000000000e+00
-7.532530348631802042e+00 0.000000000000000000e+00
-7.482530348631801331e+00 0.000000000000000000e+00
-7.432530348631802397e+00 0.000000000000000000e+00
-7.382530348631801687e+00 0.000000000000000000e+00
-7.332530348631800976e+00 0.000000000000000000e+00
-7.282530348631802042e+00 0.000000000000000000e+00
-7.232530348631801331e+00 0.000000000000000000e+00
-7.182530348631802397e+00 0.000000000000000000e+00
-7.132530348631801687e+00 0.000000000000000000e+00
-7.082530348631800976e+00 0.000000000000000000e+00
-7.032530348631802042e+00 0.000000000000000000e+00
-6.982530348631801331e+00 0.000000000000000000e+00
-6.932530348631802397e+00 0.000000000000000000e+00
-6.882530348631801687e+00 0.000000000000000000e+00
-6.832530348631800976e+00 0.000000000000000000e+00
-6.782530348631802042e+00 0.000000000000000000e+00
-6.732530348631801331e+00 0.000000000000000000e+00
-6.682530348631802397e+00 0.000000000000000000e+00
-6.632530348631801687e+00 0.000000000000000000e+00
-6.582530348631800976e+00 0.000000000000000000e+00
-6.532530348631802042e+00 0.000000000000000000e+00
-6.482530348631801331e+00 0.000000000000000000e+00
-6.432530348631802397e+00 0.000000000000000000e+00
-6.382530348631801687e+00 0.000000000000000000e+00
-6.332530348631800976e+00 0.000000000000000000e+00
-6.282530348631802042e+00 0.000000000000000000e+00
-6.232530348631801331e+00 0.000000000000000000e+00
-6.182530348631802397e+00 0.000000000000000000e+00
-6.132530348631801687e+00 0.000000000000000000e+00
-6.082530348631800976e+00 0.000000000000000000e+00
-6.032530348631802042e+00 0.000000000000000000e+00
-5.982530348631801331e+00 0.000000000000000000e+00
-5.932530348631802397e+00 0.000000000000000000e+00
-5.882530348631801687e+00 0.000000000000000000e+00
-5.832530348631800976e+00 0.000000000000000000e+00
-5.782530348631802042e+00 0.000000000000000000e+00
-5.732530348631801331e+00 0.000000000000000000e+00
-5.682530348631802397e+00 0.000000000000000000e+00
-5.632530348631801687e+00 0.000000000000000000e+00
-5.582530348631800976e+00 0.000000000000000000e+00
-5.532530348631802042e+00 0.000000000000000000e+00
-5.482530348631801331e+00 0.000000000000000000e+00
-5.432530348631802397e+00 0.000000000000000000e+00
-5.382530348631801687e+00 0.000000000000000000e+00
-5.332530348631800976e+00 0.000000000000000000e+00
-5.282530348631802042e+00 0.000000000000000000e+00
-5.232530348631801331e+00 0.000000000000000000e+00
-5.182530348631802397e+00 0.000000000000000000e+00
-5.132530348631801687e+00 0.000000000000000000e+00
-5.082530348631800976e+00 0.000000000000000000e+00
-5.032530348631802042e+00 0.000000000000000000e+00
-4.982530348631801331e+00 0.000000000000000000e+00
-4.932530348631802397e+00 0.000000000000000000e+00
-4.882530348631801687e+00 0.000000000000000000e+00
-4.832530348631800976e+00 0.000000000000000000e+00
-4.782530348631802042e+00 0.000000000000000000e+00
-4.732530348631801331e+00 0.000000000000000000e+00
-4.682530348631802397e+00 0.000000000000000000e+00
-4.632530348631801687e+00 0.000000000000000000e+00
-4.582530348631802752e+00 0.000000000000000000e+00
-4.532530348631802042e+00 0.000000000000000000e+00
-4.482530348631801331e+00 0.000000000000000000e+00
-4.432530348631800621e+00 0.000000000000000000e+00
-4.382530348631801687e+00 0.000000000000000000e+00
-4.332530348631802752e+00 0.000000000000000000e+00
-4.282530348631802042e+00 0.000000000000000000e+00
-4.232530348631801331e+00 0.000000000000000000e+00
-4.182530348631800621e+00 0.000000000000000000e+00
-4.132530348631801687e+00 0.000000000000000000e+00
-4.082530348631802752e+00 0.000000000000000000e+00
-4.032530348631802042e+00 0.000000000000000000e+00
-3.982530348631801331e+00 0.000000000000000000e+00
-3.932530348631800621e+00 0.000000000000000000e+00
-3.882530348631801687e+00 0.000000000000000000e+00
-3.832530348631802752e+00 0.000000000000000000e+00
-3.782530348631802042e+00 0.000000000000000000e+00
-3.732530348631801331e+00 0.000000000000000000e+00
-3.682530348631800621e+00 0.000000000000000000e+00
-3.632530348631801687e+00 0.000000000000000000e+00
-3.582530348631802752e+00 0.000000000000000000e+00
-3.532530348631802042e+00 0.000000000000000000e+00
-3.482530348631801331e+00 0.000000000000000000e+00
-3.432530348631800621e+00 0.000000000000000000e+00
-3.382530348631801687e+00 0.000000000000000000e+00
-3.332530348631802752e+00 0.000000000000000000e+00
-3.282530348631802042e+00 0.000000000000000000e+00
-3.232530348631801331e+00 0.000000000000000000e+00
-3.182530348631800621e+00 0.000000000000000000e+00
-3.132530348631801687e+00 0.000000000000000000e+00
-3.082530348631800976e+00 0.000000000000000000e+00
-3.032530348631802042e+00 0.000000000000000000e+00
-2.982530348631801331e+00 0.000000000000000000e+00
-2.932530348631800621e+00 0.000000000000000000e+00
-2.882530348631801687e+00 0.000000000000000000e+00
-2.832530348631800976e+00 0.000000000000000000e+00
-2.782530348631802042e+00 0.000000000000000000e+00
-2.732530348631801331e+00 0.000000000000000000e+00
-2.682530348631800621e+00 0.000000000000000000e+00
-2.632530348631801687e+00 0.000000000000000000e+00
-2.582530348631800976e+00 0.000000000000000000e+00
-2.532530348631802042e+00 0.000000000000000000e+00
-2.482530348631801331e+00 0.000000000000000000e+00
-2.432530348631800621e+00 0.000000000000000000e+00
-2.382530348631801687e+00 0.000000000000000000e+00
-2.332530348631800976e+00 0.000000000000000000e+00
-2.282530348631802042e+00 0.000000000000000000e+00
-2.232530348631801331e+00 0.000000000000000000e+00
-2.182530348631800621e+00 0.000000000000000000e+00
-2.132530348631801687e+00 0.000000000000000000e+00
-2.082530348631800976e+00 0.000000000000000000e+00
-2.032530348631802042e+00 0.000000000000000000e+00
-1.982530348631801331e+00 0.000000000000000000e+00
-1.932530348631800621e+00 0.000000000000000000e+00
-1.882530348631801687e+00 0.000000000000000000e+00
-1.832530348631800976e+00 0.000000000000000000e+00
-1.782530348631802042e+00 0.000000000000000000e+00
-1.732530348631801331e+00 0.000000000000000000e+00
-1.682530348631800621e+00 0.000000000000000000e+00
-1.632530348631801687e+00 0.000000000000000000e+00
-1.582530348631800976e+00 0.000000000000000000e+00
-1.532530348631802042e+00 0.000000000000000000e+00
-1.482530348631801331e+00 0.000000000000000000e+00
-1.432530348631800621e+00 0.000000000000000000e+00
-1.382530348631801687e+00 0.000000000000000000e+00
-1.332530348631800976e+00 0.000000000000000000e+00
-1.282530348631802042e+00 0.000000000000000000e+00
-1.232530348631801331e+00 0.000000000000000000e+00
-1.182530348631800621e+00 0.000000000000000000e+00
-1.132530348631801687e+00 0.000000000000000000e+00
-1.082530348631800976e+00 0.000000000000000000e+00
-1.032530348631802042e+00 0.000000000000000000e+00
-9.825303486318013313e-01 0.000000000000000000e+00
-9.325303486318006208e-01 0.000000000000000000e+00
-8.825303486318016866e-01 0.000000000000000000e+00
-8.325303486318009760e-01 0.000000000000000000e+00
-7.825303486318020418e-01 0.000000000000000000e+00
-7.325303486318013313e-01 0.000000000000000000e+00
-6.825303486318006208e-01 0.000000000000000000e+00
-6.325303486318016866e-01 0.000000000000000000e+00
-5.825303486318009760e-01 0.000000000000000000e+00
-5.325303486318020418e-01 0.000000000000000000e+00
-4.825303486318013313e-01 0.000000000000000000e+00
-4.325303486318006208e-01 0.000000000000000000e+00
-3.825303486318016866e-01 0.000000000000000000e+00
-3.325303486318009760e-01 0.000000000000000000e+00
-2.825303486318020418e-01 0.000000000000000000e+00
-2.325303486318013313e-01 6.019957297356522477e-05
-1.825303486318006208e-01 0.000000000000000000e+00
-1.325303486318016866e-01 9.029935946034783716e-05
-8.253034863180097602e-02 2.708980783810435115e-04
-3.253034863180204184e-02 3.611974378413913486e-04
1.746965136819866871e-02 4.514967973017391316e-04
6.746965136819937925e-02 7.524946621695654181e-04
1.174696513681983134e-01 9.330933810902610924e-04
1.674696513681990240e-01 1.264191032444869720e-03
2.174696513681979582e-01 1.715687829746608906e-03
2.674696513681986687e-01 2.648781210836869890e-03
3.174696513681993792e-01 3.461475445980001075e-03
3.674696513681983134e-01 7.886144059537044879e-03
4.174696513681990240e-01 1.495959388393095987e-02
4.674696513681979582e-01 2.835399887054922130e-02
5.174696513681986687e-01 4.493898122476643747e-02
5.674696513681993792e-01 6.787501852769479982e-02
6.174696513681983134e-01 9.550662252256121587e-02
6.674696513681990240e-01 1.078174351956553145e-01
7.174696513681979582e-01 1.197068508579344492e-01
7.674696513681986687e-01 1.180513626011614192e-01
8.174696513681993792e-01 1.136567937740911444e-01
8.674696513681983134e-01 1.079980339145760193e-01
9.174696513681990240e-01 1.142587895038267853e-01
9.674696513681979582e-01 1.268104004688151432e-01
1.017469651368198669e+00 1.352684404716010536e-01
1.067469651368199379e+00 1.506193315798601828e-01
1.117469651368198313e+00 1.658498235421722311e-01
1.167469651368199024e+00 2.088624184317845744e-01
1.217469651368197958e+00 2.870014641514722631e-01
1.267469651368198669e+00 4.097784932310585271e-01
1.317469651368199379e+00 5.520902837405665675e-01
1.367469651368198313e+00 6.832651532499651736e-01
1.417469651368199024e+00 8.771679777978187431e-01
1.467469651368197958e+00 1.020111863823549347e+00
1.517469651368198669e+00 1.076217865834912191e+00
1.567469651368199379e+00 1.035522954504782156e+00
1.617469651368198313e+00 1.016168791793780946e+00
1.667469651368199024e+00 9.055821762413417408e-01
1.717469651368197958e+00 8.215134725837579532e-01
1.767469651368198669e+00 8.337038861109048460e-01
1.817469651368199379e+00 9.019702018629277562e-01
1.867469651368198313e+00 1.223225223036358500e+00
1.917469651368199024e+00 1.911125743405288624e+00
1.967469651368197958e+00 2.775230413867843637e+00
2.017469651368198669e+00 3.795432577050854128e+00
2.067469651368199379e+00 4.394448427924314338e+00
2.117469651368198313e+00 4.635397218751008630e+00
2.167469651368199024e+00 4.211501925657649359e+00
2.217469651368197958e+00 3.358564275981690717e+00
2.267469651368198669e+00 2.501262157265148112e+00
2.317469651368199379e+00 1.694858777497755264e+00
2.367469651368198313e+00 1.212058202249762129e+00
2.417469651368199024e+00 8.160353114431634358e-01
2.467469651368197958e+00 6.733021239228402788e-01
2.517469651368198669e+00 5.408028638080232264e-01
2.567469651368199379e+00 5.156394423050729703e-01
2.617469651368198313e+00 4.791284012966056660e-01
2.667469651368199024e+00 4.714529557424761430e-01
2.717469651368197958e+00 4.655533975910666755e-01
2.767469651368198669e+00 4.672389856343264758e-01
2.817469651368199379e+00 4.713626563830157767e-01
2.867469651368198313e+00 4.489684152368494385e-01
2.917469651368199024e+00 4.669078879829718920e-01
2.967469651368197958e+00 5.149772470023638027e-01
3.017469651368198669e+00 5.467024219594326384e-01
3.067469651368199379e+00 6.227344826250454934e-01
3.117469651368198313e+00 6.747469136742058060e-01
3.167469651368199024e+00 7.317258094936853752e-01
3.217469651368197958e+00 8.289782196324799735e-01
3.267469651368198669e+00 8.686798380085463123e-01
3.317469651368199379e+00 9.423340155417031516e-01
3.367469651368196537e+00 1.042897402194043810e+00
3.417469651368200800e+00 1.158480582303289097e+00
3.467469651368197958e+00 1.239148010087866680e+00
3.517469651368198669e+00 1.329387169975240646e+00
3.567469651368199379e+00 1.361744440448532156e+00
3.617469651368196537e+00 1.406502822954378118e+00
3.667469651368200800e+00 1.453458489873758808e+00
3.717469651368197958e+00 1.499541262985022883e+00
3.767469651368198669e+00 1.464324512795487587e+00
3.817469651368199379e+00 1.449635816989937265e+00
3.867469651368196537e+00 1.438890193214156010e+00
3.917469651368200800e+00 1.433381932287074667e+00
3.967469651368197958e+00 1.418332039043683546e+00
4.017469651368198669e+00 1.339320099515879159e+00
4.067469651368199379e+00 1.303832451247962432e+00
4.117469651368196537e+00 1.269608994012490832e+00
4.167469651368200800e+00 1.192673939752274315e+00
4.217469651368197958e+00 1.097378015735120504e+00
4.267469651368198669e+00 1.069595912807820071e+00
4.317469651368199379e+00 9.874535954853903563e-01
4.367469651368196537e+00 8.956492467007033387e-01
4.417469651368200800e+00 8.727433091842619062e-01
4.467469651368197958e+00 8.143798231863903503e-01
4.517469651368198669e+00 7.300101216639386381e-01
4.567469651368199379e+00 6.943117748906145748e-01
4.617469651368196537e+00 6.638808907524773595e-01
4.667469651368200800e+00 6.397709617765644508e-01
4.717469651368197958e+00 6.074136913032730511e-01
4.767469651368198669e+00 5.611804192595750695e-01
4.817469651368199379e+00 5.642806972677136823e-01
4.867469651368196537e+00 5.863739405490121515e-01
4.917469651368200800e+00 5.726484379110392542e-01
4.967469651368197958e+00 6.091293791330196772e-01
5.017469651368198669e+00 6.249618668250674913e-01
5.067469651368199379e+00 6.009723369951016636e-01
5.117469651368196537e+00 6.240889730169506544e-01
5.167469651368200800e+00 6.792618816472233423e-01
5.217469651368197958e+00 7.491836856560192270e-01
5.267469651368198669e+00 7.940323675213254440e-01
5.317469651368199379e+00 8.653086619220264897e-01
5.367469651368196537e+00 9.129867237170901095e-01
5.417469651368200800e+00 9.449827967525401551e-01
5.467469651368197958e+00 1.033175171158813299e+00
5.517469651368198669e+00 1.129494487916517631e+00
5.567469651368199379e+00 1.142497595678807709e+00
5.617469651368196537e+00 1.239057710728406203e+00
5.667469651368200800e+00 1.277675736790948369e+00
5.717469651368197958e+00 1.346032351902431756e+00
5.767469651368198669e+00 1.410596393916580205e+00
5.817469651368199379e+00 1.464444911941434224e+00
5.867469651368196537e+00 1.467093693152271561e+00
5.917469651368200800e+00 1.521122809896046091e+00
5.967469651368197958e+00 1.489939431095739453e+00
6.017469651368198669e+00 1.458214256138670395e+00
6.067469651368199379e+00 1.439221290865510650e+00
6.117469651368196537e+00 1.379683913194654554e+00
6.167469651368200800e+00 1.421612915770742669e+00
6.217469651368197958e+00 1.326286891967102255e+00
6.267469651368198669e+00 1.233459150441864827e+00
6.317469651368199379e+00 1.180242727933233260e+00
6.367469651368196537e+00 1.112879405775813568e+00
6.417469651368200800e+00 1.059211486469880059e+00
6.467469651368197958e+00 1.004821172288264064e+00
6.517469651368202221e+00 9.804403452339700564e-01
6.567469651368199379e+00 8.912847776601198202e-01
6.617469651368196537e+00 8.941141575898775562e-01
6.667469651368200800e+00 8.862280135303404194e-01
6.717469651368197958e+00 8.526968513840647024e-01
6.767469651368202221e+00 8.450515056164218386e-01
6.817469651368199379e+00 8.455933017731840362e-01
6.867469651368196537e+00 8.130253327944851893e-01
6.917469651368200800e+00 8.569108214922140920e-01
6.967469651368197958e+00 8.390315483190653456e-01
7.017469651368202221e+00 8.515831592840537034e-01
7.067469651368199379e+00 8.403559389244836808e-01
7.117469651368196537e+00 8.356302724460589193e-01
7.167469651368200800e+00 8.727132093977750804e-01
7.217469651368197958e+00 8.850240220708692762e-01
7.267469651368202221e+00 9.064550700494584667e-01
7.317469651368199379e+00 9.222875577415059478e-01
7.367469651368196537e+00 9.289396105550850047e-01
7.417469651368200800e+00 9.535612359012732853e-01
7.467469651368197958e+00 9.684004306392569594e-01
7.517469651368202221e+00 9.592801953337619647e-01
7.567469651368199379e+00 9.976273233179229205e-01
7.617469651368196537e+00 1.013520010582944053e+00
7.667469651368200800e+00 1.034469461977744809e+00
7.717469651368197958e+00 1.054877117215783366e+00
7.767469651368202221e+00 1.050422348815739593e+00
7.817469651368199379e+00 1.067157830102390736e+00
7.867469651368196537e+00 1.088528678508006386e+00
7.917469651368200800e+00 1.107220645916298318e+00
7.967469651368197958e+00 1.131541273397618674e+00
8.017469651368202221e+00 1.090003568045858851e+00
8.067469651368199379e+00 1.097889712105395654e+00
8.117469651368196537e+00 1.112969705135273824e+00
8.167469651368200800e+00 1.113541601078522625e+00
8.217469651368197958e+00 1.077903453878172213e+00
8.267469651368202221e+00 1.059813482199615686e+00
8.317469651368199379e+00 1.028660203185795652e+00
8.367469651368196537e+00 9.798082497177476036e-01
8.417469651368200800e+00 9.974467245990021880e-01
8.467469651368197958e+00 9.711997107825277586e-01
8.517469651368202221e+00 1.010600331293726173e+00
8.567469651368199379e+00 9.885371877989145295e-01
8.617469651368196537e+00 9.465178858633659376e-01
8.667469651368200800e+00 9.565110149769778802e-01
8.717469651368197958e+00 9.448924973930798998e-01
8.767469651368202221e+00 9.390832386011307431e-01
8.817469651368199379e+00 9.358625614470450493e-01
8.867469651368196537e+00 9.448322978201061373e-01
8.917469651368200800e+00 9.349294680659547829e-01
8.967469651368197958e+00 9.459158901336305325e-01
9.017469651368202221e+00 9.449827967525401551e-01
9.067469651368199379e+00 9.524776435877491121e-01
9.117469651368196537e+00 9.957611365557422767e-01
9.167469651368200800e+00 9.807112433123511552e-01
9.217469651368197958e+00 9.795072518528797900e-01
9.267469651368202221e+00 1.044462591091356751e+00
9.317469651368199379e+00 1.014152106099166506e+00
9.367469651368196537e+00 1.080461935729548628e+00
9.417469651368200800e+00 1.002202490863913997e+00
9.467469651368197958e+00 1.042325506250795009e+00
9.517469651368202221e+00 1.038894130591301757e+00
9.567469651368199379e+00 1.071793197221355465e+00
9.617469651368196537e+00 1.080552235089009105e+00
9.667469651368200800e+00 1.051897238353592057e+00
9.717469651368197958e+00 1.081726126761993534e+00
9.767469651368202221e+00 1.110772420721738651e+00
9.817469651368199379e+00 1.086030396229603401e+00
9.867469651368196537e+00 1.028660203185795652e+00
9.917469651368200800e+00 1.078896746832236131e+00
9.967469651368197958e+00 1.105384558940604833e+00
1.001746965136820222e+01 1.043619797069726740e+00
1.006746965136819938e+01 1.076488763913293401e+00
1.011746965136819654e+01 1.094789434097257264e+00
1.016746965136820080e+01 1.091990153953986242e+00
1.021746965136819796e+01 1.046057879775156074e+00
1.026746965136820222e+01 1.036215249593978260e+00
1.031746965136819938e+01 1.037930937423724664e+00
1.036746965136819654e+01 1.018275776847855862e+00
1.041746965136820080e+01 9.955203382638482257e-01
1.046746965136819796e+01 9.745106872960739297e-01
1.051746965136820222e+01 1.027636810445245130e+00
1.056746965136819938e+01 9.727648996798405889e-01
1.061746965136819654e+01 9.935939519286940413e-01
1.066746965136820080e+01 1.006446560758550213e+00
1.071746965136819796e+01 9.960320346341233755e-01
1.076746965136820222e+01 9.540127326985748946e-01
1.081746965136819938e+01 9.559993186067027304e-01
1.086746965136819654e+01 9.766176723501486245e-01
1.091746965136820080e+01 9.133479211549315746e-01
1.096746965136819796e+01 9.510328538363833628e-01
1.101746965136820222e+01 9.593403949067353942e-01
1.106746965136819938e+01 9.705375154798184800e-01
1.111746965136819654e+01 9.590092972553808659e-01
1.116746965136820080e+01 9.766176723501486245e-01
1.121746965136819796e+01 1.030466190375002755e+00
1.126746965136820222e+01 9.629824690716360935e-01
1.131746965136819938e+01 9.709288127041466598e-01
1.136746965136819654e+01 9.737882924203911106e-01
1.141746965136820080e+01 9.590694968283542954e-01
1.146746965136819796e+01 9.742397892176928309e-01
1.151746965136820222e+01 1.003015185099056961e+00
1.156746965136819938e+01 9.932026547043659725e-01
1.161746965136819654e+01 9.500094610958329522e-01
1.166746965136820080e+01 1.031971179699341823e+00
1.171746965136819796e+01 1.026824116210101945e+00
1.176746965136820222e+01 1.034439362191258205e+00
1.181746965136819938e+01 9.838717208934633085e-01
1.186746965136819654e+01 1.010811029799133731e+00
1.191746965136820080e+01 1.050091251164384953e+00
1.196746965136819796e+01 9.919986632448946073e-01
1.201746965136820222e+01 1.042716803475123077e+00
1.206746965136819938e+01 1.034710260269638971e+00
1.211746965136819654e+01 1.012918014853208426e+00
1.216746965136820080e+01 1.039977722904826152e+00
1.221746965136819796e+01 1.053823624688746019e+00
1.226746965136820222e+01 1.041362313083218138e+00
1.231746965136819938e+01 1.032693574575024753e+00
1.236746965136819654e+01 1.001991792358506439e+00
1.241746965136820080e+01 1.033415969450707461e+00
1.246746965136819796e+01 1.035191856853427517e+00
1.251746965136820222e+01 1.010389632788318837e+00
1.256746965136819938e+01 1.057616197786080736e+00
1.261746965136819654e+01 1.011834422539684253e+00
1.266746965136820080e+01 1.039014529737249060e+00
1.271746965136819796e+01 9.995537096530769938e-01
1.276746965136820222e+01 1.008914743250466373e+00
1.281746965136819938e+01 1.031760481193934265e+00
1.286746965136819654e+01 9.639456622392132967e-01
1.291746965136820080e+01 1.031038086318251779e+00
1.296746965136819796e+01 9.602734882878258826e-01
1.301746965136820222e+01 1.029743795499320047e+00
1.306746965136819938e+01 9.939551493665355064e-01
1.311746965136819654e+01 1.014272505245113809e+00
1.316746965136820080e+01 1.007379654139640479e+00
1.321746965136819796e+01 9.823968313556108445e-01
1.326746965136820222e+01 1.004369675490962344e+00
1.331746965136819938e+01 9.891391835286501566e-01
1.336746965136819654e+01 1.011503324888329614e+00
1.341746965136820080e+01 1.040218521196720536e+00
1.346746965136819796e+01 9.819152347718224094e-01
1.351746965136820222e+01 1.025830823256038027e+00
1.356746965136819938e+01 1.021797451866809370e+00
1.361746965136819654e+01 1.035221956639914342e+00
1.366746965136820080e+01 1.059121187110419804e+00
1.371746965136819796e+01 1.032753774147998183e+00
1.376746965136820222e+01 1.007439853712614131e+00
1.381746965136819938e+01 1.069746411740253977e+00
1.386746965136819654e+01 1.051445741556290336e+00
1.391746965136820080e+01 1.044312092158922622e+00
1.396746965136819796e+01 1.024988029234408460e+00
1.401746965136820222e+01 1.047472569740034887e+00
1.406746965136819938e+01 1.049699953940056885e+00
1.411746965136819654e+01 9.909752705043439747e-01
1.416746965136820080e+01 1.020412861688417383e+00
1.421746965136819796e+01 1.022339248023571345e+00
1.426746965136820222e+01 9.983798179800924544e-01
1.431746965136819938e+01 9.917578649530002233e-01
1.436746965136819654e+01 1.037148342975068527e+00
1.441746965136820080e+01 1.006687359050444597e+00
1.446746965136819796e+01 1.037991136996698316e+00
1.451746965136820222e+01 1.000817900685521789e+00
1.456746965136819938e+01 1.012436418269419880e+00
1.461746965136819654e+01 1.010148834496424453e+00
1.466746965136820080e+01 1.016379490299188726e+00
1.471746965136819796e+01 1.021345955069507649e+00
1.476746965136820222e+01 1.000035306236865651e+00
1.481746965136819938e+01 9.981089199017114666e-01
1.486746965136819654e+01 1.033536368596654542e+00
1.491746965136820080e+01 1.032573175429077672e+00
1.496746965136819796e+01 9.895906803259518769e-01
1.501746965136820222e+01 1.026613417704694609e+00
1.506746965136819938e+01 1.031218685037172289e+00
1.511746965136819654e+01 1.016379490299188726e+00
1.516746965136820080e+01 1.070318307683503001e+00
1.521746965136819796e+01 1.039134928883196141e+00
1.526746965136820222e+01 1.018727273645157361e+00
1.531746965136819938e+01 1.011172227236975196e+00
1.536746965136819654e+01 1.040549618848074953e+00
1.541746965136820080e+01 1.048255164188691246e+00
1.546746965136819796e+01 1.018215577274882211e+00
1.551746965136820222e+01 1.039676725039958338e+00
1.556746965136819938e+01 1.021947950799243277e+00
1.561746965136819654e+01 1.023693738415476728e+00
1.566746965136820080e+01 1.029623396353372966e+00
1.571746965136819796e+01 1.033446069237194065e+00
1.576746965136820222e+01 1.006506760331523864e+00
1.581746965136819938e+01 1.027636810445245130e+00
1.586746965136819654e+01 1.007740851577481944e+00
1.591746965136820080e+01 1.005934864388275063e+00
1.596746965136819796e+01 1.001269397482823731e+00
1.601746965136820222e+01 9.632834669365037961e-01
1.606746965136819938e+01 1.007921450296402677e+00
1.611746965136819654e+01 9.794470522799063605e-01
1.616746965136820080e+01 1.007530153072074386e+00
1.621746965136819796e+01 1.027666910231732178e+00
1.626746965136820222e+01 1.001419896415257416e+00
1.631746965136819938e+01 9.809520416042452062e-01
1.636746965136819654e+01 1.006536860118010468e+00
1.641746965136820080e+01 1.000727601326061533e+00
1.646746965136819796e+01 9.715910080068558274e-01
1.651746965136820222e+01 9.585879002445658603e-01
1.656746965136819938e+01 9.333943789551288894e-01
1.661746965136819654e+01 9.944668457368108783e-01
1.666746965136820080e+01 1.003617180828792588e+00
1.671746965136819796e+01 9.382705443659875577e-01
1.676746965136820222e+01 9.677382353365477918e-01
1.681746965136819938e+01 9.545244290688502664e-01
1.686746965136819654e+01 1.022459647169518648e+00
1.691746965136820080e+01 9.889886845962163608e-01
1.696746965136819796e+01 1.000215904955786161e+00
1.701746965136820222e+01 1.010359533001832011e+00
1.706746965136819938e+01 9.852864108583420100e-01
1.711746965136819654e+01 9.790858548420648955e-01
1.716746965136820080e+01 1.024325833931698959e+00
1.721746965136819796e+01 1.029111699983097594e+00
1.726746965136820222e+01 1.019359369161380036e+00
1.731746965136819938e+01 1.006416460972063387e+00
1.736746965136819654e+01 1.039947623118339326e+00
1.741746965136820080e+01 1.033205270945299903e+00
1.746746965136819796e+01 1.068482220707809072e+00
1.751746965136820222e+01 1.047803667391389526e+00
1.756746965136819938e+01 1.016830987096490224e+00
1.761746965136819654e+01 1.053221628959010392e+00
1.766746965136820080e+01 1.027155213861456584e+00
1.771746965136819796e+01 1.048887259704913477e+00
1.776746965136820222e+01 1.042686703688636474e+00
1.781746965136819938e+01 1.035161757066940691e+00
1.786746965136819654e+01 1.038472733580486862e+00
1.791746965136820080e+01 1.038864030804815153e+00
1.796746965136819796e+01 1.023693738415476728e+00
1.801746965136820222e+01 1.055087815721190925e+00
1.806746965136819938e+01 1.034800559629099448e+00
1.811746965136819654e+01 1.039104829096709315e+00
1.816746965136820080e+01 1.039917523331852500e+00
1.821746965136819796e+01 1.019840965745168582e+00
1.826746965136820222e+01 1.058579390953657606e+00
1.831746965136819938e+01 1.043108100699451590e+00
1.836746965136819654e+01 1.051054444331962268e+00
1.841746965136820080e+01 1.022038250158703754e+00
1.846746965136819796e+01 1.047412370167061457e+00
1.851746965136820222e+01 1.031910980126368393e+00
1.856746965136819938e+01 1.030676888880410313e+00
1.861746965136819654e+01 1.017342683466765596e+00
1.866746965136820080e+01 1.038593132726433943e+00
1.871746965136819796e+01 1.030225392083108593e+00
1.876746965136820222e+01 1.005784365455841156e+00
1.881746965136819938e+01 1.045726782123801657e+00
1.886746965136819654e+01 9.979283211827906230e-01
1.891746965136820080e+01 1.000607202180114452e+00
1.896746965136819796e+01 1.061438870669902057e+00
1.901746965136820222e+01 1.021436254428968127e+00
1.906746965136819938e+01 1.031880880339881790e+00
1.911746965136819654e+01 1.038412534007513432e+00
1.916746965136820080e+01 1.026101721334419459e+00
1.921746965136819796e+01 9.940454487259957617e-01
1.926746965136820222e+01 9.843834172637386803e-01
1.931746965136819938e+01 1.056502505686069737e+00
1.936746965136820364e+01 9.848048142745535749e-01
1.941746965136820080e+01 9.841125191853574705e-01
1.946746965136819796e+01 9.808617422447850620e-01
1.951746965136819512e+01 1.014814301401875785e+00
1.956746965136819938e+01 9.614473799608103111e-01
1.961746965136820364e+01 9.804403452339700564e-01
1.966746965136820080e+01 9.934735527827469603e-01
1.971746965136819796e+01 9.723134028825386466e-01
1.976746965136819512e+01 9.857981072286172708e-01
1.981746965136819938e+01 9.931123553449054953e-01
1.986746965136820364e+01 9.563906158310307992e-01
1.991746965136820080e+01 9.817647358393883916e-01
1.996746965136819796e+01 9.639155624527263599e-01
2.001746965136819512e+01 9.681295325608760827e-01
2.006746965136819938e+01 9.303242007334768804e-01
2.011746965136820364e+01 9.910655698638043409e-01
2.016746965136820080e+01 9.682800314933097674e-01
2.021746965136819796e+01 9.773701670123181584e-01
2.026746965136819512e+01 9.776410650906992572e-01
2.031746965136819938e+01 9.742096894312060051e-01
2.036746965136820364e+01 9.869117993286282697e-01
2.041746965136820080e+01 9.443808010228045280e-01
2.046746965136819796e+01 9.809219418177586025e-01
2.051746965136819512e+01 9.805908441664039632e-01
2.056746965136819938e+01 1.015325997772151156e+00
2.061746965136820364e+01 9.933230538503129425e-01
2.066746965136820080e+01 9.769487700015033749e-01
2.071746965136819796e+01 9.947377438151917550e-01
2.076746965136819512e+01 9.978681216098173046e-01
2.081746965136819938e+01 9.776109653042124314e-01
2.086746965136820364e+01 1.021376054855994253e+00
2.091746965136820080e+01 9.943163468043769715e-01
2.096746965136819796e+01 1.020593460407337894e+00
2.101746965136819512e+01 1.007048556488285840e+00
2.106746965136819938e+01 9.789052561231441629e-01
2.111746965136820364e+01 1.031038086318251779e+00
2.116746965136820080e+01 1.056020909102281191e+00
2.121746965136819796e+01 1.037419241053449515e+00
2.126746965136819512e+01 1.040820516926455941e+00
2.131746965136819938e+01 1.058248293302302967e+00
2.136746965136820364e+01 1.061438870669902057e+00
2.141746965136820080e+01 1.045305385112986540e+00
2.146746965136819796e+01 1.036726945964253410e+00
2.151746965136819512e+01 1.072304893591630615e+00
2.156746965136819938e+01 1.098672306554052014e+00
2.161746965136820364e+01 1.041362313083218138e+00
2.166746965136820080e+01 1.088980175305308107e+00
2.171746965136819796e+01 1.101862883921651104e+00
2.176746965136819512e+01 1.073839982702456286e+00
2.181746965136819938e+01 1.073147687613260404e+00
2.186746965136820364e+01 1.044944187675145075e+00
2.191746965136820080e+01 1.056020909102281191e+00
2.196746965136819796e+01 1.042686703688636474e+00
2.201746965136819512e+01 1.071281500851079871e+00
2.206746965136819938e+01 1.051806938994131579e+00
2.211746965136820364e+01 1.063425456578029671e+00
2.216746965136820080e+01 1.023663638628989681e+00
2.221746965136819796e+01 1.059723182840155653e+00
2.226746965136819512e+01 1.011051828091027893e+00
2.231746965136819938e+01 1.037810538277777583e+00
2.236746965136820364e+01 1.029111699983097594e+00
2.241746965136820080e+01 1.024054935853318193e+00
2.246746965136819796e+01 1.061980666826664033e+00
2.251746965136819512e+01 1.029412697847965408e+00
2.256746965136819938e+01 1.056352006753635830e+00
2.261746965136820364e+01 1.015958093288373609e+00
2.266746965136820080e+01 1.018456375566776595e+00
2.271746965136819796e+01 9.812831392555998455e-01
2.276746965136819512e+01 1.019449668520840291e+00
2.281746965136819938e+01 1.013941407593758948e+00
2.286746965136820364e+01 1.042506104969715741e+00
2.291746965136820080e+01 1.035161757066940691e+00
2.296746965136819796e+01 1.016018292861347261e+00
2.301746965136819512e+01 1.009667237912636129e+00
2.306746965136819938e+01 9.983196184071188028e-01
2.311746965136820364e+01 1.008553545812625130e+00
2.316746965136820080e+01 9.643670592500280803e-01
2.321746965136819796e+01 9.619891761175723977e-01
2.326746965136819512e+01 9.927511579070640302e-01
2.331746965136819938e+01 9.875739946313375484e-01
2.336746965136820364e+01 1.001961692572019613e+00
2.341746965136820080e+01 9.137392183792597544e-01
2.346746965136819796e+01 9.624406729148740069e-01
2.351746965136819512e+01 9.506716563985420088e-01
2.356746965136819938e+01 9.648486558338166263e-01
2.361746965136820364e+01 9.734270949825496455e-01
2.366746965136820080e+01 9.631329680040700003e-01
2.371746965136819796e+01 9.640359615986735520e-01
2.376746965136819512e+01 9.536214354742467147e-01
2.381746965136819938e+01 9.252072370307239391e-01
2.386746965136820364e+01 9.358926612335317641e-01
2.391746965136820080e+01 9.244246425820676905e-01
2.396746965136819796e+01 9.068463672737865355e-01
2.401746965136819512e+01 9.683703308527702447e-01
2.406746965136819938e+01 9.176521906225415526e-01
2.411746965136820364e+01 9.116021335386981228e-01
2.416746965136820080e+01 9.425146142606239952e-01
2.421746965136819796e+01 9.303543005199637062e-01
2.426746965136819512e+01 9.635844648013718317e-01
2.431746965136819938e+01 9.610560827364821312e-01
2.436746965136820364e+01 9.771293687204239964e-01
2.441746965136820080e+01 9.677382353365477918e-01
2.446746965136819796e+01 1.010780930012646905e+00
2.451746965136819512e+01 9.919986632448946073e-01
2.456746965136819938e+01 9.660526472932879916e-01
2.461746965136820364e+01 9.835105234556218434e-01
2.466746965136820080e+01 1.015626995637018970e+00
2.471746965136819796e+01 1.012677216561314264e+00
2.476746965136819512e+01 1.066585934159141935e+00
2.481746965136819938e+01 1.046419077212997539e+00
2.486746965136820364e+01 1.087505285767455865e+00
2.491746965136820080e+01 1.088950075518821503e+00
2.496746965136819796e+01 1.125551415886749229e+00
2.501746965136819512e+01 1.150413839524831561e+00
2.506746965136819938e+01 1.134280353967916044e+00
2.511746965136820364e+01 1.137440831549028308e+00
2.516746965136820080e+01 1.119019762219117364e+00
2.521746965136819796e+01 1.120043154959667664e+00
2.526746965136819512e+01 1.146621266427497066e+00
2.531746965136819938e+01 1.174644167646691439e+00
2.536746965136820364e+01 1.144032684789633603e+00
2.541746965136820080e+01 1.151166334187001095e+00
2.546746965136819796e+01 1.165794830419577321e+00
2.551746965136819512e+01 1.104511665132487996e+00
2.556746965136819938e+01 1.122601636811044301e+00
2.561746965136820364e+01 1.119140161365064223e+00
2.566746965136820080e+01 1.066164537148326819e+00
2.571746965136819796e+01 1.087384886621508784e+00
2.576746965136820222e+01 1.007349554353153653e+00
2.581746965136819938e+01 1.016379490299188726e+00
2.586746965136820364e+01 1.036275449166951912e+00
2.591746965136820080e+01 9.823667315691241297e-01
2.596746965136819796e+01 9.693034242338604001e-01
2.601746965136820222e+01 9.771594685069108221e-01
2.606746965136819938e+01 9.597316921310636850e-01
2.611746965136820364e+01 9.221069590225854373e-01
2.616746965136820080e+01 9.551264247985858935e-01
2.621746965136819796e+01 9.262306297712745717e-01
2.626746965136820222e+01 9.024517984467163023e-01
2.631746965136819938e+01 8.691012350193610958e-01
2.636746965136820364e+01 9.098563459224648931e-01
2.641746965136820080e+01 8.628705792165971555e-01
2.646746965136819796e+01 9.244246425820676905e-01
2.651746965136820222e+01 8.909536800087652919e-01
2.656746965136819938e+01 9.137994179522334059e-01
2.661746965136820364e+01 8.948666522520470901e-01
2.666746965136820080e+01 9.174715919036208200e-01
2.671746965136819796e+01 9.257490331874861367e-01
2.676746965136820222e+01 9.376384488497652159e-01
2.681746965136819938e+01 9.851660117123949290e-01
2.686746965136820364e+01 9.325816847199857040e-01
2.691746965136820080e+01 1.024506432650619914e+00
2.696746965136819796e+01 9.790557550555779587e-01
2.701746965136820222e+01 9.823667315691241297e-01
2.706746965136819938e+01 1.030044793364187861e+00
2.711746965136820364e+01 1.046659875504891923e+00
2.716746965136820080e+01 1.029502997207425663e+00
2.721746965136819796e+01 1.047803667391389526e+00
2.726746965136820222e+01 1.060325178569891058e+00
2.731746965136819938e+01 9.996440090125373601e-01
2.736746965136820364e+01 1.047021072942733166e+00
2.741746965136820080e+01 1.064238150813172856e+00
2.746746965136819796e+01 1.036937644469661191e+00
2.751746965136820222e+01 1.005573666950433598e+00
2.756746965136819938e+01 1.016680488164056317e+00
2.761746965136820364e+01 9.741193900717457499e-01
2.766746965136820080e+01 1.028901001477690258e+00
2.771746965136819796e+01 9.876642939907978036e-01
2.776746965136820222e+01 9.775808655177256057e-01
2.781746965136819938e+01 9.921190623908416883e-01
2.786746965136820364e+01 1.006687359050444597e+00
2.791746965136820080e+01 9.192173795198542718e-01
2.796746965136819796e+01 8.987495247088419514e-01
2.801746965136820222e+01 9.316485913388955487e-01
2.806746965136819938e+01 9.331234808767476796e-01
2.811746965136820364e+01 8.981776287655930391e-01
2.816746965136820080e+01 9.121740294819470352e-01
2.821746965136819796e+01 9.339963746848644055e-01
2.826746965136820222e+01 8.923683699736441044e-01
2.831746965136819938e+01 8.996224185169586773e-01
2.836746965136820364e+01 8.991709217196569570e-01
2.841746965136820080e+01 9.237022477063848713e-01
2.846746965136819796e+01 9.272239227253384897e-01
2.851746965136820222e+01 9.469091830876942284e-01
2.856746965136819938e+01 9.590092972553808659e-01
2.861746965136820364e+01 9.840222198258972153e-01
2.866746965136820080e+01 9.848048142745535749e-01
2.871746965136819796e+01 1.118026469265053446e+00
2.876746965136820222e+01 1.114354295313665810e+00
2.881746965136819938e+01 1.177503647362935890e+00
2.886746965136820364e+01 1.262926841412425061e+00
2.891746965136820080e+01 1.301906064912808247e+00
2.896746965136819796e+01 1.382543392910899005e+00
2.901746965136820222e+01 1.382693891843332912e+00
2.906746965136819938e+01 1.418964134559905999e+00
2.911746965136820364e+01 1.452194298841313902e+00
2.916746965136820080e+01 1.446264640903417664e+00
2.921746965136819796e+01 1.472481554933405601e+00
2.926746965136820222e+01 1.455234377276478863e+00
2.931746965136819938e+01 1.420198225805864300e+00
2.936746965136820364e+01 1.331855352467157028e+00
2.941746965136820080e+01 1.329627968267135252e+00
2.946746965136819796e+01 1.279391424620694995e+00
2.951746965136820222e+01 1.231532764106710642e+00
2.956746965136819938e+01 1.184998494198144625e+00
2.961746965136820364e+01 1.112337609619051593e+00
2.966746965136820080e+01 1.036305548953438516e+00
2.971746965136819796e+01 9.981992192611719439e-01
2.976746965136820222e+01 9.449526969660532183e-01
2.981746965136819938e+01 8.667233518869054132e-01
2.986746965136820364e+01 8.089618616187694844e-01
2.991746965136820080e+01 7.612837998237058645e-01
2.996746965136819796e+01 7.322074060774739213e-01
3.001746965136820222e+01 7.119803495583559849e-01
3.006746965136819938e+01 6.826932573067163723e-01
3.011746965136820364e+01 6.233364783547811205e-01
3.016746965136820080e+01 5.886615243220075788e-01
3.021746965136819796e+01 5.823104693732965575e-01
3.026746965136820222e+01 5.601570265190244369e-01
3.031746965136819938e+01 6.193332067520390671e-01
3.036746965136820364e+01 6.019355301626786447e-01
3.041746965136820080e+01 6.172262216979641503e-01
3.046746965136819796e+01 6.403127579333266484e-01
3.051746965136820222e+01 6.829942551715841859e-01
3.056746965136819938e+01 6.851915395851193580e-01
3.061746965136820364e+01 7.607420036669437780e-01
3.066746965136820080e+01 7.614643985426265971e-01
3.071746965136819796e+01 8.517637580029744360e-01
3.076746965136820222e+01 8.897797883357807525e-01
3.081746965136819938e+01 9.699957193230563934e-01
3.086746965136820364e+01 9.925705591881435197e-01
3.091746965136820080e+01 1.059331885615827140e+00
3.096746965136819796e+01 1.105173860435197053e+00
3.101746965136820222e+01 1.158510682089775923e+00
3.106746965136819938e+01 1.197730703882053493e+00
3.111746965136820364e+01 1.256304888385332941e+00
3.116746965136820080e+01 1.278036934228789834e+00
3.121746965136819796e+01 1.395365901954268573e+00
3.126746965136820222e+01 1.360660848135007983e+00
3.131746965136819938e+01 1.428957263673517941e+00
3.136746965136820364e+01 1.444007156916909063e+00
3.141746965136820080e+01 1.459358048025167998e+00
3.146746965136819796e+01 1.487531448176796500e+00
3.151746965136820222e+01 1.482384384687556622e+00
3.156746965136819938e+01 1.455023678771071305e+00
3.161746965136820364e+01 1.410295396051712613e+00
3.166746965136820080e+01 1.366951703510745686e+00
3.171746965136819796e+01 1.227980989301270309e+00
3.176746965136820222e+01 1.195954816479333438e+00
3.181746965136819938e+01 1.058940588391498849e+00
3.186746965136820364e+01 9.462469877849849498e-01
3.191746965136820080e+01 8.867397099006157912e-01
3.196746965136819796e+01 8.034837004781751890e-01
3.201746965136820222e+01 7.249533575341592373e-01
3.206746965136819938e+01 6.322159153683820643e-01
3.211746965136820364e+01 5.996479463896832174e-01
3.216746965136820080e+01 5.392376749107105072e-01
3.221746965136819796e+01 4.801216942506694729e-01
3.226746965136820222e+01 4.484266190800873519e-01
3.231746965136819938e+01 4.242263907447141325e-01
3.236746965136820364e+01 4.185676308851990490e-01
3.241746965136820080e+01 4.052334254715542761e-01
3.246746965136819796e+01 4.111329836229637436e-01
3.251746965136820222e+01 4.262129766528417463e-01
3.256746965136819938e+01 4.497510096855058537e-01
3.261746965136820364e+01 4.722355501911323916e-01
3.266746965136820080e+01 4.959842817292038353e-01
3.271746965136819796e+01 5.741233274488916072e-01
3.276746965136820222e+01 6.650547824254617879e-01
3.281746965136819938e+01 9.209631671360876126e-01
3.286746965136820364e+01 1.316263663067003709e+00
3.291746965136820080e+01 1.891019086032117658e+00
3.296746965136819796e+01 2.797775153946443716e+00
3.301746965136820222e+01 3.685628555947070950e+00
3.306746965136819938e+01 4.352910722572554292e+00
3.311746965136820364e+01 4.676062030294652949e+00
3.316746965136820080e+01 4.392702640308081108e+00
3.321746965136819796e+01 3.506233828485846082e+00
3.326746965136820222e+01 2.549572314576434184e+00
3.331746965136819938e+01 1.681042975500322223e+00
3.336746965136820364e+01 1.139788614894996943e+00
3.341746965136820080e+01 8.458341000650781982e-01
3.346746965136819796e+01 7.973734438213582187e-01
3.351746965136820222e+01 8.384596523758164333e-01
3.356746965136819938e+01 9.040470871305157363e-01
3.361746965136820364e+01 9.286988122631906206e-01
3.366746965136820080e+01 9.721930037365915656e-01
3.371746965136819796e+01 9.372471516254370361e-01
3.376746965136820222e+01 8.736463027788653468e-01
3.381746965136819938e+01 7.169769141151618452e-01
3.386746965136820364e+01 6.065708972816432620e-01
3.391746965136820080e+01 4.600752364504722691e-01
3.396746965136819796e+01 3.313083498600161714e-01
3.401746965136820222e+01 2.283971798617064342e-01
3.406746965136819938e+01 1.827057039747704836e-01
3.411746965136820364e+01 1.363219329986384565e-01
3.416746965136820080e+01 1.171784687930447211e-01
3.421746965136819796e+01 1.115498087200163524e-01
3.426746965136820222e+01 1.100147196091904589e-01
3.431746965136819938e+01 1.185931587579234919e-01
3.436746965136820364e+01 1.312952686553457426e-01
3.441746965136820080e+01 1.420709922176139339e-01
3.446746965136819796e+01 1.517932232528447223e-01
3.451746965136820222e+01 1.445692744960168641e-01
3.456746965136819938e+01 1.233790248093219327e-01
3.461746965136820364e+01 9.246654408739618525e-02
3.466746965136820080e+01 6.525633710334471926e-02
3.471746965136819796e+01 3.903942307335704631e-02
3.476746965136820222e+01 2.347783345969043853e-02
3.481746965136819938e+01 1.279240925688261178e-02
3.486746965136820364e+01 8.126942351431305778e-03
3.491746965136820080e+01 5.417961567620870229e-03
3.496746965136819796e+01 5.177163275726609330e-03
3.501746965136820222e+01 3.611974378413913053e-03
3.506746965136819938e+01 2.648781210836869890e-03
3.511746965136820364e+01 2.739080570297218378e-03
3.516746965136820080e+01 1.805987189206956526e-03
3.521746965136819796e+01 9.330933810902610924e-04
3.526746965136820222e+01 8.728938081166957592e-04
3.531746965136819938e+01 3.611974378413913486e-04
3.536746965136820364e+01 1.805987189206956743e-04
3.541746965136820080e+01 9.029935946034783716e-05
3.546746965136819796e+01 3.009978648678261239e-05
3.551746965136820222e+01 0.000000000000000000e+00
3.556746965136819938e+01 0.000000000000000000e+00
3.561746965136820364e+01 0.000000000000000000e+00
3.566746965136820080e+01 0.000000000000000000e+00
3.571746965136819796e+01 0.000000000000000000e+00
3.576746965136820222e+01 0.000000000000000000e+00
3.581746965136819938e+01 0.000000000000000000e+00
3.586746965136820364e+01 0.000000000000000000e+00
3.591746965136820080e+01 0.000000000000000000e+00
3.596746965136819796e+01 0.000000000000000000e+00
3.601746965136820222e+01 0.000000000000000000e+00
3.606746965136819938e+01 0.000000000000000000e+00
3.611746965136820364e+01 0.000000000000000000e+00
3.616746965136820080e+01 0.000000000000000000e+00
3.621746965136819796e+01 0.000000000000000000e+00
3.626746965136820222e+01 0.000000000000000000e+00
3.631746965136819938e+01 0.000000000000000000e+00
3.636746965136820364e+01 0.000000000000000000e+00
3.641746965136820080e+01 0.000000000000000000e+00
3.646746965136819796e+01 0.000000000000000000e+00
3.651746965136820222e+01 0.000000000000000000e+00
3.656746965136819938e+01 0.000000000000000000e+00
3.661746965136820364e+01 0.000000000000000000e+00
3.666746965136820080e+01 0.000000000000000000e+00
3.671746965136819796e+01 0.000000000000000000e+00
3.676746965136820222e+01 0.000000000000000000e+00
3.681746965136819938e+01 0.000000000000000000e+00
3.686746965136820364e+01 0.000000000000000000e+00
3.691746965136820080e+01 0.000000000000000000e+00
3.696746965136819796e+01 0.000000000000000000e+00
3.701746965136820222e+01 0.000000000000000000e+00
3.706746965136819938e+01 0.000000000000000000e+00
3.711746965136820364e+01 0.000000000000000000e+00
3.716746965136820080e+01 0.000000000000000000e+00
3.721746965136819796e+01 0.000000000000000000e+00
3.726746965136820222e+01 0.000000000000000000e+00
