-1.526916956054394525e+01 5.608308960752044436e-05
-1.521916956054394632e+01 8.412463441128068009e-05
-1.516916956054394561e+01 1.121661792150408887e-04
-1.511916956054394490e+01 5.608308960752044436e-05
-1.506916956054394596e+01 2.804154480376022218e-05
-1.501916956054394525e+01 5.608308960752044436e-05
-1.496916956054394632e+01 0.000000000000000000e+00
-1.491916956054394561e+01 0.000000000000000000e+00
-1.486916956054394490e+01 2.804154480376022218e-05
-1.481916956054394596e+01 0.000000000000000000e+00
-1.476916956054394525e+01 0.000000000000000000e+00
-1.471916956054394632e+01 0.000000000000000000e+00
-1.466916956054394561e+01 0.000000000000000000e+00
-1.461916956054394490e+01 0.000000000000000000e+00
-1.456916956054394596e+01 0.000000000000000000e+00
-1.451916956054394525e+01 0.000000000000000000e+00
-1.446916956054394632e+01 0.000000000000000000e+00
-1.441916956054394561e+01 0.000000000000000000e+00
-1.436916956054394490e+01 0.000000000000000000e+00
-1.431916956054394596e+01 0.000000000000000000e+00
-1.426916956054394525e+01 0.000000000000000000e+00
-1.421916956054394632e+01 0.000000000000000000e+00
-1.416916956054394561e+01 0.000000000000000000e+00
-1.411916956054394490e+01 0.000000000000000000e+00
-1.406916956054394596e+01 0.000000000000000000e+00
-1.401916956054394525e+01 0.000000000000000000e+00
-1.396916956054394632e+01 0.000000000000000000e+00
-1.391916956054394561e+01 0.000000000000000000e+00
-1.386916956054394490e+01 0.000000000000000000e+00
-1.381916956054394596e+01 0.000000000000000000e+00
-1.376916956054394525e+01 0.000000000000000000e+00
-1.371916956054394632e+01 0.000000000000000000e+00
-1.366916956054394561e+01 0.000000000000000000e+00
-1.361916956054394490e+01 0.000000000000000000e+00
-1.356916956054394596e+01 0.000000000000000000e+00
-1.351916956054394525e+01 0.000000000000000000e+00
-1.346916956054394632e+01 0.000000000000000000e+00
-1.341916956054394561e+01 0.000000000000000000e+00
-1.336916956054394490e+01 0.000000000000000000e+00
-1.331916956054394596e+01 0.000000000000000000e+00
-1.326916956054394525e+01 0.000000000000000000e+00
-1.321916956054394632e+01 0.000000000000000000e+00
-1.316916956054394561e+01 0.000000000000000000e+00
-1.311916956054394490e+01 0.000000000000000000e+00
-1.306916956054394596e+01 0.000000000000000000e+00
-1.301916956054394525e+01 0.000000000000000000e+00
-1.296916956054394632e+01 0.000000000000000000e+00
-1.291916956054394561e+01 0.000000000000000000e+00
-1.286916956054394490e+01 0.000000000000000000e+00
-1.281916956054394596e+01 0.000000000000000000e+00
-1.276916956054394525e+01 0.000000000000000000e+00
-1.271916956054394632e+01 0.000000000000000000e+00
-1.266916956054394561e+01 0.000000000000000000e+00
-1.261916956054394490e+01 0.000000000000000000e+00
-1.256916956054394596e+01 0.000000000000000000e+00
-1.251916956054394525e+01 0.000000000000000000e+00
-1.246916956054394632e+01 0.000000000000000000e+00
-1.241916956054394561e+01 0.000000000000000000e+00
-1.236916956054394490e+01 0.000000000000000000e+00
-1.231916956054394596e+01 0.000000000000000000e+00
-1.226916956054394525e+01 0.000000000000000000e+00
-1.221916956054394632e+01 0.000000000000000000e+00
-1.216916956054394561e+01 0.000000000000000000e+00
-1.211916956054394490e+01 0.000000000000000000e+00
-1.206916956054394596e+01 0.000000000000000000e+00
-1.201916956054394525e+01 0.000000000000000000e+00
-1.196916956054394632e+01 0.000000000000000000e+00
-1.191916956054394561e+01 0.000000000000000000e+00
-1.186916956054394490e+01 0.000000000000000000e+00
-1.181916956054394596e+01 0.000000000000000000e+00
-1.176916956054394525e+01 0.000000000000000000e+00
-1.171916956054394632e+01 0.000000000000000000e+00
-1.166916956054394561e+01 0.000000000000000000e+00
-1.161916956054394490e+01 0.000000000000000000e+00
-1.156916956054394596e+01 0.000000000000000000e+00
-1.151916956054394525e+01 0.000000000000000000e+00
-1.146916956054394632e+01 0.000000000000000000e+00
-1.141916956054394561e+01 0.000000000000000000e+00
-1.136916956054394490e+01 0.000000000000000000e+00
-1.131916956054394596e+01 0.000000000000000000e+00
-1.126916956054394525e+01 0.000000000000000000e+00
-1.121916956054394632e+01 0.000000000000000000e+00
-1.116916956054394561e+01 0.000000000000000000e+00
-1.111916956054394490e+01 0.000000000000000000e+00
-1.106916956054394596e+01 0.000000000000000000e+00
-1.101916956054394525e+01 0.000000000000000000e+00
-1.096916956054394632e+01 0.000000000000000000e+00
-1.091916956054394561e+01 0.000000000000000000e+00
-1.086916956054394490e+01 0.000000000000000000e+00
-1.081916956054394596e+01 0.000000000000000000e+00
-1.076916956054394525e+01 0.000000000000000000e+00
-1.071916956054394632e+01 0.000000000000000000e+00
-1.066916956054394561e+01 0.000000000000000000e+00
-1.061916956054394490e+01 0.000000000000000000e+00
-1.056916956054394596e+01 0.000000000000000000e+00
-1.051916956054394525e+01 0.000000000000000000e+00
-1.046916956054394454e+01 0.000000000000000000e+00
-1.041916956054394561e+01 0.000000000000000000e+00
-1.036916956054394490e+01 0.000000000000000000e+00
-1.031916956054394596e+01 0.000000000000000000e+00
-1.026916956054394525e+01 0.000000000000000000e+00
-1.021916956054394454e+01 0.000000000000000000e+00
-1.016916956054394561e+01 0.000000000000000000e+00
-1.011916956054394490e+01 0.000000000000000000e+00
-1.006916956054394596e+01 0.000000000000000000e+00
-1.001916956054394525e+01 0.000000000000000000e+00
-9.969169560543944542e+00 0.000000000000000000e+00
-9.919169560543945607e+00 0.000000000000000000e+00
-9.869169560543944897e+00 0.000000000000000000e+00
-9.819169560543945963e+00 0.000000000000000000e+00
-9.769169560543945252e+00 0.000000000000000000e+00
-9.719169560543944542e+00 0.000000000000000000e+00
-9.669169560543945607e+00 0.000000000000000000e+00
-9.619169560543944897e+00 0.000000000000000000e+00
-9.569169560543945963e+00 0.000000000000000000e+00
-9.519169560543945252e+00 0.000000000000000000e+00
-9.469169560543944542e+00 0.000000000000000000e+00
-9.419169560543945607e+00 0.000000000000000000e+00
-9.369169560543944897e+00 0.000000000000000000e+00
-9.319169560543945963e+00 0.000000000000000000e+00
-9.269169560543945252e+00 0.000000000000000000e+00
-9.219169560543944542e+00 0.000000000000000000e+00
-9.169169560543945607e+00 0.000000000000000000e+00
-9.119169560543944897e+00 0.000000000000000000e+00
-9.069169560543945963e+00 0.000000000000000000e+00
-9.019169560543945252e+00 0.000000000000000000e+00
-8.969169560543944542e+00 0.000000000000000000e+00
-8.919169560543945607e+00 0.000000000000000000e+00
-8.869169560543944897e+00 0.000000000000000000e+00
-8.819169560543945963e+00 0.000000000000000000e+00
-8.769169560543945252e+00 0.000000000000000000e+00
-8.719169560543944542e+00 0.000000000000000000e+00
-8.669169560543945607e+00 0.000000000000000000e+00
-8.619169560543944897e+00 0.000000000000000000e+00
-8.569169560543945963e+00 0.000000000000000000e+00
-8.519169560543945252e+00 0.000000000000000000e+00
-8.469169560543944542e+00 0.000000000000000000e+00
-8.419169560543945607e+00 0.000000000000000000e+00
-8.369169560543944897e+00 0.000000000000000000e+00
-8.319169560543945963e+00 0.000000000000000000e+00
-8.269169560543945252e+00 0.000000000000000000e+00
-8.219169560543944542e+00 0.000000000000000000e+00
-8.169169560543945607e+00 0.000000000000000000e+00
-8.119169560543944897e+00 0.000000000000000000e+00
-8.069169560543945963e+00 0.000000000000000000e+00
-8.019169560543945252e+00 0.000000000000000000e+00
-7.969169560543944542e+00 0.000000000000000000e+00
-7.919169560543945607e+00 0.000000000000000000e+00
-7.869169560543944897e+00 0.000000000000000000e+00
-7.819169560543945963e+00 0.000000000000000000e+00
-7.769169560543945252e+00 0.000000000000000000e+00
-7.719169560543944542e+00 0.000000000000000000e+00
-7.669169560543945607e+00 0.000000000000000000e+00
-7.619169560543944897e+00 0.000000000000000000e+00
-7.569169560543945963e+00 0.000000000000000000e+00
-7.519169560543945252e+00 0.000000000000000000e+00
-7.469169560543944542e+00 0.000000000000000000e+00
-7.419169560543945607e+00 0.000000000000000000e+00
-7.369169560543944897e+00 0.000000000000000000e+00
-7.319169560543945963e+00 0.000000000000000000e+00
-7.269169560543945252e+00 0.000000000000000000e+00
-7.219169560543946318e+00 0.000000000000000000e+00
-7.169169560543945607e+00 0.000000000000000000e+00
-7.119169560543944897e+00 0.000000000000000000e+00
-7.069169560543944186e+00 0.000000000000000000e+00
-7.019169560543945252e+00 0.000000000000000000e+00
-6.969169560543946318e+00 0.000000000000000000e+00
-6.919169560543945607e+00 0.000000000000000000e+00
-6.869169560543944897e+00 0.000000000000000000e+00
-6.819169560543944186e+00 0.000000000000000000e+00
-6.769169560543945252e+00 0.000000000000000000e+00
-6.719169560543946318e+00 0.000000000000000000e+00
-6.669169560543945607e+00 0.000000000000000000e+00
-6.619169560543944897e+00 0.000000000000000000e+00
-6.569169560543944186e+00 0.000000000000000000e+00
-6.519169560543945252e+00 0.000000000000000000e+00
-6.469169560543946318e+00 0.000000000000000000e+00
-6.419169560543945607e+00 0.000000000000000000e+00
-6.369169560543944897e+00 0.000000000000000000e+00
-6.319169560543944186e+00 0.000000000000000000e+00
-6.269169560543945252e+00 0.000000000000000000e+00
-6.219169560543946318e+00 0.000000000000000000e+00
-6.169169560543945607e+00 0.000000000000000000e+00
-6.119169560543944897e+00 0.000000000000000000e+00
-6.069169560543944186e+00 0.000000000000000000e+00
-6.019169560543945252e+00 0.000000000000000000e+00
-5.969169560543946318e+00 0.000000000000000000e+00
-5.919169560543945607e+00 0.000000000000000000e+00
-5.869169560543944897e+00 0.000000000000000000e+00
-5.819169560543944186e+00 0.000000000000000000e+00
-5.769169560543945252e+00 0.000000000000000000e+00
-5.719169560543944542e+00 0.000000000000000000e+00
-5.669169560543945607e+00 0.000000000000000000e+00
-5.619169560543944897e+00 0.000000000000000000e+00
-5.569169560543944186e+00 0.000000000000000000e+00
-5.519169560543945252e+00 0.000000000000000000e+00
-5.469169560543944542e+00 0.000000000000000000e+00
-5.419169560543945607e+00 0.000000000000000000e+00
-5.369169560543944897e+00 0.000000000000000000e+00
-5.319169560543944186e+00 0.000000000000000000e+00
-5.269169560543945252e+00 0.000000000000000000e+00
-5.219169560543944542e+00 0.000000000000000000e+00
-5.169169560543945607e+00 0.000000000000000000e+00
-5.119169560543944897e+00 0.000000000000000000e+00
-5.069169560543944186e+00 0.000000000000000000e+00
-5.019169560543945252e+00 0.000000000000000000e+00
-4.969169560543944542e+00 0.000000000000000000e+00
-4.919169560543945607e+00 0.000000000000000000e+00
-4.869169560543944897e+00 0.000000000000000000e+00
-4.819169560543944186e+00 0.000000000000000000e+00
-4.769169560543945252e+00 0.000000000000000000e+00
-4.719169560543944542e+00 0.000000000000000000e+00
-4.669169560543945607e+00 0.000000000000000000e+00
-4.619169560543944897e+00 0.000000000000000000e+00
-4.569169560543944186e+00 0.000000000000000000e+00
-4.519169560543945252e+00 0.000000000000000000e+00
-4.469169560543944542e+00 0.000000000000000000e+00
-4.419169560543945607e+00 0.000000000000000000e+00
-4.369169560543944897e+00 0.000000000000000000e+00
-4.319169560543944186e+00 0.000000000000000000e+00
-4.269169560543945252e+00 0.000000000000000000e+00
-4.219169560543944542e+00 0.000000000000000000e+00
-4.169169560543945607e+00 0.000000000000000000e+00
-4.119169560543944897e+00 0.000000000000000000e+00
-4.069169560543944186e+00 0.000000000000000000e+00
-4.019169560543945252e+00 0.000000000000000000e+00
-3.969169560543944542e+00 0.000000000000000000e+00
-3.919169560543945607e+00 0.000000000000000000e+00
-3.869169560543944897e+00 0.000000000000000000e+00
-3.819169560543944186e+00 0.000000000000000000e+00
-3.769169560543945252e+00 0.000000000000000000e+00
-3.719169560543944542e+00 0.000000000000000000e+00
-3.669169560543945607e+00 0.000000000000000000e+00
-3.619169560543944897e+00 0.000000000000000000e+00
-3.569169560543944186e+00 0.000000000000000000e+00
-3.519169560543945252e+00 0.000000000000000000e+00
-3.469169560543944542e+00 0.000000000000000000e+00
-3.419169560543945607e+00 0.000000000000000000e+00
-3.369169560543944897e+00 0.000000000000000000e+00
-3.319169560543944186e+00 0.000000000000000000e+00
-3.269169560543945252e+00 0.000000000000000000e+00
-3.219169560543944542e+00 0.000000000000000000e+00
-3.169169560543945607e+00 0.000000000000000000e+00
-3.119169560543944897e+00 0.000000000000000000e+00
-3.069169560543944186e+00 0.000000000000000000e+00
-3.019169560543945252e+00 0.000000000000000000e+00
-2.969169560543944542e+00 0.000000000000000000e+00
-2.919169560543945607e+00 0.000000000000000000e+00
-2.869169560543944897e+00 0.000000000000000000e+00
-2.819169560543944186e+00 0.000000000000000000e+00
-2.769169560543945252e+00 0.000000000000000000e+00
-2.719169560543944542e+00 0.000000000000000000e+00
-2.669169560543945607e+00 0.000000000000000000e+00
-2.619169560543944897e+00 0.000000000000000000e+00
-2.569169560543944186e+00 0.000000000000000000e+00
-2.519169560543945252e+00 0.000000000000000000e+00
-2.469169560543944542e+00 0.000000000000000000e+00
-2.419169560543945607e+00 0.000000000000000000e+00
-2.369169560543944897e+00 0.000000000000000000e+00
-2.319169560543944186e+00 0.000000000000000000e+00
-2.269169560543945252e+00 0.000000000000000000e+00
-2.219169560543944542e+00 0.000000000000000000e+00
-2.169169560543945607e+00 0.000000000000000000e+00
-2.119169560543944897e+00 0.000000000000000000e+00
-2.069169560543944186e+00 0.000000000000000000e+00
-2.019169560543945252e+00 0.000000000000000000e+00
-1.969169560543944542e+00 0.000000000000000000e+00
-1.919169560543945607e+00 0.000000000000000000e+00
-1.869169560543944897e+00 0.000000000000000000e+00
-1.819169560543944186e+00 0.000000000000000000e+00
-1.769169560543945252e+00 0.000000000000000000e+00
-1.719169560543944542e+00 0.000000000000000000e+00
-1.669169560543945607e+00 0.000000000000000000e+00
-1.619169560543944897e+00 0.000000000000000000e+00
-1.569169560543944186e+00 0.000000000000000000e+00
-1.519169560543945252e+00 0.000000000000000000e+00
-1.469169560543944542e+00 0.000000000000000000e+00
-1.419169560543945607e+00 0.000000000000000000e+00
-1.369169560543944897e+00 0.000000000000000000e+00
-1.319169560543944186e+00 0.000000000000000000e+00
-1.269169560543945252e+00 0.000000000000000000e+00
-1.219169560543944542e+00 0.000000000000000000e+00
-1.169169560543945607e+00 0.000000000000000000e+00
-1.119169560543944897e+00 0.000000000000000000e+00
-1.069169560543944186e+00 0.000000000000000000e+00
-1.019169560543945252e+00 0.000000000000000000e+00
-9.691695605439445416e-01 0.000000000000000000e+00
-9.191695605439456074e-01 0.000000000000000000e+00
-8.691695605439448968e-01 0.000000000000000000e+00
-8.191695605439441863e-01 0.000000000000000000e+00
-7.691695605439452521e-01 0.000000000000000000e+00
-7.191695605439445416e-01 0.000000000000000000e+00
-6.691695605439456074e-01 0.000000000000000000e+00
-6.191695605439448968e-01 0.000000000000000000e+00
-5.691695605439441863e-01 0.000000000000000000e+00
-5.191695605439452521e-01 0.000000000000000000e+00
-4.691695605439445416e-01 0.000000000000000000e+00
-4.191695605439456074e-01 0.000000000000000000e+00
-3.691695605439448968e-01 0.000000000000000000e+00
-3.191695605439441863e-01 0.000000000000000000e+00
-2.691695605439452521e-01 0.000000000000000000e+00
-2.191695605439445416e-01 0.000000000000000000e+00
-1.691695605439456074e-01 0.000000000000000000e+00
-1.191695605439448968e-01 0.000000000000000000e+00
-6.916956054394418629e-02 0.000000000000000000e+00
-1.916956054394525211e-02 0.000000000000000000e+00
3.083043945605545844e-02 0.000000000000000000e+00
8.083043945605439262e-02 0.000000000000000000e+00
1.308304394560551032e-01 0.000000000000000000e+00
1.808304394560558137e-01 0.000000000000000000e+00
2.308304394560547479e-01 0.000000000000000000e+00
2.808304394560554584e-01 0.000000000000000000e+00
3.308304394560543926e-01 0.000000000000000000e+00
3.808304394560551032e-01 0.000000000000000000e+00
4.308304394560558137e-01 0.000000000000000000e+00
4.808304394560547479e-01 0.000000000000000000e+00
5.308304394560554584e-01 0.000000000000000000e+00
5.808304394560543926e-01 0.000000000000000000e+00
6.308304394560551032e-01 0.000000000000000000e+00
6.808304394560558137e-01 0.000000000000000000e+00
7.308304394560529715e-01 0.000000000000000000e+00
7.808304394560572348e-01 0.000000000000000000e+00
8.308304394560543926e-01 0.000000000000000000e+00
8.808304394560551032e-01 0.000000000000000000e+00
9.308304394560558137e-01 0.000000000000000000e+00
9.808304394560529715e-01 0.000000000000000000e+00
1.030830439456057235e+00 0.000000000000000000e+00
1.080830439456054393e+00 2.804154480376022218e-05
1.130830439456055103e+00 0.000000000000000000e+00
1.180830439456055814e+00 5.608308960752044436e-05
1.230830439456052972e+00 8.412463441128068009e-05
1.280830439456057235e+00 1.962908136263215959e-04
1.330830439456054393e+00 1.121661792150408887e-04
1.380830439456055103e+00 2.243323584300817774e-04
1.430830439456055814e+00 1.962908136263215959e-04
1.480830439456052972e+00 3.925816272526431918e-04
1.530830439456057235e+00 3.364985376451227203e-04
1.580830439456054393e+00 5.888724408789646793e-04
1.630830439456055103e+00 9.814540681316076542e-04
1.680830439456055814e+00 1.345994150580490881e-03
1.730830439456052972e+00 2.860237569983542418e-03
1.780830439456057235e+00 4.486647168601635982e-03
1.830830439456054393e+00 8.075964903482944421e-03
1.880830439456055103e+00 1.267477825129962113e-02
1.930830439456055814e+00 2.257344356702697952e-02
1.980830439456052972e+00 3.522018027352283309e-02
2.030830439456057235e+00 6.892611712764262766e-02
2.080830439456054393e+00 1.277292365811278363e-01
2.130830439456055103e+00 2.519252385169818420e-01
2.180830439456055814e+00 5.411457316229647541e-01
2.230830439456052972e+00 1.032770095122489185e+00
2.280830439456057235e+00 1.743006341912127999e+00
2.330830439456054393e+00 2.743108037338236826e+00
2.380830439456055103e+00 3.745032433176588960e+00
2.430830439456055814e+00 4.416571348137039443e+00
2.480830439456052972e+00 4.508042867286905064e+00
2.530830439456057235e+00 3.924273987562224342e+00
2.580830439456054393e+00 2.979750633937168658e+00
2.630830439456055103e+00 2.164246427954213736e+00
2.680830439456055814e+00 1.516150244449707696e+00
2.730830439456052972e+00 1.264281089022333271e+00
2.780830439456057235e+00 1.380569375323527082e+00
2.830830439456054393e+00 1.574420574551921304e+00
2.880830439456055103e+00 1.860023708378219620e+00
2.930830439456055814e+00 2.042714372774717457e+00
2.980830439456052972e+00 2.042546123505894595e+00
3.030830439456057235e+00 1.942830390183723166e+00
3.080830439456054393e+00 1.711375479373486552e+00
3.130830439456055103e+00 1.475097422857002627e+00
3.180830439456055814e+00 1.312063881367941054e+00
3.230830439456052972e+00 1.152787906882582813e+00
3.280830439456057235e+00 1.080665053647311469e+00
3.330830439456054393e+00 1.102004669242972801e+00
3.380830439456055103e+00 1.120315797999828611e+00
3.430830439456055814e+00 1.099677221024260909e+00
3.480830439456052972e+00 1.070205557435508936e+00
3.530830439456057235e+00 9.694242454107946383e-01
3.580830439456054393e+00 8.844864062002049110e-01
3.630830439456055103e+00 7.710022743793873978e-01
3.680830439456055814e+00 6.892331297316225402e-01
3.730830439456052972e+00 6.326733338624380698e-01
3.780830439456057235e+00 5.693555256955474819e-01
3.830830439456054393e+00 5.651773355197873272e-01
3.880830439456058656e+00 5.256948404360929361e-01
3.930830439456055814e+00 5.287513688197027495e-01
3.980830439456052972e+00 5.777960306814795555e-01
4.030830439456057235e+00 5.977055274921490025e-01
4.080830439456054393e+00 6.503114655440033198e-01
4.130830439456058656e+00 6.686225943008587969e-01
4.180830439456055814e+00 6.952901034092346944e-01
4.230830439456052972e+00 7.311832807580478377e-01
4.280830439456057235e+00 7.692076155119466074e-01
4.330830439456054393e+00 7.905752726524118978e-01
4.380830439456058656e+00 7.742550935766234765e-01
4.430830439456055814e+00 8.267769069940664739e-01
4.480830439456052972e+00 8.065869947353589975e-01
4.530830439456057235e+00 8.021003475667575211e-01
4.580830439456054393e+00 7.724604347091829082e-01
4.630830439456058656e+00 7.854717114981275561e-01
4.680830439456055814e+00 7.768068741537657029e-01
4.730830439456052972e+00 7.427644387620007116e-01
4.780830439456057235e+00 7.168260098185226248e-01
4.830830439456054393e+00 7.383899577726142915e-01
4.880830439456058656e+00 7.707218589313497015e-01
4.930830439456055814e+00 7.428485633964121426e-01
4.980830439456052972e+00 7.672166658308796627e-01
5.030830439456057235e+00 8.190093990834247384e-01
5.080830439456054393e+00 8.691476811925480384e-01
5.130830439456058656e+00 9.347088129437395310e-01
5.180830439456055814e+00 9.795752846297558492e-01
5.230830439456052972e+00 1.066419948887001201e+00
5.280830439456057235e+00 1.175501558173628558e+00
5.330830439456054393e+00 1.267898448302018588e+00
5.380830439456058656e+00 1.401264035388702034e+00
5.430830439456055814e+00 1.450953652780965220e+00
5.480830439456052972e+00 1.514495793306286142e+00
5.530830439456057235e+00 1.577112562853082434e+00
5.580830439456054393e+00 1.549744015124612462e+00
5.630830439456058656e+00 1.573943868290257564e+00
5.680830439456055814e+00 1.519290897467728829e+00
5.730830439456052972e+00 1.521618345686440943e+00
5.780830439456057235e+00 1.407433175245529355e+00
5.830830439456054393e+00 1.438643414612114313e+00
5.880830439456058656e+00 1.356621896061116050e+00
5.930830439456055814e+00 1.333291330784387441e+00
5.980830439456052972e+00 1.282199636151936106e+00
6.030830439456057235e+00 1.212516397314591821e+00
6.080830439456054393e+00 1.244259426032448435e+00
6.130830439456058656e+00 1.146815057839381868e+00
6.180830439456055814e+00 1.154891022742864815e+00
6.230830439456052972e+00 1.102930040221497210e+00
6.280830439456057235e+00 1.177268175496265279e+00
6.330830439456054393e+00 1.119979299462183331e+00
6.380830439456058656e+00 1.086020988704829771e+00
6.430830439456055814e+00 1.062550215704082479e+00
6.480830439456052972e+00 1.078618020876636940e+00
6.530830439456057235e+00 1.037509116194324399e+00
6.580830439456054393e+00 1.045669205732218554e+00
6.630830439456058656e+00 1.014935672627297558e+00
6.680830439456055814e+00 9.773600025902586808e-01
6.730830439456052972e+00 1.001756146569530381e+00
6.780830439456057235e+00 9.565251348010649357e-01
6.830830439456054393e+00 9.398123740980239837e-01
6.880830439456058656e+00 9.815381927660191685e-01
6.930830439456055814e+00 8.978622230715986863e-01
6.980830439456052972e+00 9.022086625161813700e-01
7.030830439456057235e+00 9.215292868859721320e-01
7.080830439456054393e+00 8.572019831061462591e-01
7.130830439456058656e+00 8.706899661567548687e-01
7.180830439456055814e+00 8.653901141888441506e-01
7.230830439456052972e+00 8.557999058659582214e-01
7.280830439456057235e+00 8.628383336117020352e-01
7.330830439456054393e+00 8.696243874542121111e-01
7.380830439456058656e+00 8.819626671678664209e-01
7.430830439456055814e+00 8.796632604939581546e-01
7.480830439456052972e+00 8.656705296368818470e-01
7.530830439456057235e+00 8.861408573436267977e-01
7.580830439456054393e+00 8.803642991140521179e-01
7.630830439456058656e+00 9.294650440654362855e-01
7.680830439456055814e+00 8.785696402466114385e-01
7.730830439456052972e+00 8.620812119020004882e-01
7.780830439456057235e+00 9.313718691120920212e-01
7.830830439456054393e+00 9.118829954734786192e-01
7.880830439456058656e+00 9.386346292162660587e-01
7.930830439456055814e+00 9.594414554606558454e-01
7.980830439456052972e+00 9.303623734991566252e-01
8.030830439456057235e+00 9.324654893594386262e-01
8.080830439456054393e+00 9.927267691427194007e-01
8.130830439456058656e+00 1.008430034232825179e+00
8.180830439456055814e+00 9.642085180772952402e-01
8.230830439456052972e+00 9.851835935905079999e-01
8.280830439456057235e+00 1.011178105623593781e+00
8.330830439456054393e+00 9.735463524969473204e-01
8.380830439456058656e+00 1.007280330895870879e+00
8.430830439456055814e+00 1.027638492423400773e+00
8.480830439456052972e+00 1.024273507046949749e+00
8.530830439456057235e+00 1.036499620581389003e+00
8.580830439456054393e+00 1.013785969290343481e+00
8.630830439456058656e+00 1.030302439179758167e+00
8.680830439456055814e+00 1.051978553313064779e+00
8.730830439456052972e+00 1.057783153087443306e+00
8.780830439456057235e+00 1.056156743488825045e+00
8.830830439456054393e+00 1.079739682668787282e+00
8.880830439456058656e+00 1.048136861674949571e+00
8.930830439456055814e+00 1.067429444499936597e+00
8.980830439456052972e+00 1.074580038424895578e+00
9.030830439456057235e+00 1.091124549859114001e+00
9.080830439456054393e+00 1.052567425753943908e+00
9.130830439456058656e+00 1.096143986378987023e+00
9.180830439456055814e+00 1.031592350240731149e+00
9.230830439456052972e+00 1.105145322260993934e+00
9.280830439456057235e+00 1.073402293543137764e+00
9.330830439456054393e+00 1.048052737040538362e+00
9.380830439456058656e+00 1.048108820130145835e+00
9.430830439456055814e+00 1.010252734645069372e+00
9.480830439456052972e+00 1.033078552115330284e+00
9.530830439456057235e+00 1.062017426352810823e+00
9.580830439456054393e+00 1.043257632879095231e+00
9.630830439456058656e+00 1.049595022004745193e+00
9.680830439456055814e+00 1.029264902022019035e+00
9.730830439456052972e+00 1.032798136667292699e+00
9.780830439456057235e+00 1.035742498871687678e+00
9.830830439456054393e+00 1.031339976337497299e+00
9.880830439456058656e+00 9.819307743932715882e-01
9.930830439456055814e+00 9.722564414359744500e-01
9.980830439456052972e+00 9.851275105009004163e-01
1.003083043945605723e+01 9.444111874458406275e-01
1.008083043945605439e+01 1.010505108548303443e+00
1.013083043945605866e+01 9.861089645690319649e-01
1.018083043945605581e+01 9.765467977909497721e-01
1.023083043945605297e+01 9.666761740200262576e-01
1.028083043945605723e+01 9.271656373915281302e-01
1.033083043945605439e+01 9.372325519760780210e-01
1.038083043945605866e+01 9.142665267817983166e-01
1.043083043945605581e+01 9.230996133949826987e-01
1.048083043945605297e+01 9.703215748445149780e-01
1.053083043945605723e+01 9.299137087822963998e-01
1.058083043945605439e+01 9.307549551264093779e-01
1.063083043945605866e+01 9.315401183809146612e-01
1.068083043945605581e+01 9.162013933732576776e-01
1.073083043945605297e+01 9.240530259183106221e-01
1.078083043945605723e+01 9.345966467645244746e-01
1.083083043945605439e+01 9.374008012449004390e-01
1.088083043945605866e+01 8.973574752651309883e-01
1.093083043945605581e+01 9.397843325532201364e-01
1.098083043945605297e+01 9.593573308262447474e-01
1.103083043945605723e+01 9.363352225423576813e-01
1.108083043945605439e+01 9.518141552740333466e-01
1.113083043945605866e+01 9.605070341631989361e-01
1.118083043945605581e+01 9.723125245255820337e-01
1.123083043945605297e+01 9.398684571876314564e-01
1.128083043945605723e+01 9.744997650202752437e-01
1.133083043945605439e+01 9.564690517114573520e-01
1.138083043945605866e+01 9.867819616443223030e-01
1.143083043945605581e+01 9.658068861311095432e-01
1.148083043945605297e+01 9.808932372355326779e-01
1.153083043945605723e+01 9.822392313861130209e-01
1.158083043945605439e+01 9.568616333387102157e-01
1.163083043945605866e+01 9.665359662960073539e-01
1.168083043945605581e+01 9.990361167235652928e-01
1.173083043945605297e+01 1.033190718294545229e+00
1.178083043945605723e+01 9.799117831674010182e-01
1.183083043945605439e+01 9.814260265868040012e-01
1.188083043945605866e+01 1.007925286426357481e+00
1.193083043945605581e+01 1.002905849906484459e+00
1.198083043945605297e+01 9.973536240353397808e-01
1.203083043945605723e+01 1.011935227333295106e+00
1.208083043945605439e+01 9.908199440960636650e-01
1.213083043945605866e+01 1.017235079301205936e+00
1.218083043945605581e+01 1.015664752792195369e+00
1.223083043945605297e+01 1.027245910796148243e+00
1.228083043945605723e+01 1.019057779713450351e+00
1.233083043945605439e+01 1.018524990362178917e+00
1.238083043945605866e+01 1.024525880950183376e+00
1.243083043945605581e+01 1.026797246079288239e+00
1.248083043945605297e+01 1.015440420433765256e+00
1.253083043945605723e+01 1.008598283501647597e+00
1.258083043945605439e+01 1.011346354892416199e+00
1.263083043945605866e+01 1.021497394111377410e+00
1.268083043945605581e+01 1.008177660329591330e+00
1.273083043945605297e+01 1.002232852831194121e+00
1.278083043945605723e+01 9.971012501321059318e-01
1.283083043945605439e+01 1.016253625233074276e+00
1.288083043945605866e+01 9.958393806159369088e-01
1.293083043945605581e+01 1.014543091000044805e+00
1.298083043945605297e+01 1.020992646304909712e+00
1.303083043945605723e+01 1.021946058828237636e+00
1.308083043945605439e+01 9.961758791535819668e-01
1.313083043945605866e+01 1.007869203336750008e+00
1.318083043945605581e+01 9.614604466865267485e-01
1.323083043945605297e+01 9.939605971140847984e-01
1.328083043945605723e+01 9.687232067907005639e-01
1.333083043945605439e+01 9.582637105788980314e-01
1.338083043945605866e+01 9.725648984288157717e-01
1.343083043945605581e+01 9.720881921671519210e-01
1.348083043945605297e+01 9.893337422214644183e-01
1.353083043945605723e+01 9.525712769837347826e-01
1.358083043945605439e+01 9.411583682486042157e-01
1.363083043945605866e+01 9.463180124924962522e-01
1.368083043945605581e+01 9.022086625161813700e-01
1.373083043945605297e+01 9.293248363414174928e-01
1.378083043945605723e+01 9.658068861311095432e-01
1.383083043945605439e+01 9.664518416615962559e-01
1.388083043945605866e+01 9.480846298151330842e-01
1.393083043945605581e+01 9.816784004900379612e-01
1.398083043945605297e+01 9.568335917939063684e-01
1.403083043945605723e+01 9.649095566973892035e-01
1.408083043945605439e+01 9.792668276369145275e-01
1.413083043945605866e+01 9.583758767581130877e-01
1.418083043945605581e+01 9.730696462352834697e-01
1.423083043945605297e+01 9.480565882703293479e-01
1.428083043945605723e+01 9.474677158294503299e-01
1.433083043945605439e+01 9.956430898023104215e-01
1.438083043945605866e+01 9.781732073895678115e-01
1.443083043945605581e+01 9.710506550094127887e-01
1.448083043945605297e+01 9.758177176260520724e-01
1.453083043945605723e+01 9.558521377257745977e-01
1.458083043945605439e+01 1.015244129620138880e+00
1.463083043945605866e+01 9.617128205897605975e-01
1.468083043945605581e+01 9.443551043562331548e-01
1.473083043945605297e+01 9.708263226509826760e-01
1.478083043945605723e+01 9.549267667472506327e-01
1.483083043945605439e+01 9.751447205507618454e-01
1.488083043945605866e+01 9.938203893900661168e-01
1.493083043945605581e+01 9.402329972700802507e-01
1.498083043945605297e+01 9.856602998521718506e-01
1.503083043945605723e+01 9.994847814404256292e-01
1.508083043945605439e+01 9.617689036793680701e-01
1.513083043945605866e+01 9.783134151135866041e-01
1.518083043945605581e+01 9.750886374611543728e-01
1.523083043945605297e+01 9.572542149659626354e-01
1.528083043945605723e+01 1.015776918971410314e+00
1.533083043945605439e+01 1.022731222082742697e+00
1.538083043945605866e+01 1.021132854028928616e+00
1.543083043945605581e+01 9.447476859834856855e-01
1.548083043945605297e+01 9.534405648726512750e-01
1.553083043945605723e+01 9.423641546751659881e-01
1.558083043945605439e+01 9.925585198738968717e-01
1.563083043945605866e+01 1.021918017283433899e+00
1.568083043945605581e+01 1.005850212110879216e+00
1.573083043945605297e+01 9.742193495722375474e-01
1.578083043945605723e+01 9.553193483745031633e-01
1.583083043945605439e+01 9.982229119242563842e-01
1.588083043945605866e+01 9.819027328484680739e-01
1.593083043945605581e+01 9.840058487087500749e-01
1.598083043945605297e+01 9.725368568840121464e-01
1.603083043945605723e+01 9.442148966322141401e-01
1.608083043945605439e+01 9.736304771313587514e-01
1.613083043945605866e+01 9.938764724796735894e-01
1.618083043945605581e+01 9.739108925793962257e-01
1.623083043945605297e+01 9.906516948272410250e-01
1.628083043945605723e+01 1.024918462577436129e+00
1.633083043945605439e+01 9.733220201385173187e-01
1.638083043945605866e+01 9.823513975653281882e-01
1.643083043945605581e+01 9.784816643824091331e-01
1.648083043945605297e+01 9.807810710563175105e-01
1.653083043945605723e+01 9.699009516724587110e-01
1.658083043945605439e+01 9.943251371965338148e-01
1.663083043945605866e+01 9.772197948662399991e-01
1.668083043945605581e+01 9.678258773569803353e-01
1.673083043945606008e+01 9.670967971920825246e-01
1.678083043945605723e+01 9.827159376477769825e-01
1.683083043945605439e+01 9.741352249378264494e-01
1.688083043945605155e+01 1.031059560889459714e+00
1.693083043945605581e+01 9.649656397869967872e-01
1.698083043945606008e+01 9.810614865043553179e-01
1.703083043945605723e+01 9.766028808805572448e-01
1.708083043945605439e+01 9.778927919415302261e-01
1.713083043945605155e+01 1.017739827107673412e+00
1.718083043945605581e+01 9.950822589062352508e-01
1.723083043945606008e+01 9.972975409457323082e-01
1.728083043945605723e+01 9.907919025512600397e-01
1.733083043945605439e+01 9.617689036793680701e-01
1.738083043945605155e+01 1.014991755716905031e+00
1.743083043945605581e+01 9.382420475890131950e-01
1.748083043945606008e+01 9.888289944149966093e-01
1.753083043945605723e+01 9.827439791925807189e-01
1.758083043945605439e+01 9.932595584939907241e-01
1.763083043945605155e+01 9.733220201385173187e-01
1.768083043945605581e+01 9.886327036013704550e-01
1.773083043945606008e+01 1.009944277652228051e+00
1.778083043945605723e+01 9.524871523493233516e-01
1.783083043945605439e+01 1.011907185788491370e+00
1.788083043945605155e+01 9.584600013925244077e-01
1.793083043945605581e+01 9.616847790449568611e-01
1.798083043945606008e+01 9.550389329264656890e-01
1.803083043945605723e+01 9.740511003034151294e-01
1.808083043945605439e+01 9.710506550094127887e-01
1.813083043945605155e+01 9.736024355865547930e-01
1.818083043945605581e+01 9.673491710953163736e-01
1.823083043945606008e+01 9.411583682486042157e-01
1.828083043945605723e+01 9.907638610064561924e-01
1.833083043945605439e+01 9.819588159380754355e-01
1.838083043945605155e+01 9.575346304140003317e-01
1.843083043945605581e+01 9.637037702708275422e-01
1.848083043945606008e+01 9.422239469511473065e-01
1.853083043945605723e+01 9.478322559118992352e-01
1.858083043945605439e+01 9.432614841088864388e-01
1.863083043945605155e+01 9.613763220521154285e-01
1.868083043945605581e+01 9.481126713599369316e-01
1.873083043945606008e+01 9.392235016571448547e-01
1.878083043945605723e+01 9.392515432019487021e-01
1.883083043945605439e+01 9.520384876324633483e-01
1.888083043945605155e+01 9.492062916072835366e-01
1.893083043945605581e+01 9.577870043172341807e-01
1.898083043945606008e+01 9.431493179296712714e-01
1.903083043945605723e+01 9.199309188321579400e-01
1.908083043945605439e+01 9.508327012059016869e-01
1.913083043945605155e+01 9.609837404248628978e-01
1.918083043945605581e+01 9.093592564411402401e-01
1.923083043945606008e+01 9.215292868859721320e-01
1.928083043945605723e+01 9.442429381770179875e-01
1.933083043945605439e+01 9.777525842175115445e-01
1.938083043945605155e+01 9.624699422994621445e-01
1.943083043945605581e+01 9.990361167235652928e-01
1.948083043945606008e+01 9.607874496112365215e-01
1.953083043945605723e+01 1.004083594788242495e+00
1.958083043945605439e+01 9.935680154868322678e-01
1.963083043945605155e+01 1.007448580164693519e+00
1.968083043945605581e+01 9.945775110997676638e-01
1.973083043945606008e+01 9.938484309348698531e-01
1.978083043945605723e+01 9.668444232888486756e-01
1.983083043945605439e+01 9.823513975653281882e-01
1.988083043945605155e+01 9.831646023646372079e-01
1.993083043945605581e+01 9.930913092251683061e-01
1.998083043945606008e+01 1.025002587211847560e+00
2.003083043945605723e+01 1.052651550388354895e+00
2.008083043945605439e+01 9.921378967018403827e-01
2.013083043945605155e+01 9.964843361464232885e-01
2.018083043945605581e+01 1.010869648630752238e+00
2.023083043945606008e+01 9.884083712429403423e-01
2.028083043945605723e+01 9.961478376087782305e-01
2.033083043945605439e+01 1.010084485376246954e+00
2.038083043945605155e+01 1.002513268279231706e+00
2.043083043945605581e+01 9.659190523103245996e-01
2.048083043945606008e+01 9.903432378343997033e-01
2.053083043945605723e+01 9.890813683182306804e-01
2.058083043945605439e+01 1.029152735842803867e+00
2.063083043945605155e+01 9.919135643434104921e-01
2.068083043945605581e+01 9.701813671204961853e-01
2.073083043945606008e+01 9.829963530958146789e-01
2.078083043945605723e+01 9.826318130133657736e-01
2.083083043945605439e+01 9.782853735687829788e-01
2.088083043945605155e+01 9.933436831284021551e-01
2.093083043945605581e+01 9.393356678363600221e-01
2.098083043945606008e+01 9.610959066040778431e-01
2.103083043945605723e+01 9.586002091165433114e-01
2.108083043945605439e+01 9.731818124144986371e-01
2.113083043945605155e+01 1.031928848778375984e+00
2.118083043945605581e+01 9.929230599563458881e-01
2.123083043945606008e+01 9.533564402382400660e-01
2.128083043945605723e+01 9.578430874068417644e-01
2.133083043945605439e+01 9.841460564327687566e-01
2.138083043945605155e+01 1.012047393512510052e+00
2.143083043945605581e+01 9.726770646080309390e-01
2.148083043945606008e+01 9.971012501321059318e-01
2.153083043945605723e+01 9.905675701928298160e-01
2.158083043945605439e+01 9.798837416225971708e-01
2.163083043945605155e+01 9.624419007546582971e-01
2.168083043945605581e+01 9.139580697889569949e-01
2.173083043945606008e+01 1.042921134341450173e+00
2.178083043945605723e+01 1.001840271203941590e+00
2.183083043945605439e+01 9.864454631066771340e-01
2.188083043945605155e+01 9.913246919025313630e-01
2.193083043945605581e+01 9.704056994789262980e-01
2.198083043945606008e+01 9.663396754823809776e-01
2.203083043945605723e+01 9.566092594354762557e-01
2.208083043945605439e+01 1.004476176415495026e+00
2.213083043945605155e+01 9.588525830197770494e-01
2.218083043945605581e+01 1.002429143644820497e+00
2.223083043945606008e+01 9.602546602599650871e-01
2.228083043945605723e+01 1.006242793738131969e+00
2.233083043945605439e+01 9.916892319849802684e-01
2.238083043945605155e+01 9.669005063784563703e-01
2.243083043945605581e+01 9.885766205117629823e-01
2.248083043945606008e+01 9.938203893900661168e-01
2.253083043945605723e+01 9.504681611234527816e-01
2.258083043945605439e+01 9.546743928440168947e-01
2.263083043945605155e+01 9.699850763068698090e-01
2.268083043945605581e+01 9.356341839222636070e-01
2.273083043945606008e+01 9.646852243389590909e-01
2.278083043945605723e+01 9.601424940807500308e-01
2.283083043945605439e+01 9.544781020303905184e-01
2.288083043945605155e+01 9.578711289516455007e-01
2.293083043945605581e+01 9.974097071249474755e-01
2.298083043945606008e+01 9.316522845601296066e-01
2.303083043945605723e+01 9.172669720758007683e-01
2.308083043945605439e+01 9.200711265561767327e-01
2.313083043945605866e+01 9.354378931086372306e-01
2.318083043945605581e+01 9.506083688474715743e-01
2.323083043945606008e+01 9.566933840698875757e-01
2.328083043945605723e+01 9.640402688084727112e-01
2.333083043945605439e+01 9.656947199518944869e-01
2.338083043945605866e+01 9.362510979079463613e-01
2.343083043945605581e+01 9.276703851979956061e-01
2.348083043945606008e+01 9.710786965542164140e-01
2.353083043945605723e+01 9.947457603685900818e-01
2.358083043945605439e+01 9.571981318763551627e-01
2.363083043945605866e+01 9.262402664130038321e-01
2.368083043945605581e+01 9.422519884959511538e-01
2.373083043945606008e+01 9.555717222777371234e-01
2.378083043945605723e+01 9.765467977909497721e-01
2.383083043945605439e+01 9.237726104702730368e-01
2.388083043945605866e+01 9.367558457144140593e-01
2.393083043945605581e+01 9.566933840698875757e-01
2.398083043945606008e+01 9.981668288346490225e-01
2.403083043945605723e+01 9.577589627724303334e-01
2.408083043945605439e+01 9.713030289126466377e-01
2.413083043945605866e+01 1.016954663853168128e+00
2.418083043945605581e+01 9.987837428203315548e-01
2.423083043945606008e+01 9.818186082140567539e-01
2.428083043945605723e+01 1.009215197487330240e+00
2.433083043945605439e+01 9.732659370489098460e-01
2.438083043945605866e+01 1.001868312748745105e+00
2.443083043945605581e+01 1.023993091598911942e+00
2.448083043945606008e+01 1.034985377161986131e+00
2.453083043945605723e+01 9.708824057405902597e-01
2.458083043945605439e+01 1.009691903748994424e+00
2.463083043945605866e+01 1.030919353165440810e+00
2.468083043945605581e+01 1.021553477200984883e+00
2.473083043945606008e+01 1.044126920768011946e+00
2.478083043945605723e+01 1.014711340268867446e+00
2.483083043945605439e+01 1.026236415183212847e+00
2.488083043945605866e+01 9.737426433105738077e-01
2.493083043945605581e+01 1.012580182863781708e+00
2.498083043945606008e+01 1.008037452605572648e+00
2.503083043945605723e+01 1.048389235578183420e+00
2.508083043945605439e+01 1.059073064148416066e+00
2.513083043945605866e+01 9.992043659923879328e-01
2.518083043945605581e+01 1.029180777387607826e+00
2.523083043945606008e+01 1.045024250201732174e+00
2.528083043945605723e+01 1.041547098646065983e+00
2.533083043945605439e+01 1.090563718963039053e+00
2.538083043945605866e+01 1.056577366660881534e+00
2.543083043945605581e+01 1.045164457925751078e+00
2.548083043945606008e+01 1.021329144842554992e+00
2.553083043945605723e+01 1.033050510570526548e+00
2.558083043945605439e+01 1.039780481323429040e+00
2.563083043945605866e+01 1.002316977465605330e+00
2.568083043945605581e+01 1.014402883276026124e+00
2.573083043945606008e+01 1.008598283501647597e+00
2.578083043945605723e+01 9.833328516334598479e-01
2.583083043945605439e+01 9.850994689560965689e-01
2.588083043945605866e+01 1.015552586612980202e+00
2.593083043945605581e+01 9.650497644214079962e-01
2.598083043945606008e+01 9.931193507699720424e-01
2.603083043945605723e+01 1.007785078702338577e+00
2.608083043945605439e+01 9.895300330350907947e-01
2.613083043945605866e+01 1.022955554441173032e+00
2.618083043945605581e+01 9.662275093031660322e-01
2.623083043945606008e+01 1.008458075777628915e+00
2.628083043945605723e+01 9.487015438008159496e-01
2.633083043945605439e+01 9.666481324752222992e-01
2.638083043945605866e+01 9.602266187151613508e-01
2.643083043945605581e+01 9.789583706440730948e-01
2.648083043945606008e+01 9.567494671594950484e-01
2.653083043945605723e+01 9.300819580511190399e-01
2.658083043945605439e+01 9.293809194310249655e-01
2.663083043945605866e+01 9.715554028158805977e-01
2.668083043945605581e+01 9.926706860531119281e-01
2.673083043945606008e+01 9.646571827941553545e-01
2.678083043945605723e+01 9.346246883093280999e-01
2.683083043945605439e+01 9.057418971614552561e-01
2.688083043945605866e+01 9.029377426810791807e-01
2.693083043945605581e+01 8.735221621819346804e-01
2.698083043945606008e+01 9.289602962589686985e-01
2.703083043945605723e+01 8.978622230715986863e-01
2.708083043945605439e+01 8.916370001251638922e-01
2.713083043945605866e+01 8.747279486084963418e-01
2.718083043945605581e+01 8.227108829975211535e-01
2.723083043945606008e+01 8.844303231105974383e-01
2.728083043945605723e+01 8.649694910167879947e-01
2.733083043945605439e+01 9.203235004594103597e-01
2.738083043945605866e+01 8.955628163976903089e-01
2.743083043945605581e+01 9.034144489427431424e-01
2.748083043945606008e+01 9.242212751871331511e-01
2.753083043945605723e+01 9.130046572656291826e-01
2.758083043945605439e+01 9.512252828331542176e-01
2.763083043945605866e+01 9.423641546751659881e-01
2.768083043945605581e+01 9.273058451155468118e-01
2.773083043945606008e+01 9.817344835796454339e-01
2.778083043945605723e+01 9.522628199908933500e-01
2.783083043945605439e+01 1.023067720620387977e+00
2.788083043945605866e+01 1.031227810158282132e+00
2.793083043945605581e+01 1.063643835951429084e+00
2.798083043945606008e+01 1.058484191707537159e+00
2.803083043945605723e+01 1.035686415782080205e+00
2.808083043945605439e+01 1.123877074189906011e+00
2.813083043945605866e+01 1.119278260842089034e+00
2.818083043945605581e+01 1.163639984721638099e+00
2.823083043945606008e+01 1.158816839015391231e+00
2.828083043945605723e+01 1.215208385615753173e+00
2.833083043945605439e+01 1.171267284908260820e+00
2.838083043945605866e+01 1.185260015765337016e+00
2.843083043945605581e+01 1.240670108297567520e+00
2.848083043945606008e+01 1.253288803459259304e+00
2.853083043945605723e+01 1.234837466978385478e+00
2.858083043945605439e+01 1.263467884223024251e+00
2.863083043945605866e+01 1.278217736789802217e+00
2.868083043945605581e+01 1.306876195579245170e+00
2.873083043945606008e+01 1.334441034121341296e+00
2.878083043945605723e+01 1.361276792498540278e+00
2.883083043945605439e+01 1.412172196317364792e+00
2.888083043945605866e+01 1.393412402843649200e+00
2.893083043945605581e+01 1.454935552143099331e+00
2.898083043945606008e+01 1.437073088103104190e+00
2.903083043945605723e+01 1.412620861034225017e+00
2.908083043945605439e+01 1.443410477228753708e+00
2.913083043945605866e+01 1.399777833514102898e+00
2.918083043945605581e+01 1.365174567226262514e+00
2.923083043945606008e+01 1.257943699896683754e+00
2.928083043945605723e+01 1.177240133951461765e+00
2.933083043945605439e+01 1.109267429347146727e+00
2.938083043945605866e+01 1.061624844725558292e+00
2.943083043945605581e+01 1.003494722347363366e+00
2.948083043945606008e+01 9.376251336033305517e-01
2.953083043945605723e+01 8.564448613964448231e-01
2.958083043945605439e+01 8.015955997602897121e-01
2.963083043945605866e+01 7.903228987491781599e-01
2.968083043945605581e+01 7.606269028019960743e-01
2.973083043945606008e+01 7.402967828192698052e-01
2.978083043945605723e+01 7.112177008577704740e-01
2.983083043945605439e+01 7.152556833095119471e-01
2.988083043945605866e+01 7.067871367787764703e-01
2.993083043945605581e+01 7.157884726607833814e-01
2.998083043945606008e+01 7.027771958718386225e-01
3.003083043945605723e+01 7.176672561626353808e-01
3.008083043945605439e+01 7.390349133031006712e-01
3.013083043945605866e+01 7.396798688335871619e-01
3.018083043945605581e+01 7.783491591179725333e-01
3.023083043945606008e+01 8.198506454275377164e-01
3.028083043945605723e+01 8.425923382633870862e-01
3.033083043945605439e+01 8.755131118630017362e-01
3.038083043945605866e+01 8.951982763152412925e-01
3.043083043945605581e+01 8.905153383330133288e-01
3.048083043945606008e+01 9.265206818610415285e-01
3.053083043945605723e+01 8.912444184979111395e-01
3.058083043945605439e+01 8.727089573826257718e-01
3.063083043945605866e+01 8.511169678837303687e-01
3.068083043945605581e+01 8.214770550261556448e-01
3.073083043945606008e+01 7.984549467422684677e-01
3.078083043945605723e+01 8.098678554773990346e-01
3.083083043945605439e+01 7.768909987881769119e-01
3.088083043945605866e+01 8.020162229323462011e-01
3.093083043945605581e+01 8.609034670202426742e-01
3.098083043945606008e+01 8.686429333860803403e-01
3.103083043945605723e+01 9.510850751091355360e-01
3.108083043945605439e+01 1.008149618784787593e+00
3.113083043945605866e+01 1.056437158936862630e+00
3.118083043945605581e+01 1.062466091069671048e+00
3.123083043945606008e+01 1.072028257847753352e+00
3.128083043945605723e+01 1.044856000932909756e+00
3.133083043945605439e+01 1.075309118589793167e+00
3.138083043945605866e+01 1.131924997548585221e+00
3.143083043945605581e+01 1.218320997088970348e+00
3.148083043945606008e+01 1.398011216191465955e+00
3.153083043945605723e+01 1.568223393150290246e+00
3.158083043945605439e+01 1.750297143561105662e+00
3.163083043945605866e+01 1.810137800172330058e+00
3.168083043945605581e+01 1.716114500445321767e+00
3.173083043945606008e+01 1.571980960153994467e+00
3.178083043945605723e+01 1.327626938734027817e+00
3.183083043945605439e+01 1.149563129230150249e+00
3.188083043945605866e+01 1.125980190050188234e+00
3.193083043945605581e+01 1.386738515180354403e+00
3.198083043945606008e+01 1.993389295464902844e+00
3.203083043945605368e+01 2.775608187765794543e+00
3.208083043945605084e+01 3.655776196066220063e+00
3.213083043945606221e+01 4.270194484261410572e+00
3.218083043945605937e+01 4.404709774685048096e+00
3.223083043945605652e+01 3.810733772651799356e+00
3.228083043945605368e+01 2.853199142237798913e+00
3.233083043945605084e+01 1.915798340992898474e+00
3.238083043945606221e+01 1.134280487312100849e+00
3.243083043945605937e+01 5.843577521655594076e-01
3.248083043945605652e+01 2.982218289879899897e-01
3.253083043945605368e+01 1.369268632767611793e-01
3.258083043945605084e+01 8.813457531821836111e-02
3.263083043945606221e+01 5.257789650705041451e-02
3.268083043945605937e+01 4.195015102642529053e-02
3.273083043945605652e+01 3.053724229129488321e-02
3.278083043945605368e+01 2.560193040583308433e-02
3.283083043945605084e+01 1.542284964206812325e-02
3.288083043945606221e+01 1.071187011503640582e-02
3.293083043945605937e+01 5.888724408789646793e-03
3.298083043945605652e+01 3.869733182918910254e-03
3.303083043945605368e+01 2.159198949889537013e-03
3.308083043945605084e+01 2.103115860282016650e-03
3.313083043945606221e+01 1.233827971365449722e-03
3.318083043945605937e+01 6.449555304864851507e-04
3.323083043945605652e+01 5.608308960752044978e-04
3.328083043945605368e+01 3.645400824488829019e-04
3.333083043945605084e+01 1.402077240188011244e-04
3.338083043945606221e+01 1.121661792150408887e-04
3.343083043945605937e+01 8.412463441128068009e-05
3.348083043945605652e+01 0.000000000000000000e+00
3.353083043945605368e+01 0.000000000000000000e+00
3.358083043945605084e+01 0.000000000000000000e+00
3.363083043945606221e+01 0.000000000000000000e+00
3.368083043945605937e+01 0.000000000000000000e+00
3.373083043945605652e+01 0.000000000000000000e+00
3.378083043945605368e+01 0.000000000000000000e+00
3.383083043945605084e+01 0.000000000000000000e+00
3.388083043945606221e+01 0.000000000000000000e+00
3.393083043945605937e+01 0.000000000000000000e+00
3.398083043945605652e+01 0.000000000000000000e+00
3.403083043945605368e+01 0.000000000000000000e+00
3.408083043945605084e+01 0.000000000000000000e+00
3.413083043945606221e+01 0.000000000000000000e+00
3.418083043945605937e+01 0.000000000000000000e+00
3.423083043945605652e+01 0.000000000000000000e+00
3.428083043945605368e+01 0.000000000000000000e+00
3.433083043945605084e+01 0.000000000000000000e+00
3.438083043945606221e+01 0.000000000000000000e+00
3.443083043945605937e+01 0.000000000000000000e+00
3.448083043945605652e+01 0.000000000000000000e+00
3.453083043945605368e+01 0.000000000000000000e+00
3.458083043945605084e+01 0.000000000000000000e+00
3.463083043945606221e+01 0.000000000000000000e+00
