-1.273792713457308423e+01 1.076609175535459017e-04
-1.268792713457308530e+01 5.383045877677295084e-05
-1.263792713457308459e+01 5.383045877677295084e-05
-1.258792713457308388e+01 5.383045877677295084e-05
-1.253792713457308494e+01 5.383045877677295084e-05
-1.248792713457308423e+01 0.000000000000000000e+00
-1.243792713457308530e+01 5.383045877677295084e-05
-1.238792713457308459e+01 1.076609175535459017e-04
-1.233792713457308388e+01 0.000000000000000000e+00
-1.228792713457308494e+01 1.076609175535459017e-04
-1.223792713457308423e+01 5.383045877677295084e-05
-1.218792713457308530e+01 5.383045877677295084e-05
-1.213792713457308459e+01 0.000000000000000000e+00
-1.208792713457308388e+01 0.000000000000000000e+00
-1.203792713457308494e+01 0.000000000000000000e+00
-1.198792713457308423e+01 0.000000000000000000e+00
-1.193792713457308530e+01 0.000000000000000000e+00
-1.188792713457308459e+01 0.000000000000000000e+00
-1.183792713457308388e+01 0.000000000000000000e+00
-1.178792713457308494e+01 0.000000000000000000e+00
-1.173792713457308423e+01 0.000000000000000000e+00
-1.168792713457308352e+01 0.000000000000000000e+00
-1.163792713457308459e+01 0.000000000000000000e+00
-1.158792713457308388e+01 0.000000000000000000e+00
-1.153792713457308494e+01 0.000000000000000000e+00
-1.148792713457308423e+01 0.000000000000000000e+00
-1.143792713457308352e+01 0.000000000000000000e+00
-1.138792713457308459e+01 0.000000000000000000e+00
-1.133792713457308388e+01 0.000000000000000000e+00
-1.128792713457308494e+01 0.000000000000000000e+00
-1.123792713457308423e+01 0.000000000000000000e+00
-1.118792713457308352e+01 0.000000000000000000e+00
-1.113792713457308459e+01 0.000000000000000000e+00
-1.108792713457308388e+01 0.000000000000000000e+00
-1.103792713457308494e+01 0.000000000000000000e+00
-1.098792713457308423e+01 0.000000000000000000e+00
-1.093792713457308352e+01 0.000000000000000000e+00
-1.088792713457308459e+01 0.000000000000000000e+00
-1.083792713457308388e+01 0.000000000000000000e+00
-1.078792713457308494e+01 0.000000000000000000e+00
-1.073792713457308423e+01 0.000000000000000000e+00
-1.068792713457308352e+01 0.000000000000000000e+00
-1.063792713457308459e+01 0.000000000000000000e+00
-1.058792713457308565e+01 0.000000000000000000e+00
-1.053792713457308494e+01 0.000000000000000000e+00
-1.048792713457308423e+01 0.000000000000000000e+00
-1.043792713457308352e+01 0.000000000000000000e+00
-1.038792713457308459e+01 0.000000000000000000e+00
-1.033792713457308388e+01 0.000000000000000000e+00
-1.028792713457308494e+01 0.000000000000000000e+00
-1.023792713457308423e+01 0.000000000000000000e+00
-1.018792713457308352e+01 0.000000000000000000e+00
-1.013792713457308459e+01 0.000000000000000000e+00
-1.008792713457308388e+01 0.000000000000000000e+00
-1.003792713457308494e+01 0.000000000000000000e+00
-9.987927134573084231e+00 0.000000000000000000e+00
-9.937927134573083521e+00 0.000000000000000000e+00
-9.887927134573084587e+00 0.000000000000000000e+00
-9.837927134573083876e+00 0.000000000000000000e+00
-9.787927134573084942e+00 0.000000000000000000e+00
-9.737927134573084231e+00 0.000000000000000000e+00
-9.687927134573083521e+00 0.000000000000000000e+00
-9.637927134573084587e+00 0.000000000000000000e+00
-9.587927134573083876e+00 0.000000000000000000e+00
-9.537927134573084942e+00 0.000000000000000000e+00
-9.487927134573084231e+00 0.000000000000000000e+00
-9.437927134573083521e+00 0.000000000000000000e+00
-9.387927134573084587e+00 0.000000000000000000e+00
-9.337927134573083876e+00 0.000000000000000000e+00
-9.287927134573084942e+00 0.000000000000000000e+00
-9.237927134573084231e+00 0.000000000000000000e+00
-9.187927134573083521e+00 0.000000000000000000e+00
-9.137927134573084587e+00 0.000000000000000000e+00
-9.087927134573083876e+00 0.000000000000000000e+00
-9.037927134573084942e+00 0.000000000000000000e+00
-8.987927134573084231e+00 0.000000000000000000e+00
-8.937927134573083521e+00 0.000000000000000000e+00
-8.887927134573084587e+00 0.000000000000000000e+00
-8.837927134573083876e+00 0.000000000000000000e+00
-8.787927134573084942e+00 0.000000000000000000e+00
-8.737927134573084231e+00 0.000000000000000000e+00
-8.687927134573083521e+00 0.000000000000000000e+00
-8.637927134573084587e+00 0.000000000000000000e+00
-8.587927134573083876e+00 0.000000000000000000e+00
-8.537927134573084942e+00 0.000000000000000000e+00
-8.487927134573084231e+00 0.000000000000000000e+00
-8.437927134573083521e+00 0.000000000000000000e+00
-8.387927134573084587e+00 0.000000000000000000e+00
-8.337927134573083876e+00 0.000000000000000000e+00
-8.287927134573084942e+00 0.000000000000000000e+00
-8.237927134573084231e+00 0.000000000000000000e+00
-8.187927134573083521e+00 0.000000000000000000e+00
-8.137927134573084587e+00 0.000000000000000000e+00
-8.087927134573083876e+00 0.000000000000000000e+00
-8.037927134573084942e+00 0.000000000000000000e+00
-7.987927134573084231e+00 0.000000000000000000e+00
-7.937927134573083521e+00 0.000000000000000000e+00
-7.887927134573084587e+00 0.000000000000000000e+00
-7.837927134573083876e+00 0.000000000000000000e+00
-7.787927134573084942e+00 0.000000000000000000e+00
-7.737927134573084231e+00 0.000000000000000000e+00
-7.687927134573083521e+00 0.000000000000000000e+00
-7.637927134573084587e+00 0.000000000000000000e+00
-7.587927134573083876e+00 0.000000000000000000e+00
-7.537927134573084942e+00 0.000000000000000000e+00
-7.487927134573084231e+00 0.000000000000000000e+00
-7.437927134573083521e+00 0.000000000000000000e+00
-7.387927134573084587e+00 0.000000000000000000e+00
-7.337927134573083876e+00 0.000000000000000000e+00
-7.287927134573084942e+00 0.000000000000000000e+00
-7.237927134573084231e+00 0.000000000000000000e+00
-7.187927134573083521e+00 0.000000000000000000e+00
-7.137927134573084587e+00 0.000000000000000000e+00
-7.087927134573083876e+00 0.000000000000000000e+00
-7.037927134573084942e+00 0.000000000000000000e+00
-6.987927134573084231e+00 0.000000000000000000e+00
-6.937927134573083521e+00 0.000000000000000000e+00
-6.887927134573084587e+00 0.000000000000000000e+00
-6.837927134573083876e+00 0.000000000000000000e+00
-6.787927134573084942e+00 0.000000000000000000e+00
-6.737927134573084231e+00 0.000000000000000000e+00
-6.687927134573083521e+00 0.000000000000000000e+00
-6.637927134573084587e+00 0.000000000000000000e+00
-6.587927134573083876e+00 0.000000000000000000e+00
-6.537927134573084942e+00 0.000000000000000000e+00
-6.487927134573084231e+00 0.000000000000000000e+00
-6.437927134573083521e+00 0.000000000000000000e+00
-6.387927134573084587e+00 0.000000000000000000e+00
-6.337927134573083876e+00 0.000000000000000000e+00
-6.287927134573084942e+00 0.000000000000000000e+00
-6.237927134573084231e+00 0.000000000000000000e+00
-6.187927134573083521e+00 0.000000000000000000e+00
-6.137927134573084587e+00 0.000000000000000000e+00
-6.087927134573083876e+00 0.000000000000000000e+00
-6.037927134573084942e+00 0.000000000000000000e+00
-5.987927134573084231e+00 0.000000000000000000e+00
-5.937927134573083521e+00 0.000000000000000000e+00
-5.887927134573084587e+00 0.000000000000000000e+00
-5.837927134573083876e+00 0.000000000000000000e+00
-5.787927134573084942e+00 0.000000000000000000e+00
-5.737927134573084231e+00 0.000000000000000000e+00
-5.687927134573083521e+00 0.000000000000000000e+00
-5.637927134573084587e+00 0.000000000000000000e+00
-5.587927134573083876e+00 0.000000000000000000e+00
-5.537927134573084942e+00 0.000000000000000000e+00
-5.487927134573084231e+00 0.000000000000000000e+00
-5.437927134573083521e+00 0.000000000000000000e+00
-5.387927134573084587e+00 0.000000000000000000e+00
-5.337927134573083876e+00 0.000000000000000000e+00
-5.287927134573084942e+00 0.000000000000000000e+00
-5.237927134573084231e+00 0.000000000000000000e+00
-5.187927134573083521e+00 0.000000000000000000e+00
-5.137927134573084587e+00 0.000000000000000000e+00
-5.087927134573083876e+00 0.000000000000000000e+00
-5.037927134573084942e+00 0.000000000000000000e+00
-4.987927134573084231e+00 0.000000000000000000e+00
-4.937927134573083521e+00 0.000000000000000000e+00
-4.887927134573084587e+00 0.000000000000000000e+00
-4.837927134573083876e+00 0.000000000000000000e+00
-4.787927134573084942e+00 0.000000000000000000e+00
-4.737927134573084231e+00 0.000000000000000000e+00
-4.687927134573085297e+00 0.000000000000000000e+00
-4.637927134573084587e+00 0.000000000000000000e+00
-4.587927134573083876e+00 0.000000000000000000e+00
-4.537927134573083165e+00 0.000000000000000000e+00
-4.487927134573084231e+00 0.000000000000000000e+00
-4.437927134573085297e+00 0.000000000000000000e+00
-4.387927134573084587e+00 0.000000000000000000e+00
-4.337927134573083876e+00 0.000000000000000000e+00
-4.287927134573083165e+00 0.000000000000000000e+00
-4.237927134573084231e+00 0.000000000000000000e+00
-4.187927134573085297e+00 0.000000000000000000e+00
-4.137927134573084587e+00 0.000000000000000000e+00
-4.087927134573083876e+00 0.000000000000000000e+00
-4.037927134573083165e+00 0.000000000000000000e+00
-3.987927134573084231e+00 0.000000000000000000e+00
-3.937927134573085297e+00 0.000000000000000000e+00
-3.887927134573084587e+00 0.000000000000000000e+00
-3.837927134573083876e+00 0.000000000000000000e+00
-3.787927134573083165e+00 0.000000000000000000e+00
-3.737927134573084231e+00 0.000000000000000000e+00
-3.687927134573085297e+00 0.000000000000000000e+00
-3.637927134573084587e+00 0.000000000000000000e+00
-3.587927134573083876e+00 0.000000000000000000e+00
-3.537927134573083165e+00 0.000000000000000000e+00
-3.487927134573084231e+00 0.000000000000000000e+00
-3.437927134573085297e+00 0.000000000000000000e+00
-3.387927134573084587e+00 0.000000000000000000e+00
-3.337927134573083876e+00 0.000000000000000000e+00
-3.287927134573083165e+00 0.000000000000000000e+00
-3.237927134573084231e+00 0.000000000000000000e+00
-3.187927134573083521e+00 0.000000000000000000e+00
-3.137927134573084587e+00 0.000000000000000000e+00
-3.087927134573083876e+00 0.000000000000000000e+00
-3.037927134573083165e+00 0.000000000000000000e+00
-2.987927134573084231e+00 0.000000000000000000e+00
-2.937927134573083521e+00 0.000000000000000000e+00
-2.887927134573084587e+00 0.000000000000000000e+00
-2.837927134573083876e+00 0.000000000000000000e+00
-2.787927134573083165e+00 0.000000000000000000e+00
-2.737927134573084231e+00 0.000000000000000000e+00
-2.687927134573083521e+00 0.000000000000000000e+00
-2.637927134573084587e+00 0.000000000000000000e+00
-2.587927134573083876e+00 0.000000000000000000e+00
-2.537927134573083165e+00 0.000000000000000000e+00
-2.487927134573084231e+00 0.000000000000000000e+00
-2.437927134573083521e+00 0.000000000000000000e+00
-2.387927134573084587e+00 0.000000000000000000e+00
-2.337927134573083876e+00 0.000000000000000000e+00
-2.287927134573083165e+00 0.000000000000000000e+00
-2.237927134573084231e+00 0.000000000000000000e+00
-2.187927134573083521e+00 0.000000000000000000e+00
-2.137927134573084587e+00 0.000000000000000000e+00
-2.087927134573083876e+00 0.000000000000000000e+00
-2.037927134573083165e+00 0.000000000000000000e+00
-1.987927134573084231e+00 0.000000000000000000e+00
-1.937927134573083521e+00 0.000000000000000000e+00
-1.887927134573084587e+00 0.000000000000000000e+00
-1.837927134573083876e+00 0.000000000000000000e+00
-1.787927134573083165e+00 0.000000000000000000e+00
-1.737927134573084231e+00 0.000000000000000000e+00
-1.687927134573083521e+00 0.000000000000000000e+00
-1.637927134573084587e+00 0.000000000000000000e+00
-1.587927134573083876e+00 0.000000000000000000e+00
-1.537927134573083165e+00 0.000000000000000000e+00
-1.487927134573084231e+00 0.000000000000000000e+00
-1.437927134573083521e+00 0.000000000000000000e+00
-1.387927134573084587e+00 0.000000000000000000e+00
-1.337927134573083876e+00 0.000000000000000000e+00
-1.287927134573083165e+00 0.000000000000000000e+00
-1.237927134573084231e+00 0.000000000000000000e+00
-1.187927134573083521e+00 0.000000000000000000e+00
-1.137927134573084587e+00 0.000000000000000000e+00
-1.087927134573083876e+00 0.000000000000000000e+00
-1.037927134573083165e+00 0.000000000000000000e+00
-9.879271345730842313e-01 0.000000000000000000e+00
-9.379271345730835208e-01 0.000000000000000000e+00
-8.879271345730845866e-01 0.000000000000000000e+00
-8.379271345730838760e-01 0.000000000000000000e+00
-7.879271345730831655e-01 0.000000000000000000e+00
-7.379271345730842313e-01 0.000000000000000000e+00
-6.879271345730835208e-01 0.000000000000000000e+00
-6.379271345730845866e-01 0.000000000000000000e+00
-5.879271345730838760e-01 0.000000000000000000e+00
-5.379271345730831655e-01 0.000000000000000000e+00
-4.879271345730842313e-01 0.000000000000000000e+00
-4.379271345730835208e-01 0.000000000000000000e+00
-3.879271345730845866e-01 0.000000000000000000e+00
-3.379271345730838760e-01 0.000000000000000000e+00
-2.879271345730831655e-01 0.000000000000000000e+00
-2.379271345730842313e-01 0.000000000000000000e+00
-1.879271345730835208e-01 0.000000000000000000e+00
-1.379271345730845866e-01 0.000000000000000000e+00
-8.792713457308387603e-02 0.000000000000000000e+00
-3.792713457308316549e-02 0.000000000000000000e+00
1.207286542691576869e-02 0.000000000000000000e+00
6.207286542691647924e-02 0.000000000000000000e+00
1.120728654269154134e-01 0.000000000000000000e+00
1.620728654269161240e-01 0.000000000000000000e+00
2.120728654269168345e-01 0.000000000000000000e+00
2.620728654269157687e-01 0.000000000000000000e+00
3.120728654269164792e-01 0.000000000000000000e+00
3.620728654269154134e-01 0.000000000000000000e+00
4.120728654269161240e-01 0.000000000000000000e+00
4.620728654269168345e-01 0.000000000000000000e+00
5.120728654269157687e-01 0.000000000000000000e+00
5.620728654269164792e-01 5.383045877677295084e-05
6.120728654269154134e-01 0.000000000000000000e+00
6.620728654269161240e-01 1.076609175535459017e-04
7.120728654269168345e-01 4.844741289909565711e-04
7.620728654269157687e-01 5.921350465445026625e-04
8.120728654269164792e-01 1.937896515963826284e-03
8.620728654269154134e-01 3.875793031927652569e-03
9.120728654269161240e-01 1.028161762636363441e-02
9.620728654269168345e-01 1.738723818489766246e-02
1.012072865426915769e+00 3.751982976741075754e-02
1.062072865426916479e+00 5.689879492704900954e-02
1.112072865426915413e+00 1.038389549803950401e-01
1.162072865426916124e+00 1.768330570816991909e-01
1.212072865426916835e+00 3.083946983321322333e-01
1.262072865426915769e+00 5.512238978741550444e-01
1.312072865426916479e+00 9.002067621239741024e-01
1.362072865426915413e+00 1.551017008735159353e+00
1.412072865426916124e+00 2.438735104422921740e+00
1.462072865426916835e+00 3.498226194067367345e+00
1.512072865426915769e+00 4.451940432215454102e+00
1.562072865426916479e+00 5.116746598108599997e+00
1.612072865426915413e+00 5.365766300409950951e+00
1.662072865426916124e+00 4.937652661758276551e+00
1.712072865426916835e+00 4.099889231815358137e+00
1.762072865426915769e+00 3.065806118713549910e+00
1.812072865426916479e+00 2.171197724302360577e+00
1.862072865426915413e+00 1.363525520815659142e+00
1.912072865426916124e+00 8.564425991384577719e-01
1.962072865426916835e+00 4.548135462049547328e-01
2.012072865426915769e+00 2.889080722549404179e-01
2.062072865426916479e+00 1.605762585311137636e-01
2.112072865426915413e+00 1.050770555322608074e-01
2.162072865426916124e+00 7.261728888986672403e-02
2.212072865426916835e+00 7.870013073164205952e-02
2.262072865426915769e+00 8.456765073831030988e-02
2.312072865426916479e+00 1.117520324205806548e-01
2.362072865426915413e+00 1.406051583249309511e-01
2.412072865426916124e+00 1.628909682585149843e-01
2.462072865426916835e+00 1.915826027865349668e-01
2.512072865426915769e+00 1.973962923344264042e-01
2.562072865426916479e+00 1.885680970950356639e-01
2.612072865426915413e+00 1.671974049606568258e-01
2.662072865426916124e+00 1.508329454925178559e-01
2.712072865426916835e+00 1.310233366626653850e-01
2.762072865426915769e+00 1.183731788501237447e-01
2.812072865426916479e+00 1.040542768155021253e-01
2.862072865426915413e+00 9.441862469445976014e-02
2.912072865426916124e+00 9.016601845109470381e-02
2.962072865426916835e+00 8.419083752687289701e-02
3.012072865426915769e+00 7.159451017310802801e-02
3.062072865426916479e+00 7.310176301885767947e-02
3.112072865426915413e+00 7.019491824491193299e-02
3.162072865426916124e+00 6.066692704142312431e-02
3.212072865426916835e+00 6.561932924888623508e-02
3.262072865426913992e+00 7.649308192179436749e-02
3.312072865426918256e+00 1.187499920615611437e-01
3.362072865426915413e+00 1.774251921282436750e-01
3.412072865426916124e+00 3.243285141300570329e-01
3.462072865426916835e+00 4.745693245760302936e-01
3.512072865426913992e+00 7.491046643375725012e-01
3.562072865426918256e+00 1.130708786606115845e+00
3.612072865426915413e+00 1.455306453030056790e+00
3.662072865426916124e+00 1.825982992166915508e+00
3.712072865426916835e+00 2.124042242413907378e+00
3.762072865426913992e+00 2.425438981105058733e+00
3.812072865426918256e+00 2.651419247049951800e+00
3.862072865426915413e+00 2.708748685647215382e+00
3.912072865426916124e+00 2.849569165807253501e+00
3.962072865426916835e+00 2.814794689437458253e+00
4.012072865426913992e+00 2.711440208586053835e+00
4.062072865426918256e+00 2.611154063884925769e+00
4.112072865426915413e+00 2.495095594762203550e+00
4.162072865426916124e+00 2.439542561304573809e+00
4.212072865426916835e+00 2.222551981975402047e+00
4.262072865426913992e+00 2.010029330724702135e+00
4.312072865426918256e+00 1.732640976647991105e+00
4.362072865426915413e+00 1.564259301594245422e+00
4.412072865426916124e+00 1.430059967863750447e+00
4.462072865426916835e+00 1.243429767284678578e+00
4.512072865426913992e+00 1.181363248315059344e+00
4.562072865426918256e+00 1.129686007889357358e+00
4.612072865426915413e+00 1.014542656565839973e+00
4.662072865426916124e+00 1.035052061359790443e+00
4.712072865426916835e+00 1.023155529970123601e+00
4.762072865426913992e+00 9.407410975828840449e-01
4.812072865426918256e+00 9.445630601560350836e-01
4.862072865426915413e+00 9.606045368715133703e-01
4.912072865426916124e+00 8.946622248699664937e-01
4.962072865426916835e+00 9.445092296972583679e-01
5.012072865426913992e+00 8.795896964124700901e-01
5.062072865426918256e+00 8.927243283540027274e-01
5.112072865426915413e+00 8.486910130746023739e-01
5.162072865426916124e+00 8.174155165252973143e-01
5.212072865426916835e+00 8.579498519842072568e-01
5.262072865426913992e+00 8.193534130412611916e-01
5.312072865426918256e+00 7.775809770304853430e-01
5.362072865426915413e+00 7.510425608535363784e-01
5.412072865426916124e+00 7.116924954877151821e-01
5.462072865426916835e+00 7.157297798959731949e-01
5.512072865426913992e+00 6.522636689981580194e-01
5.562072865426918256e+00 7.299410210130413690e-01
5.612072865426915413e+00 6.760029013187147662e-01
5.662072865426916124e+00 6.503257724821941421e-01
5.712072865426916835e+00 6.621146429543073308e-01
5.762072865426913992e+00 6.325617210858590633e-01
5.812072865426918256e+00 6.739573438851974574e-01
5.862072865426915413e+00 6.440276088053116244e-01
5.912072865426916124e+00 6.951665446432460094e-01
5.962072865426916835e+00 6.763258840713753939e-01
6.012072865426913992e+00 6.614148469902093597e-01
6.062072865426918256e+00 7.119078173228222672e-01
6.112072865426915413e+00 7.283261072497382305e-01
6.162072865426916124e+00 7.565870981075438761e-01
6.212072865426916835e+00 7.606782129745787158e-01
6.262072865426913992e+00 7.961524853084720466e-01
6.312072865426918256e+00 8.208068354282340717e-01
6.362072865426915413e+00 8.559042945506900590e-01
6.412072865426919677e+00 8.380325822368013267e-01
6.462072865426916835e+00 8.950928685401806639e-01
6.512072865426913992e+00 9.600124018249688307e-01
6.562072865426918256e+00 9.214159628820227654e-01
6.612072865426915413e+00 9.916108811269346290e-01
6.662072865426919677e+00 1.061967290748176973e+00
6.712072865426916835e+00 1.033060334385049739e+00
6.762072865426913992e+00 1.020571667948838579e+00
6.812072865426918256e+00 1.059652581020775530e+00
6.862072865426915413e+00 1.125648723481099234e+00
6.912072865426919677e+00 1.119404390262993765e+00
6.962072865426916835e+00 1.105516131898586218e+00
7.012072865426913992e+00 1.112837074292227335e+00
7.062072865426918256e+00 1.182816670702032225e+00
7.112072865426915413e+00 1.191860187776530244e+00
7.162072865426919677e+00 1.187769072909495183e+00
7.212072865426916835e+00 1.182762840243255287e+00
7.262072865426913992e+00 1.263077884738200707e+00
7.312072865426918256e+00 1.286278812470989852e+00
7.362072865426915413e+00 1.297260226061451638e+00
7.412072865426919677e+00 1.307111200017601060e+00
7.462072865426916835e+00 1.231748557730118820e+00
7.512072865426913992e+00 1.288324369904507272e+00
7.562072865426918256e+00 1.260709344552022548e+00
7.612072865426915413e+00 1.244291054625106696e+00
7.662072865426919677e+00 1.238423534618438460e+00
7.712072865426916835e+00 1.190998900436101682e+00
7.762072865426913992e+00 1.245959798847186883e+00
7.812072865426918256e+00 1.198050690535858998e+00
7.862072865426915413e+00 1.154555679844226468e+00
7.912072865426919677e+00 1.113590700715102244e+00
7.962072865426916835e+00 1.079193037556744228e+00
8.012072865426913992e+00 1.098087528587391670e+00
8.062072865426918256e+00 1.104923996852041679e+00
8.112072865426915413e+00 1.050555233487501239e+00
8.162072865426919677e+00 1.002915277470056932e+00
8.212072865426916835e+00 1.008405984265287714e+00
8.262072865426913992e+00 1.054861670189642719e+00
8.312072865426918256e+00 1.046733270914350200e+00
8.362072865426915413e+00 9.772381486335363077e-01
8.412072865426919677e+00 9.887578668117656955e-01
8.462072865426916835e+00 9.371882873036172512e-01
8.512072865426913992e+00 9.593664363196475753e-01
8.562072865426918256e+00 9.592049449433172059e-01
8.612072865426915413e+00 8.970307650561446522e-01
8.662072865426919677e+00 9.264221955482625503e-01
8.712072865426916835e+00 9.059666212130889074e-01
8.762072865426913992e+00 9.026829632277056925e-01
8.812072865426918256e+00 9.128569199365157427e-01
8.862072865426915413e+00 8.761983775095334437e-01
8.912072865426919677e+00 8.897636531212803623e-01
8.962072865426916835e+00 8.557428031743596897e-01
9.012072865426913992e+00 8.500906050027985383e-01
9.062072865426918256e+00 8.628484237328937212e-01
9.112072865426915413e+00 8.371174644375961593e-01
9.162072865426919677e+00 8.772211562262921536e-01
9.212072865426916835e+00 8.647324897900807716e-01
9.262072865426913992e+00 8.580575129017607994e-01
9.312072865426918256e+00 8.502520963791289077e-01
9.362072865426915413e+00 8.632790674031077804e-01
9.412072865426919677e+00 9.329356810602520422e-01
9.462072865426916835e+00 9.244304685735220684e-01
9.512072865426913992e+00 8.869644692648880335e-01
9.562072865426918256e+00 9.211468105881388535e-01
9.612072865426915413e+00 9.288445661932174247e-01
9.662072865426919677e+00 9.384802183142597620e-01
9.712072865426916835e+00 1.017933975468776620e+00
9.762072865426913992e+00 1.002538464258619477e+00
9.812072865426918256e+00 9.562442697105948408e-01
9.862072865426915413e+00 9.986088407679151180e-01
9.912072865426919677e+00 9.978013838862636042e-01
9.962072865426916835e+00 1.018310788680214074e+00
1.001207286542691399e+01 1.050393742111170869e+00
1.006207286542691826e+01 1.016319061705473370e+00
1.011207286542691541e+01 1.060783020655087894e+00
1.016207286542691968e+01 1.066542879744202699e+00
1.021207286542691683e+01 1.086621640867938776e+00
1.026207286542691399e+01 1.111491312822808109e+00
1.031207286542691826e+01 1.037797414757405834e+00
1.036207286542691541e+01 1.071549112410442373e+00
1.041207286542691968e+01 1.103685896300175884e+00
1.046207286542691683e+01 1.058037667257472503e+00
1.051207286542691399e+01 1.126294688986420489e+00
1.056207286542691826e+01 1.109553416306844120e+00
1.061207286542691541e+01 1.085868014445063867e+00
1.066207286542691968e+01 1.071979756080656321e+00
1.071207286542691683e+01 1.123118691918590928e+00
1.076207286542691399e+01 1.034190774019362102e+00
1.081207286542691826e+01 1.099164137762926874e+00
1.086207286542691541e+01 1.084253100681760840e+00
1.091207286542691968e+01 1.129255364219143187e+00
1.096207286542691683e+01 1.090820416652527269e+00
1.101207286542691399e+01 1.041673207789333588e+00
1.106207286542691826e+01 1.091251060322741218e+00
1.111207286542691541e+01 1.084360761599314271e+00
1.116207286542691968e+01 1.007167883713422141e+00
1.121207286542691683e+01 1.052923773673679175e+00
1.126207286542691399e+01 1.032683521173612284e+00
1.131207286542691826e+01 1.023424682264007401e+00
1.136207286542691541e+01 1.045441339903707689e+00
1.141207286542691968e+01 1.006952561878315056e+00
1.146207286542691683e+01 9.970477574633886952e-01
1.151207286542691399e+01 9.399874711600093580e-01
1.156207286542691826e+01 1.007652357842412805e+00
1.161207286542691541e+01 1.035913348700218783e+00
1.166207286542691968e+01 9.785300796441787075e-01
1.171207286542691683e+01 9.750849302824653453e-01
1.176207286542691399e+01 9.448322124499191066e-01
1.181207286542691826e+01 9.573747093449069823e-01
1.186207286542691541e+01 9.829441772638741748e-01
1.191207286542691968e+01 9.389108619844739323e-01
1.196207286542691683e+01 8.933702938593239828e-01
1.201207286542691399e+01 8.899251444976106207e-01
1.206207286542691826e+01 9.536065772305329924e-01
1.211207286542691541e+01 9.195857272836125418e-01
1.216207286542691968e+01 8.824427107276390236e-01
1.221207286542691683e+01 9.132875636067299130e-01
1.226207286542691399e+01 8.582190042780911687e-01
1.231207286542691826e+01 9.006912362529650995e-01
1.236207286542691541e+01 8.588111393246357084e-01
1.241207286542691968e+01 9.233538593979864206e-01
1.246207286542691683e+01 9.244842990322987841e-01
1.251207286542691399e+01 8.936394461532077838e-01
1.256207286542691826e+01 9.811677721242406669e-01
1.261207286542691541e+01 1.029507524105782945e+00
1.266207286542691968e+01 9.962941310405137862e-01
1.271207286542691683e+01 9.465547871307756767e-01
1.276207286542691399e+01 9.782609273502950176e-01
1.281207286542691826e+01 9.824058726761064619e-01
1.286207286542691541e+01 9.323435460137076136e-01
1.291207286542691968e+01 9.832671600165349135e-01
1.296207286542691683e+01 1.007167883713422141e+00
1.301207286542691399e+01 1.010343880781251702e+00
1.306207286542691826e+01 9.842899387332936234e-01
1.311207286542691541e+01 9.735776774367156383e-01
1.316207286542691968e+01 1.017772484092446250e+00
1.321207286542691683e+01 1.015403943906268314e+00
1.326207286542691399e+01 1.059491089644445161e+00
1.331207286542691826e+01 1.013573708307857979e+00
1.336207286542691541e+01 1.036290161911656238e+00
1.341207286542691968e+01 1.024070647769328657e+00
1.346207286542691683e+01 1.054969331107196373e+00
1.351207286542691399e+01 1.063205391300042546e+00
1.356207286542691826e+01 1.018741432350428244e+00
1.361207286542691541e+01 1.030099659152327263e+00
1.366207286542691968e+01 1.055130822483526742e+00
1.371207286542691683e+01 1.052654621379795152e+00
1.376207286542691399e+01 1.048886489265421051e+00
1.381207286542691826e+01 1.028161762636363497e+00
1.386207286542691541e+01 1.064228170016801256e+00
1.391207286542691968e+01 1.028861558600461468e+00
1.396207286542691683e+01 1.061267494784078780e+00
1.401207286542691399e+01 1.054969331107196373e+00
1.406207286542691826e+01 1.035536535488781551e+00
1.411207286542691541e+01 9.790145537731697045e-01
1.416207286542691968e+01 1.000708228660209365e+00
1.421207286542691683e+01 1.061213664325302064e+00
1.426207286542691399e+01 1.056261262117838884e+00
1.431207286542691826e+01 1.047163914584564370e+00
1.436207286542691541e+01 1.032145216585844683e+00
1.441207286542691968e+01 1.018795262809204960e+00
1.446207286542691683e+01 9.555444737464967586e-01
1.451207286542691399e+01 9.906957633277293507e-01
1.456207286542691826e+01 9.691635798170201710e-01
1.461207286542691541e+01 9.629730770576915289e-01
1.466207286542691968e+01 9.822443812997760926e-01
1.471207286542691683e+01 9.659337522904138940e-01
1.476207286542691399e+01 9.702401889925558187e-01
1.481207286542691826e+01 9.531759335603187111e-01
1.486207286542691541e+01 9.699710366986717958e-01
1.491207286542691968e+01 9.573747093449069823e-01
1.496207286542691683e+01 9.311592759206186454e-01
1.501207286542691399e+01 9.476852267650879291e-01
1.506207286542691826e+01 9.035980810269108598e-01
1.511207286542691541e+01 9.619502983409328190e-01
1.516207286542691968e+01 9.550061691587290458e-01
1.521207286542691683e+01 9.455320084140170778e-01
1.526207286542691399e+01 9.393953361134649294e-01
1.531207286542691826e+01 1.013681369225411633e+00
1.536207286542691541e+01 8.933702938593239828e-01
1.541207286542691968e+01 9.308362931679580177e-01
1.546207286542691683e+01 9.749772693649118027e-01
1.551207286542691399e+01 8.940700898234220650e-01
1.556207286542691826e+01 9.599585713661922259e-01
1.561207286542691541e+01 9.604968759539598278e-01
1.566207286542691968e+01 9.462856348368917647e-01
1.571207286542691683e+01 9.573747093449069823e-01
1.576207286542691399e+01 1.018795262809204960e+00
1.581207286542691826e+01 1.029130710894345491e+00
1.586207286542691541e+01 9.913417288330508281e-01
1.591207286542691968e+01 1.009805576193483878e+00
1.596207286542691683e+01 1.044203239351841894e+00
1.601207286542691577e+01 1.035428874571227675e+00
1.606207286542692003e+01 9.578591834738979793e-01
1.611207286542691719e+01 9.948407086535411281e-01
1.616207286542692145e+01 1.054161874225544748e+00
1.621207286542691861e+01 1.007921510136296828e+00
1.626207286542691577e+01 1.024878104650980060e+00
1.631207286542692003e+01 9.972092488397190646e-01
1.636207286542691719e+01 1.058575971845240105e+00
1.641207286542692145e+01 9.787992319380625084e-01
1.646207286542691861e+01 9.971015879221655220e-01
1.651207286542691577e+01 9.991471453556827198e-01
1.656207286542692003e+01 1.030637963740095087e+00
1.661207286542691719e+01 1.044257069810618610e+00
1.666207286542692145e+01 1.001461855083084052e+00
1.671207286542691861e+01 1.006629579125654317e+00
1.676207286542691577e+01 1.059706411479552246e+00
1.681207286542692003e+01 1.021863598959480868e+00
1.686207286542691719e+01 1.036774636040647346e+00
1.691207286542692145e+01 1.146642602404040812e+00
1.696207286542691861e+01 1.059544920103222099e+00
1.701207286542691577e+01 1.002646125176173131e+00
1.706207286542692003e+01 1.029023049976791837e+00
1.711207286542691719e+01 1.061967290748176973e+00
1.716207286542692145e+01 1.002000159670851875e+00
1.721207286542691861e+01 1.009536423899600077e+00
1.726207286542691577e+01 1.024393630521989396e+00
1.731207286542692003e+01 1.025685561532631906e+00
1.736207286542691719e+01 1.035805687782665352e+00
1.741207286542692145e+01 1.002053990129628591e+00
1.746207286542691861e+01 9.620579592584863615e-01
1.751207286542691577e+01 1.027138983919604787e+00
1.756207286542692003e+01 1.007060222795868487e+00
1.761207286542691719e+01 9.898344759873011212e-01
1.766207286542692145e+01 1.063582204511480001e+00
1.771207286542691861e+01 9.728240510138408403e-01
1.776207286542691577e+01 1.041942360083217389e+00
1.781207286542692003e+01 9.937102690192287646e-01
1.786207286542691719e+01 1.019495058773302931e+00
1.791207286542692145e+01 9.715859504619750453e-01
1.796207286542691861e+01 9.635652121042359575e-01
1.801207286542691577e+01 9.611966719180577989e-01
1.806207286542692003e+01 9.406334366653306134e-01
1.811207286542691719e+01 9.251302645376200395e-01
1.816207286542692145e+01 1.014273504271956172e+00
1.821207286542691861e+01 9.763230308343311403e-01
1.826207286542691577e+01 9.378342528089383956e-01
1.831207286542692003e+01 9.740083211069300306e-01
1.836207286542691719e+01 9.719089332146357840e-01
1.841207286542692145e+01 9.247534513261825850e-01
1.846207286542691861e+01 9.152792905814706170e-01
1.851207286542691577e+01 9.796605192784911820e-01
1.856207286542692003e+01 8.959541558806090045e-01
1.861207286542691719e+01 9.289522271107708562e-01
1.866207286542692145e+01 9.708323240391003583e-01
1.871207286542691861e+01 9.289522271107708562e-01
1.876207286542691577e+01 9.197472186599426891e-01
1.881207286542692003e+01 9.438094337331602857e-01
1.886207286542691719e+01 9.344967643647784650e-01
1.891207286542692145e+01 9.111343452556590616e-01
1.896207286542691861e+01 9.567825742983625537e-01
1.901207286542691577e+01 9.573208788861302665e-01
1.906207286542692003e+01 9.117264803022036013e-01
1.911207286542691719e+01 1.015565435282598461e+00
1.916207286542692145e+01 9.632422293515753298e-01
1.921207286542691861e+01 9.567825742983625537e-01
1.926207286542692287e+01 9.018755063460541788e-01
1.931207286542692003e+01 9.201240318713800326e-01
1.936207286542691719e+01 9.717474418383054147e-01
1.941207286542691435e+01 9.636728730217893890e-01
1.946207286542691861e+01 9.848820737798380520e-01
1.951207286542692287e+01 9.223310806812278217e-01
1.956207286542692003e+01 9.957558264527461844e-01
1.961207286542691719e+01 9.256685691253876413e-01
1.966207286542691435e+01 1.026116205202846077e+00
1.971207286542691861e+01 1.028861558600461468e+00
1.976207286542692287e+01 1.017664823174892819e+00
1.981207286542692003e+01 1.008890458394278822e+00
1.986207286542691719e+01 1.027515797131042241e+00
1.991207286542691435e+01 1.070149520482246208e+00
1.996207286542691861e+01 1.063797526346587086e+00
2.001207286542692287e+01 1.046141135867805882e+00
2.006207286542692003e+01 1.068803759012826760e+00
2.011207286542691719e+01 1.035967179158995721e+00
2.016207286542691435e+01 1.082261373707020358e+00
2.021207286542691861e+01 1.053838891472884232e+00
2.026207286542692287e+01 1.033760130349147932e+00
2.031207286542692003e+01 1.063797526346587086e+00
2.036207286542691719e+01 1.038497210721504027e+00
2.041207286542691435e+01 1.063259221758819262e+00
2.046207286542691861e+01 1.056476583952945969e+00
2.051207286542692287e+01 1.056530414411722685e+00
2.056207286542692003e+01 1.060729190196310956e+00
2.061207286542691719e+01 1.093296617756258637e+00
2.066207286542691435e+01 1.054431026519428549e+00
2.071207286542691861e+01 1.000169924072441541e+00
2.076207286542692287e+01 1.064282000475578194e+00
2.081207286542692003e+01 1.066166066532765244e+00
2.086207286542691719e+01 1.038066567051289635e+00
2.091207286542691435e+01 1.023478512722784339e+00
2.096207286542691861e+01 1.039681480814592884e+00
2.101207286542692287e+01 1.042642156047315583e+00
2.106207286542692003e+01 1.066865862496863437e+00
2.111207286542691719e+01 1.004637852150913835e+00
2.116207286542691435e+01 1.054108043766768033e+00
2.121207286542691861e+01 1.027623458048595673e+00
2.126207286542692287e+01 9.961326396641834169e-01
2.131207286542692003e+01 1.025416409238748106e+00
2.136207286542691719e+01 1.016426722623027024e+00
2.141207286542691435e+01 1.044418561186948757e+00
2.146207286542691861e+01 1.053731230555330578e+00
2.151207286542692287e+01 9.794990279021608126e-01
2.156207286542692003e+01 1.036343992370432954e+00
2.161207286542691719e+01 1.011635811791894213e+00
2.166207286542691435e+01 1.024501291439543049e+00
2.171207286542691861e+01 1.056315092576615822e+00
2.176207286542692287e+01 9.720165941321892156e-01
2.181207286542692003e+01 9.757847262465633165e-01
2.186207286542691719e+01 1.030099659152327263e+00
2.191207286542691435e+01 1.010128558946144395e+00
2.196207286542691861e+01 9.208238278354783368e-01
2.201207286542692287e+01 9.304056494977437364e-01
2.206207286542692003e+01 9.137720377357207990e-01
2.211207286542691719e+01 9.088734659870345567e-01
2.216207286542691435e+01 9.205546755415943139e-01
2.221207286542691861e+01 9.837516341455256885e-01
2.226207286542692287e+01 9.251302645376200395e-01
2.231207286542692003e+01 9.076891958939456995e-01
2.236207286542691719e+01 8.801818314590146297e-01
2.241207286542691435e+01 8.710306534669631784e-01
2.246207286542691861e+01 8.899789749563873364e-01
2.251207286542692287e+01 8.878795870640930898e-01
2.256207286542692003e+01 8.536434152820655541e-01
2.261207286542691719e+01 8.383555649894620654e-01
2.266207286542691435e+01 8.394321741649973800e-01
2.271207286542691861e+01 8.822273888925319385e-01
2.276207286542692287e+01 8.622024582275724658e-01
2.281207286542692003e+01 8.991301529484386768e-01
2.286207286542691719e+01 9.042978769910088310e-01
2.291207286542691435e+01 8.850804032077008721e-01
2.296207286542691861e+01 8.894406703686196236e-01
2.301207286542692287e+01 8.899251444976106207e-01
2.306207286542692003e+01 8.933702938593239828e-01
2.311207286542691719e+01 8.845420986199332702e-01
2.316207286542691435e+01 9.320205632610468749e-01
2.321207286542691861e+01 9.742236429420370047e-01
2.326207286542692287e+01 9.488156663994000706e-01
2.331207286542692003e+01 9.459626520842311370e-01
2.336207286542691719e+01 1.034567587230799335e+00
2.341207286542691435e+01 9.959711482878531585e-01
2.346207286542691861e+01 9.827288554287670896e-01
2.351207286542692287e+01 1.024178308686882310e+00
2.356207286542692003e+01 1.025577900615078253e+00
2.361207286542691719e+01 1.067780980296068494e+00
2.366207286542691435e+01 1.043772595681627724e+00
2.371207286542691861e+01 1.151487343693950116e+00
2.376207286542692287e+01 1.145404501852175017e+00
2.381207286542692003e+01 1.135015223308257770e+00
2.386207286542691719e+01 1.176626167942703249e+00
2.391207286542691435e+01 1.215976233308524224e+00
2.396207286542691861e+01 1.256295246932327192e+00
2.401207286542692287e+01 1.292415484771541889e+00
2.406207286542692003e+01 1.298928970283531381e+00
2.411207286542691719e+01 1.260332531340585316e+00
2.416207286542691435e+01 1.251827318853855120e+00
2.421207286542691861e+01 1.379136353860923148e+00
2.426207286542692287e+01 1.293438263488300599e+00
2.431207286542692003e+01 1.315993225715768267e+00
2.436207286542691719e+01 1.259794226752817492e+00
2.441207286542691435e+01 1.238477365077215397e+00
2.446207286542691861e+01 1.266953677770128461e+00
2.451207286542692287e+01 1.180986435103621890e+00
2.456207286542692003e+01 1.144112570841532506e+00
2.461207286542691719e+01 1.179855995469309748e+00
2.466207286542691435e+01 1.156170593607529717e+00
2.471207286542691861e+01 1.152725444245816355e+00
2.476207286542692287e+01 1.089474655183107821e+00
2.481207286542692003e+01 1.140882743314926007e+00
2.486207286542691719e+01 1.092596821792160444e+00
2.491207286542691435e+01 1.004314869398253096e+00
2.496207286542691861e+01 1.042103851459547759e+00
2.501207286542692287e+01 1.009321102064492992e+00
2.506207286542692003e+01 9.828903468050974590e-01
2.511207286542691719e+01 9.647494821973250367e-01
2.516207286542691435e+01 1.008675136559171737e+00
2.521207286542691861e+01 9.216312847171298506e-01
2.526207286542692287e+01 8.605337140054925005e-01
2.531207286542692003e+01 8.893330094510659700e-01
2.536207286542691719e+01 8.563349382209041183e-01
2.541207286542691435e+01 8.334569932407756010e-01
2.546207286542691861e+01 7.985748559534266988e-01
2.551207286542692287e+01 7.878087641980723310e-01
2.556207286542692003e+01 7.228892309132839422e-01
2.561207286542691719e+01 7.377464375356733717e-01
2.566207286542692145e+01 7.163219149425177346e-01
2.571207286542691861e+01 7.007649123560304449e-01
2.576207286542692287e+01 6.847772660993288740e-01
2.581207286542692003e+01 6.855847229809803878e-01
2.586207286542691719e+01 6.589924763452545964e-01
2.591207286542692145e+01 6.902679728945595450e-01
2.596207286542691861e+01 6.727730737921084891e-01
2.601207286542692287e+01 6.746033093905188238e-01
2.606207286542692003e+01 7.471667678216086239e-01
2.611207286542691719e+01 6.944129182203711004e-01
2.616207286542692145e+01 6.785329328812230720e-01
2.621207286542691861e+01 6.917752257403092520e-01
2.626207286542692287e+01 7.029181307071012963e-01
2.631207286542692003e+01 6.966199670302186675e-01
2.636207286542691719e+01 6.902141424357828292e-01
2.641207286542692145e+01 7.695064082139695394e-01
2.646207286542691861e+01 7.701523737192906838e-01
2.651207286542692287e+01 8.445460677487909296e-01
2.656207286542692003e+01 8.533204325294048154e-01
2.661207286542691719e+01 8.570347341850022005e-01
2.666207286542692145e+01 8.480450475692812295e-01
2.671207286542691861e+01 8.621486277687957500e-01
2.676207286542692287e+01 8.673163518113657933e-01
2.681207286542692003e+01 9.483311922704090735e-01
2.686207286542691719e+01 9.736853383542692919e-01
2.691207286542692145e+01 9.889193581880960648e-01
2.696207286542691861e+01 9.510227152092477487e-01
2.701207286542692287e+01 9.668488700896189503e-01
2.706207286542692003e+01 9.782609273502950176e-01
2.711207286542691719e+01 9.842361082745166856e-01
2.716207286542692145e+01 1.016749705375687540e+00
2.721207286542691861e+01 1.068373115342613033e+00
2.726207286542692287e+01 1.204241193295187751e+00
2.731207286542692003e+01 1.248920474079909360e+00
2.736207286542691719e+01 1.434043421813231411e+00
2.741207286542692145e+01 1.572656853163421964e+00
2.746207286542691861e+01 1.758748749154726010e+00
2.751207286542692287e+01 1.962335544248481334e+00
2.756207286542692003e+01 2.234179361071184644e+00
2.761207286542691719e+01 2.379037125639480887e+00
2.766207286542692145e+01 2.569004814662712466e+00
2.771207286542691861e+01 2.639845698412945918e+00
2.776207286542692287e+01 2.829544235142293473e+00
2.781207286542692003e+01 2.791432270328338738e+00
2.786207286542691719e+01 2.750198138905330492e+00
2.791207286542692145e+01 2.617021583891594450e+00
2.796207286542691861e+01 2.478677304835287032e+00
2.801207286542692287e+01 2.270299598910399563e+00
2.806207286542692003e+01 2.010406143936139589e+00
2.811207286542691719e+01 1.767899927146777461e+00
2.816207286542692145e+01 1.377198457344959381e+00
2.821207286542691861e+01 1.029776676399666746e+00
2.826207286542692287e+01 7.866783245637599675e-01
2.831207286542692003e+01 4.912029363380532310e-01
2.836207286542691719e+01 3.338026748747690564e-01
2.841207286542692145e+01 2.029946600472108398e-01
2.846207286542691861e+01 1.426507157584483154e-01
2.851207286542692287e+01 9.544140341121844229e-02
2.856207286542692003e+01 8.117633183537362185e-02
2.861207286542691719e+01 8.332955018644455647e-02
2.866207286542692145e+01 7.880779164919561597e-02
2.871207286542691861e+01 7.983057036595429812e-02
2.876207286542692287e+01 8.209144963457876143e-02
2.881207286542692003e+01 8.752832597103282763e-02
2.886207286542691719e+01 8.952005294577344841e-02
2.891207286542692145e+01 9.581821662265585515e-02
2.896207286542691861e+01 1.072302738833317282e-01
2.901207286542692287e+01 1.175118915096953764e-01
2.906207286542692003e+01 1.274166959246215702e-01
2.911207286542691719e+01 1.552470431122132122e-01
2.916207286542692145e+01 1.680586923010851663e-01
2.921207286542691861e+01 1.855535914035363887e-01
2.926207286542692287e+01 1.832388816761351402e-01
2.931207286542692003e+01 1.808703414899571205e-01
2.936207286542691719e+01 1.618681895417563021e-01
2.941207286542692145e+01 1.376983135509852463e-01
2.946207286542691861e+01 1.151971817822941418e-01
2.951207286542692287e+01 9.581821662265585515e-02
2.956207286542692003e+01 9.711014763329842148e-02
2.961207286542691719e+01 9.834824818516418876e-02
2.966207286542692145e+01 1.506714541161874865e-01
2.971207286542691861e+01 2.116075334514944672e-01
2.976207286542692287e+01 3.524280136115325313e-01
2.981207286542692003e+01 5.289919183993478935e-01
2.986207286542691719e+01 9.618964678821559922e-01
2.991207286542692145e+01 1.479799311773488446e+00
2.996207286542691861e+01 2.356966637541003884e+00
3.001207286542692287e+01 3.250821405529318753e+00
3.006207286542692003e+01 4.002456101429400448e+00
3.011207286542691719e+01 5.013230625880864544e+00
3.016207286542692145e+01 5.151844057231055096e+00
3.021207286542691861e+01 5.040415007563136207e+00
3.026207286542692287e+01 4.190647385312998630e+00
3.031207286542692003e+01 3.299807123016182508e+00
3.036207286542691719e+01 2.337964485592802788e+00
3.041207286542692145e+01 1.437757723468828797e+00
3.046207286542691861e+01 8.367406512261589269e-01
3.051207286542692287e+01 5.258159213315182212e-01
3.056207286542692003e+01 2.861627188573250269e-01
3.061207286542691719e+01 1.634292728462826971e-01
3.066207286542692145e+01 1.048079032383769510e-01
3.071207286542691861e+01 5.426110244698714030e-02
3.076207286542692287e+01 3.423617178202760514e-02
3.081207286542692003e+01 1.776405139633507532e-02
3.086207286542691719e+01 1.060460037902427079e-02
3.091207286542692145e+01 4.467928078472155340e-03
3.096207286542691861e+01 2.368540186178010650e-03
3.101207286542692287e+01 9.689482579819131422e-04
3.106207286542692003e+01 4.306436702141836067e-04
3.111207286542691719e+01 5.383045877677295084e-05
3.116207286542692145e+01 5.383045877677295084e-05
3.121207286542691861e+01 5.383045877677295084e-05
3.126207286542692287e+01 0.000000000000000000e+00
3.131207286542692003e+01 0.000000000000000000e+00
3.136207286542691719e+01 0.000000000000000000e+00
3.141207286542692145e+01 0.000000000000000000e+00
3.146207286542691861e+01 0.000000000000000000e+00
3.151207286542692287e+01 0.000000000000000000e+00
3.156207286542692003e+01 0.000000000000000000e+00
3.161207286542691719e+01 0.000000000000000000e+00
3.166207286542692145e+01 0.000000000000000000e+00
3.171207286542691861e+01 0.000000000000000000e+00
3.176207286542692287e+01 0.000000000000000000e+00
3.181207286542692003e+01 0.000000000000000000e+00
3.186207286542691719e+01 0.000000000000000000e+00
3.191207286542692145e+01 0.000000000000000000e+00
3.196207286542691861e+01 0.000000000000000000e+00
3.201207286542692287e+01 0.000000000000000000e+00
3.206207286542692003e+01 0.000000000000000000e+00
3.211207286542691719e+01 0.000000000000000000e+00
3.216207286542692145e+01 0.000000000000000000e+00
3.221207286542691861e+01 0.000000000000000000e+00
3.226207286542692287e+01 0.000000000000000000e+00
3.231207286542692003e+01 0.000000000000000000e+00
3.236207286542691719e+01 0.000000000000000000e+00
3.241207286542692145e+01 0.000000000000000000e+00
3.246207286542691861e+01 0.000000000000000000e+00
3.251207286542692287e+01 0.000000000000000000e+00
3.256207286542692003e+01 0.000000000000000000e+00
3.261207286542691719e+01 0.000000000000000000e+00
3.266207286542692145e+01 0.000000000000000000e+00
3.271207286542691861e+01 0.000000000000000000e+00
3.276207286542692287e+01 0.000000000000000000e+00
3.281207286542692003e+01 0.000000000000000000e+00
3.286207286542691719e+01 0.000000000000000000e+00
3.291207286542692145e+01 0.000000000000000000e+00
3.296207286542691861e+01 0.000000000000000000e+00
3.301207286542692287e+01 0.000000000000000000e+00
3.306207286542692003e+01 0.000000000000000000e+00
3.311207286542691719e+01 0.000000000000000000e+00
3.316207286542692145e+01 0.000000000000000000e+00
3.321207286542691861e+01 0.000000000000000000e+00
3.326207286542692287e+01 0.000000000000000000e+00
3.331207286542692003e+01 0.000000000000000000e+00
3.336207286542691719e+01 0.000000000000000000e+00
3.341207286542692145e+01 0.000000000000000000e+00
3.346207286542691861e+01 0.000000000000000000e+00
3.351207286542692287e+01 0.000000000000000000e+00
3.356207286542692003e+01 0.000000000000000000e+00
3.361207286542691719e+01 0.000000000000000000e+00
3.366207286542692145e+01 0.000000000000000000e+00
3.371207286542691861e+01 0.000000000000000000e+00
3.376207286542692287e+01 0.000000000000000000e+00
3.381207286542692003e+01 0.000000000000000000e+00
3.386207286542691719e+01 0.000000000000000000e+00
3.391207286542692145e+01 0.000000000000000000e+00
3.396207286542691861e+01 0.000000000000000000e+00
3.401207286542692287e+01 0.000000000000000000e+00
3.406207286542692003e+01 0.000000000000000000e+00
3.411207286542691719e+01 0.000000000000000000e+00
3.416207286542692145e+01 0.000000000000000000e+00
3.421207286542691861e+01 0.000000000000000000e+00
3.426207286542692287e+01 0.000000000000000000e+00
3.431207286542692003e+01 0.000000000000000000e+00
3.436207286542691719e+01 0.000000000000000000e+00
3.441207286542692145e+01 0.000000000000000000e+00
3.446207286542691861e+01 0.000000000000000000e+00
3.451207286542692287e+01 0.000000000000000000e+00
3.456207286542692003e+01 0.000000000000000000e+00
3.461207286542691719e+01 0.000000000000000000e+00
3.466207286542692145e+01 0.000000000000000000e+00
3.471207286542691861e+01 0.000000000000000000e+00
3.476207286542692287e+01 0.000000000000000000e+00
3.481207286542692003e+01 0.000000000000000000e+00
3.486207286542691719e+01 0.000000000000000000e+00
3.491207286542692145e+01 0.000000000000000000e+00
3.496207286542691861e+01 0.000000000000000000e+00
3.501207286542692287e+01 0.000000000000000000e+00
3.506207286542692003e+01 0.000000000000000000e+00
3.511207286542691719e+01 0.000000000000000000e+00
3.516207286542692145e+01 0.000000000000000000e+00
3.521207286542691861e+01 0.000000000000000000e+00
3.526207286542692287e+01 0.000000000000000000e+00
3.531207286542692003e+01 0.000000000000000000e+00
3.536207286542691719e+01 0.000000000000000000e+00
3.541207286542692145e+01 0.000000000000000000e+00
3.546207286542691861e+01 0.000000000000000000e+00
3.551207286542692287e+01 0.000000000000000000e+00
3.556207286542692003e+01 0.000000000000000000e+00
3.561207286542691719e+01 0.000000000000000000e+00
3.566207286542692145e+01 0.000000000000000000e+00
3.571207286542691861e+01 0.000000000000000000e+00
3.576207286542692287e+01 0.000000000000000000e+00
3.581207286542692003e+01 0.000000000000000000e+00
3.586207286542691719e+01 0.000000000000000000e+00
3.591207286542692145e+01 0.000000000000000000e+00
3.596207286542691861e+01 0.000000000000000000e+00
3.601207286542692287e+01 0.000000000000000000e+00
3.606207286542692003e+01 0.000000000000000000e+00
3.611207286542691719e+01 0.000000000000000000e+00
3.616207286542692145e+01 0.000000000000000000e+00
3.621207286542691861e+01 0.000000000000000000e+00
3.626207286542692287e+01 0.000000000000000000e+00
3.631207286542692003e+01 0.000000000000000000e+00
3.636207286542691719e+01 0.000000000000000000e+00
3.641207286542692145e+01 0.000000000000000000e+00
3.646207286542691861e+01 0.000000000000000000e+00
3.651207286542692287e+01 0.000000000000000000e+00
3.656207286542692003e+01 0.000000000000000000e+00
3.661207286542691719e+01 0.000000000000000000e+00
3.666207286542692145e+01 0.000000000000000000e+00
3.671207286542691861e+01 0.000000000000000000e+00
3.676207286542692287e+01 0.000000000000000000e+00
3.681207286542692003e+01 0.000000000000000000e+00
3.686207286542691719e+01 0.000000000000000000e+00
3.691207286542692145e+01 0.000000000000000000e+00
3.696207286542691861e+01 0.000000000000000000e+00
3.701207286542692287e+01 0.000000000000000000e+00
3.706207286542692003e+01 0.000000000000000000e+00
3.711207286542691719e+01 0.000000000000000000e+00
3.716207286542692145e+01 0.000000000000000000e+00
