-1.437128552644735358e+01 0.000000000000000000e+00
-1.432128552644735464e+01 0.000000000000000000e+00
-1.427128552644735393e+01 0.000000000000000000e+00
-1.422128552644735322e+01 0.000000000000000000e+00
-1.417128552644735429e+01 0.000000000000000000e+00
-1.412128552644735358e+01 0.000000000000000000e+00
-1.407128552644735464e+01 0.000000000000000000e+00
-1.402128552644735393e+01 0.000000000000000000e+00
-1.397128552644735322e+01 0.000000000000000000e+00
-1.392128552644735429e+01 0.000000000000000000e+00
-1.387128552644735358e+01 0.000000000000000000e+00
-1.382128552644735464e+01 0.000000000000000000e+00
-1.377128552644735393e+01 0.000000000000000000e+00
-1.372128552644735322e+01 0.000000000000000000e+00
-1.367128552644735429e+01 0.000000000000000000e+00
-1.362128552644735358e+01 0.000000000000000000e+00
-1.357128552644735464e+01 0.000000000000000000e+00
-1.352128552644735393e+01 0.000000000000000000e+00
-1.347128552644735322e+01 0.000000000000000000e+00
-1.342128552644735429e+01 0.000000000000000000e+00
-1.337128552644735358e+01 0.000000000000000000e+00
-1.332128552644735464e+01 0.000000000000000000e+00
-1.327128552644735393e+01 0.000000000000000000e+00
-1.322128552644735322e+01 0.000000000000000000e+00
-1.317128552644735429e+01 0.000000000000000000e+00
-1.312128552644735358e+01 0.000000000000000000e+00
-1.307128552644735464e+01 0.000000000000000000e+00
-1.302128552644735393e+01 0.000000000000000000e+00
-1.297128552644735322e+01 0.000000000000000000e+00
-1.292128552644735429e+01 0.000000000000000000e+00
-1.287128552644735358e+01 0.000000000000000000e+00
-1.282128552644735464e+01 0.000000000000000000e+00
-1.277128552644735393e+01 0.000000000000000000e+00
-1.272128552644735322e+01 0.000000000000000000e+00
-1.267128552644735429e+01 0.000000000000000000e+00
-1.262128552644735358e+01 0.000000000000000000e+00
-1.257128552644735464e+01 0.000000000000000000e+00
-1.252128552644735393e+01 0.000000000000000000e+00
-1.247128552644735322e+01 0.000000000000000000e+00
-1.242128552644735429e+01 0.000000000000000000e+00
-1.237128552644735358e+01 0.000000000000000000e+00
-1.232128552644735464e+01 0.000000000000000000e+00
-1.227128552644735393e+01 0.000000000000000000e+00
-1.222128552644735322e+01 0.000000000000000000e+00
-1.217128552644735429e+01 0.000000000000000000e+00
-1.212128552644735358e+01 0.000000000000000000e+00
-1.207128552644735464e+01 0.000000000000000000e+00
-1.202128552644735393e+01 0.000000000000000000e+00
-1.197128552644735322e+01 0.000000000000000000e+00
-1.192128552644735429e+01 0.000000000000000000e+00
-1.187128552644735358e+01 0.000000000000000000e+00
-1.182128552644735464e+01 0.000000000000000000e+00
-1.177128552644735393e+01 0.000000000000000000e+00
-1.172128552644735322e+01 0.000000000000000000e+00
-1.167128552644735429e+01 0.000000000000000000e+00
-1.162128552644735358e+01 0.000000000000000000e+00
-1.157128552644735464e+01 0.000000000000000000e+00
-1.152128552644735393e+01 0.000000000000000000e+00
-1.147128552644735322e+01 0.000000000000000000e+00
-1.142128552644735429e+01 0.000000000000000000e+00
-1.137128552644735358e+01 0.000000000000000000e+00
-1.132128552644735464e+01 0.000000000000000000e+00
-1.127128552644735393e+01 0.000000000000000000e+00
-1.122128552644735322e+01 0.000000000000000000e+00
-1.117128552644735429e+01 0.000000000000000000e+00
-1.112128552644735358e+01 0.000000000000000000e+00
-1.107128552644735464e+01 0.000000000000000000e+00
-1.102128552644735393e+01 0.000000000000000000e+00
-1.097128552644735322e+01 0.000000000000000000e+00
-1.092128552644735429e+01 0.000000000000000000e+00
-1.087128552644735358e+01 0.000000000000000000e+00
-1.082128552644735464e+01 0.000000000000000000e+00
-1.077128552644735393e+01 0.000000000000000000e+00
-1.072128552644735322e+01 0.000000000000000000e+00
-1.067128552644735429e+01 0.000000000000000000e+00
-1.062128552644735358e+01 0.000000000000000000e+00
-1.057128552644735464e+01 0.000000000000000000e+00
-1.052128552644735393e+01 0.000000000000000000e+00
-1.047128552644735322e+01 0.000000000000000000e+00
-1.042128552644735429e+01 0.000000000000000000e+00
-1.037128552644735358e+01 0.000000000000000000e+00
-1.032128552644735464e+01 0.000000000000000000e+00
-1.027128552644735393e+01 0.000000000000000000e+00
-1.022128552644735322e+01 0.000000000000000000e+00
-1.017128552644735429e+01 0.000000000000000000e+00
-1.012128552644735358e+01 0.000000000000000000e+00
-1.007128552644735464e+01 0.000000000000000000e+00
-1.002128552644735393e+01 0.000000000000000000e+00
-9.971285526447353220e+00 0.000000000000000000e+00
-9.921285526447354286e+00 0.000000000000000000e+00
-9.871285526447353575e+00 0.000000000000000000e+00
-9.821285526447354641e+00 0.000000000000000000e+00
-9.771285526447353931e+00 0.000000000000000000e+00
-9.721285526447353220e+00 0.000000000000000000e+00
-9.671285526447354286e+00 0.000000000000000000e+00
-9.621285526447353575e+00 0.000000000000000000e+00
-9.571285526447352865e+00 0.000000000000000000e+00
-9.521285526447353931e+00 0.000000000000000000e+00
-9.471285526447353220e+00 0.000000000000000000e+00
-9.421285526447354286e+00 0.000000000000000000e+00
-9.371285526447353575e+00 0.000000000000000000e+00
-9.321285526447352865e+00 0.000000000000000000e+00
-9.271285526447353931e+00 0.000000000000000000e+00
-9.221285526447353220e+00 0.000000000000000000e+00
-9.171285526447354286e+00 0.000000000000000000e+00
-9.121285526447353575e+00 0.000000000000000000e+00
-9.071285526447352865e+00 0.000000000000000000e+00
-9.021285526447353931e+00 0.000000000000000000e+00
-8.971285526447353220e+00 0.000000000000000000e+00
-8.921285526447354286e+00 0.000000000000000000e+00
-8.871285526447353575e+00 0.000000000000000000e+00
-8.821285526447352865e+00 0.000000000000000000e+00
-8.771285526447353931e+00 0.000000000000000000e+00
-8.721285526447353220e+00 0.000000000000000000e+00
-8.671285526447354286e+00 0.000000000000000000e+00
-8.621285526447353575e+00 0.000000000000000000e+00
-8.571285526447352865e+00 0.000000000000000000e+00
-8.521285526447353931e+00 0.000000000000000000e+00
-8.471285526447353220e+00 0.000000000000000000e+00
-8.421285526447354286e+00 0.000000000000000000e+00
-8.371285526447353575e+00 0.000000000000000000e+00
-8.321285526447352865e+00 0.000000000000000000e+00
-8.271285526447353931e+00 0.000000000000000000e+00
-8.221285526447353220e+00 0.000000000000000000e+00
-8.171285526447354286e+00 0.000000000000000000e+00
-8.121285526447353575e+00 0.000000000000000000e+00
-8.071285526447352865e+00 0.000000000000000000e+00
-8.021285526447353931e+00 0.000000000000000000e+00
-7.971285526447353220e+00 0.000000000000000000e+00
-7.921285526447354286e+00 0.000000000000000000e+00
-7.871285526447353575e+00 0.000000000000000000e+00
-7.821285526447352865e+00 0.000000000000000000e+00
-7.771285526447353931e+00 0.000000000000000000e+00
-7.721285526447353220e+00 0.000000000000000000e+00
-7.671285526447354286e+00 0.000000000000000000e+00
-7.621285526447353575e+00 0.000000000000000000e+00
-7.571285526447352865e+00 0.000000000000000000e+00
-7.521285526447353931e+00 0.000000000000000000e+00
-7.471285526447353220e+00 0.000000000000000000e+00
-7.421285526447354286e+00 0.000000000000000000e+00
-7.371285526447353575e+00 0.000000000000000000e+00
-7.321285526447352865e+00 0.000000000000000000e+00
-7.271285526447353931e+00 0.000000000000000000e+00
-7.221285526447353220e+00 0.000000000000000000e+00
-7.171285526447354286e+00 0.000000000000000000e+00
-7.121285526447353575e+00 0.000000000000000000e+00
-7.071285526447352865e+00 0.000000000000000000e+00
-7.021285526447353931e+00 0.000000000000000000e+00
-6.971285526447353220e+00 0.000000000000000000e+00
-6.921285526447354286e+00 0.000000000000000000e+00
-6.871285526447353575e+00 0.000000000000000000e+00
-6.821285526447352865e+00 0.000000000000000000e+00
-6.771285526447353931e+00 0.000000000000000000e+00
-6.721285526447353220e+00 0.000000000000000000e+00
-6.671285526447354286e+00 0.000000000000000000e+00
-6.621285526447353575e+00 0.000000000000000000e+00
-6.571285526447352865e+00 0.000000000000000000e+00
-6.521285526447353931e+00 0.000000000000000000e+00
-6.471285526447353220e+00 0.000000000000000000e+00
-6.421285526447354286e+00 0.000000000000000000e+00
-6.371285526447353575e+00 0.000000000000000000e+00
-6.321285526447354641e+00 0.000000000000000000e+00
-6.271285526447353931e+00 0.000000000000000000e+00
-6.221285526447353220e+00 0.000000000000000000e+00
-6.171285526447352510e+00 0.000000000000000000e+00
-6.121285526447353575e+00 0.000000000000000000e+00
-6.071285526447354641e+00 0.000000000000000000e+00
-6.021285526447353931e+00 0.000000000000000000e+00
-5.971285526447353220e+00 0.000000000000000000e+00
-5.921285526447352510e+00 0.000000000000000000e+00
-5.871285526447353575e+00 0.000000000000000000e+00
-5.821285526447354641e+00 0.000000000000000000e+00
-5.771285526447353931e+00 0.000000000000000000e+00
-5.721285526447353220e+00 0.000000000000000000e+00
-5.671285526447352510e+00 0.000000000000000000e+00
-5.621285526447353575e+00 0.000000000000000000e+00
-5.571285526447354641e+00 0.000000000000000000e+00
-5.521285526447353931e+00 0.000000000000000000e+00
-5.471285526447353220e+00 0.000000000000000000e+00
-5.421285526447352510e+00 0.000000000000000000e+00
-5.371285526447353575e+00 0.000000000000000000e+00
-5.321285526447354641e+00 0.000000000000000000e+00
-5.271285526447353931e+00 0.000000000000000000e+00
-5.221285526447353220e+00 0.000000000000000000e+00
-5.171285526447352510e+00 0.000000000000000000e+00
-5.121285526447353575e+00 0.000000000000000000e+00
-5.071285526447354641e+00 0.000000000000000000e+00
-5.021285526447353931e+00 0.000000000000000000e+00
-4.971285526447353220e+00 0.000000000000000000e+00
-4.921285526447352510e+00 0.000000000000000000e+00
-4.871285526447353575e+00 0.000000000000000000e+00
-4.821285526447352865e+00 0.000000000000000000e+00
-4.771285526447353931e+00 0.000000000000000000e+00
-4.721285526447353220e+00 0.000000000000000000e+00
-4.671285526447352510e+00 0.000000000000000000e+00
-4.621285526447353575e+00 0.000000000000000000e+00
-4.571285526447352865e+00 0.000000000000000000e+00
-4.521285526447353931e+00 0.000000000000000000e+00
-4.471285526447353220e+00 0.000000000000000000e+00
-4.421285526447352510e+00 0.000000000000000000e+00
-4.371285526447353575e+00 0.000000000000000000e+00
-4.321285526447352865e+00 0.000000000000000000e+00
-4.271285526447353931e+00 0.000000000000000000e+00
-4.221285526447353220e+00 0.000000000000000000e+00
-4.171285526447352510e+00 0.000000000000000000e+00
-4.121285526447353575e+00 0.000000000000000000e+00
-4.071285526447352865e+00 0.000000000000000000e+00
-4.021285526447353931e+00 0.000000000000000000e+00
-3.971285526447353220e+00 0.000000000000000000e+00
-3.921285526447352510e+00 0.000000000000000000e+00
-3.871285526447353575e+00 0.000000000000000000e+00
-3.821285526447352865e+00 0.000000000000000000e+00
-3.771285526447353931e+00 0.000000000000000000e+00
-3.721285526447353220e+00 0.000000000000000000e+00
-3.671285526447352510e+00 0.000000000000000000e+00
-3.621285526447353575e+00 0.000000000000000000e+00
-3.571285526447352865e+00 0.000000000000000000e+00
-3.521285526447353931e+00 0.000000000000000000e+00
-3.471285526447353220e+00 0.000000000000000000e+00
-3.421285526447352510e+00 0.000000000000000000e+00
-3.371285526447353575e+00 0.000000000000000000e+00
-3.321285526447352865e+00 0.000000000000000000e+00
-3.271285526447353931e+00 0.000000000000000000e+00
-3.221285526447353220e+00 0.000000000000000000e+00
-3.171285526447352510e+00 0.000000000000000000e+00
-3.121285526447353575e+00 0.000000000000000000e+00
-3.071285526447352865e+00 0.000000000000000000e+00
-3.021285526447353931e+00 0.000000000000000000e+00
-2.971285526447353220e+00 0.000000000000000000e+00
-2.921285526447352510e+00 0.000000000000000000e+00
-2.871285526447353575e+00 0.000000000000000000e+00
-2.821285526447352865e+00 0.000000000000000000e+00
-2.771285526447353931e+00 0.000000000000000000e+00
-2.721285526447353220e+00 0.000000000000000000e+00
-2.671285526447352510e+00 0.000000000000000000e+00
-2.621285526447353575e+00 0.000000000000000000e+00
-2.571285526447352865e+00 0.000000000000000000e+00
-2.521285526447353931e+00 0.000000000000000000e+00
-2.471285526447353220e+00 0.000000000000000000e+00
-2.421285526447352510e+00 0.000000000000000000e+00
-2.371285526447353575e+00 0.000000000000000000e+00
-2.321285526447352865e+00 0.000000000000000000e+00
-2.271285526447353931e+00 0.000000000000000000e+00
-2.221285526447353220e+00 0.000000000000000000e+00
-2.171285526447352510e+00 0.000000000000000000e+00
-2.121285526447353575e+00 0.000000000000000000e+00
-2.071285526447352865e+00 0.000000000000000000e+00
-2.021285526447353931e+00 0.000000000000000000e+00
-1.971285526447353220e+00 0.000000000000000000e+00
-1.921285526447352510e+00 0.000000000000000000e+00
-1.871285526447353575e+00 0.000000000000000000e+00
-1.821285526447352865e+00 0.000000000000000000e+00
-1.771285526447353931e+00 0.000000000000000000e+00
-1.721285526447353220e+00 0.000000000000000000e+00
-1.671285526447352510e+00 0.000000000000000000e+00
-1.621285526447353575e+00 0.000000000000000000e+00
-1.571285526447352865e+00 0.000000000000000000e+00
-1.521285526447353931e+00 0.000000000000000000e+00
-1.471285526447353220e+00 0.000000000000000000e+00
-1.421285526447352510e+00 0.000000000000000000e+00
-1.371285526447353575e+00 0.000000000000000000e+00
-1.321285526447352865e+00 0.000000000000000000e+00
-1.271285526447353931e+00 0.000000000000000000e+00
-1.221285526447353220e+00 0.000000000000000000e+00
-1.171285526447352510e+00 0.000000000000000000e+00
-1.121285526447353575e+00 0.000000000000000000e+00
-1.071285526447352865e+00 0.000000000000000000e+00
-1.021285526447353931e+00 0.000000000000000000e+00
-9.712855264473532202e-01 0.000000000000000000e+00
-9.212855264473525096e-01 0.000000000000000000e+00
-8.712855264473535755e-01 0.000000000000000000e+00
-8.212855264473528649e-01 0.000000000000000000e+00
-7.712855264473539307e-01 0.000000000000000000e+00
-7.212855264473532202e-01 0.000000000000000000e+00
-6.712855264473525096e-01 0.000000000000000000e+00
-6.212855264473535755e-01 0.000000000000000000e+00
-5.712855264473528649e-01 0.000000000000000000e+00
-5.212855264473539307e-01 0.000000000000000000e+00
-4.712855264473532202e-01 0.000000000000000000e+00
-4.212855264473525096e-01 0.000000000000000000e+00
-3.712855264473535755e-01 0.000000000000000000e+00
-3.212855264473528649e-01 0.000000000000000000e+00
-2.712855264473539307e-01 0.000000000000000000e+00
-2.212855264473532202e-01 0.000000000000000000e+00
-1.712855264473525096e-01 0.000000000000000000e+00
-1.212855264473535755e-01 0.000000000000000000e+00
-7.128552644735286492e-02 0.000000000000000000e+00
-2.128552644735393073e-02 0.000000000000000000e+00
2.871447355264677981e-02 0.000000000000000000e+00
7.871447355264749035e-02 0.000000000000000000e+00
1.287144735526464245e-01 0.000000000000000000e+00
1.787144735526471351e-01 0.000000000000000000e+00
2.287144735526460693e-01 0.000000000000000000e+00
2.787144735526467798e-01 0.000000000000000000e+00
3.287144735526474904e-01 0.000000000000000000e+00
3.787144735526464245e-01 0.000000000000000000e+00
4.287144735526471351e-01 0.000000000000000000e+00
4.787144735526460693e-01 0.000000000000000000e+00
5.287144735526467798e-01 0.000000000000000000e+00
5.787144735526474904e-01 0.000000000000000000e+00
6.287144735526464245e-01 0.000000000000000000e+00
6.787144735526471351e-01 0.000000000000000000e+00
7.287144735526460693e-01 0.000000000000000000e+00
7.787144735526467798e-01 0.000000000000000000e+00
8.287144735526474904e-01 0.000000000000000000e+00
8.787144735526464245e-01 0.000000000000000000e+00
9.287144735526471351e-01 0.000000000000000000e+00
9.787144735526460693e-01 0.000000000000000000e+00
1.028714473552646780e+00 0.000000000000000000e+00
1.078714473552647490e+00 0.000000000000000000e+00
1.128714473552646425e+00 0.000000000000000000e+00
1.178714473552647135e+00 0.000000000000000000e+00
1.228714473552646069e+00 0.000000000000000000e+00
1.278714473552646780e+00 5.710153266462276517e-05
1.328714473552647490e+00 8.565229899693414437e-05
1.378714473552646425e+00 2.569568969908024060e-04
1.428714473552647135e+00 6.566676256431618368e-04
1.478714473552646069e+00 1.370436783950946310e-03
1.528714473552646780e+00 3.140584296554251725e-03
1.578714473552647490e+00 6.081313228782323464e-03
1.628714473552644648e+00 1.122045116859837245e-02
1.678714473552648911e+00 1.978568106829179177e-02
1.728714473552646069e+00 4.017092822956210701e-02
1.778714473552646780e+00 8.162664094407823256e-02
1.828714473552647490e+00 2.107617570651226235e-01
1.878714473552644648e+00 4.907305717197680273e-01
1.928714473552648911e+00 1.047070804471187611e+00
1.978714473552646069e+00 1.918183236036340222e+00
2.028714473552646780e+00 2.791665381207073970e+00
2.078714473552647490e+00 3.596882644077252333e+00
2.128714473552644648e+00 3.872882902211705947e+00
2.178714473552648911e+00 3.593199595220384346e+00
2.228714473552646069e+00 3.026952246551652514e+00
2.278714473552646780e+00 2.311612796095591449e+00
2.328714473552647490e+00 1.611376701029322067e+00
2.378714473552644648e+00 1.100089577550289688e+00
2.428714473552648911e+00 7.582798030198579786e-01
2.478714473552646069e+00 5.562831312187549448e-01
2.528714473552646780e+00 4.406239768065615126e-01
2.578714473552647490e+00 4.058205926474739433e-01
2.628714473552644648e+00 3.686474948828045162e-01
2.678714473552648911e+00 3.725303991039988771e-01
2.728714473552646069e+00 3.712456146190448725e-01
2.778714473552646780e+00 3.441223866033490397e-01
2.828714473552647490e+00 3.320168616784490712e-01
2.878714473552644648e+00 3.078058118286489675e-01
2.928714473552648911e+00 2.951292715771027253e-01
2.978714473552646069e+00 2.858217217527692644e-01
3.028714473552646780e+00 2.664357514131298066e-01
3.078714473552647490e+00 2.559576201691715069e-01
3.128714473552644648e+00 2.766569257600972609e-01
3.178714473552648911e+00 3.172275647183117608e-01
3.228714473552646069e+00 3.756709834005531046e-01
3.278714473552646780e+00 4.324299068691880854e-01
3.328714473552647490e+00 5.453481877134795930e-01
3.378714473552644648e+00 7.051753776417586383e-01
3.428714473552648911e+00 9.145381471565982023e-01
3.478714473552646069e+00 1.026000338917941734e+00
3.528714473552646780e+00 1.227083386196410775e+00
3.578714473552647490e+00 1.409351478461886797e+00
3.628714473552644648e+00 1.515389024620091174e+00
3.678714473552648911e+00 1.607722202938786094e+00
3.728714473552646069e+00 1.759640830593014904e+00
3.778714473552646780e+00 1.812945111335440229e+00
3.828714473552647490e+00 1.808862351749919828e+00
3.878714473552644648e+00 1.800382774149223319e+00
3.928714473552648911e+00 1.871930994577995833e+00
3.978714473552646069e+00 1.727635421534493787e+00
4.028714473552646780e+00 1.580456221091428581e+00
4.078714473552647490e+00 1.518301202785986792e+00
4.128714473552644648e+00 1.337574851902455730e+00
4.178714473552648911e+00 1.236961951347390620e+00
4.228714473552646069e+00 1.159846331483817661e+00
4.278714473552646780e+00 1.051324868654701872e+00
4.328714473552647490e+00 1.027713384897880555e+00
4.378714473552644648e+00 9.430318119562448587e-01
4.428714473552648911e+00 9.556226999087941154e-01
4.478714473552646069e+00 9.192490236014294602e-01
4.528714473552646780e+00 8.787354861758795987e-01
4.578714473552647490e+00 8.640318415147392184e-01
4.628714473552644648e+00 8.597777773312249572e-01
4.678714473552648911e+00 8.614622725448313201e-01
4.728714473552646069e+00 9.241597554105871470e-01
4.778714473552650333e+00 8.943813061259863195e-01
4.828714473552647490e+00 9.068865417795386463e-01
4.878714473552644648e+00 8.745670742913622675e-01
4.928714473552648911e+00 9.654441635271092670e-01
4.978714473552646069e+00 9.514542880242766731e-01
5.028714473552650333e+00 9.695554738789622373e-01
5.078714473552647490e+00 1.014894090814672634e+00
5.128714473552644648e+00 1.018291632008217595e+00
5.178714473552648911e+00 1.056207049697527101e+00
5.228714473552646069e+00 1.109968142701269533e+00
5.278714473552650333e+00 1.149853563267508427e+00
5.328714473552647490e+00 1.159760679184820509e+00
5.378714473552644648e+00 1.177090994348533481e+00
5.428714473552648911e+00 1.174121714649973391e+00
5.478714473552646069e+00 1.179032446459130634e+00
5.528714473552650333e+00 1.151423855415785624e+00
5.578714473552647490e+00 1.173921859285647074e+00
5.628714473552644648e+00 1.147198341998603599e+00
5.678714473552648911e+00 1.126270630277019347e+00
5.728714473552646069e+00 1.107055964535373693e+00
5.778714473552650333e+00 1.065029236494211329e+00
5.828714473552647490e+00 1.051553274785360426e+00
5.878714473552644648e+00 1.052181391644671171e+00
5.928714473552648911e+00 1.019776271857497862e+00
5.978714473552646069e+00 1.008213211492911876e+00
6.028714473552650333e+00 9.960791358016793939e-01
6.078714473552647490e+00 1.010183214369841265e+00
6.128714473552644648e+00 9.757795409394059982e-01
6.178714473552648911e+00 9.681279355623464422e-01
6.228714473552646069e+00 9.874568043693214836e-01
6.278714473552650333e+00 9.364936864661455029e-01
6.328714473552647490e+00 9.325822314786189615e-01
6.378714473552644648e+00 9.474286299714208548e-01
6.428714473552648911e+00 9.334958560012528439e-01
6.478714473552646069e+00 9.593342995319947830e-01
6.528714473552650333e+00 9.318970130866434110e-01
6.578714473552647490e+00 9.370647017927917766e-01
6.628714473552644648e+00 9.533386386022093539e-01
6.678714473552648911e+00 8.742244650953744367e-01
6.728714473552646069e+00 8.990350810381531055e-01
6.778714473552650333e+00 9.254730906618733322e-01
6.828714473552647490e+00 9.255016414282056791e-01
6.878714473552644648e+00 9.230748262899591827e-01
6.928714473552648911e+00 9.200198942924019407e-01
6.978714473552646069e+00 9.497412420443380743e-01
7.028714473552650333e+00 9.219042448703346215e-01
7.078714473552647490e+00 9.483137037277225012e-01
7.128714473552644648e+00 9.466863100467806103e-01
7.178714473552648911e+00 1.037392094684534083e+00
7.228714473552646069e+00 1.040304272850429923e+00
7.278714473552650333e+00 1.021089607108784270e+00
7.328714473552647490e+00 1.065828657951516156e+00
7.378714473552644648e+00 1.098719140766338809e+00
7.428714473552648911e+00 1.072366783441615734e+00
7.478714473552646069e+00 1.131438318983167823e+00
7.528714473552650333e+00 1.082987668517235269e+00
7.578714473552647490e+00 1.129810925302225932e+00
7.628714473552644648e+00 1.146770080503618949e+00
7.678714473552648911e+00 1.123615409008114296e+00
7.728714473552646069e+00 1.105457121620764482e+00
7.778714473552650333e+00 1.156248934925946159e+00
7.828714473552647490e+00 1.100717694409600655e+00
7.878714473552644648e+00 1.131609623581161461e+00
7.928714473552648911e+00 1.159104011559177305e+00
7.978714473552646069e+00 1.116934529686353539e+00
8.028714473552650333e+00 1.060175606217718336e+00
8.078714473552647490e+00 1.080846361042311798e+00
8.128714473552644648e+00 1.102402189623207018e+00
8.178714473552648911e+00 1.054922265212573151e+00
8.228714473552646069e+00 1.025400772824963003e+00
8.278714473552650333e+00 1.020404388716808830e+00
8.328714473552647490e+00 1.012524377209090831e+00
8.378714473552644648e+00 9.906830409648725855e-01
8.428714473552648911e+00 9.771499777233569883e-01
8.478714473552646069e+00 9.726960581755162982e-01
8.528714473552650333e+00 9.770643254243599474e-01
8.578714473552647490e+00 1.024144539106341512e+00
8.628714473552644648e+00 9.580495150470407228e-01
8.678714473552648911e+00 1.007585094633600908e+00
8.728714473552646069e+00 9.779779499469940518e-01
8.778714473552650333e+00 9.270719335764827651e-01
8.828714473552647490e+00 9.682992401603405241e-01
8.878714473552644648e+00 9.583350227103637486e-01
8.928714473552648911e+00 1.023459320714366072e+00
8.978714473552646069e+00 9.797195466932649976e-01
9.028714473552650333e+00 9.734669288664886677e-01
9.078714473552647490e+00 9.895695610779122742e-01
9.128714473552644648e+00 1.019290908829848741e+00
9.178714473552648911e+00 1.001817839834473922e+00
9.228714473552646069e+00 9.997907354248798395e-01
9.278714473552650333e+00 9.944802928870699610e-01
9.328714473552647490e+00 9.822320141305084240e-01
9.378714473552644648e+00 1.017235253653922200e+00
9.428714473552648911e+00 1.007927703829588628e+00
9.478714473552646069e+00 9.947658005503932088e-01
9.528714473552650333e+00 1.034251510387979689e+00
9.578714473552647490e+00 1.045614715388239357e+00
9.628714473552644648e+00 9.655869173587710019e-01
9.678714473552648911e+00 1.041075143541402293e+00
9.728714473552646069e+00 1.006700020877299373e+00
9.778714473552650333e+00 1.040646882046417421e+00
9.828714473552647490e+00 9.946230467187315849e-01
9.878714473552644648e+00 1.039504851393125096e+00
9.928714473552648911e+00 1.011125389658807494e+00
9.978714473552646069e+00 1.007242485437613411e+00
1.002871447355265033e+01 1.027256572636563448e+00
1.007871447355264749e+01 1.013923364759373946e+00
1.012871447355264465e+01 9.633314068185183654e-01
1.017871447355264891e+01 1.021146708641448964e+00
1.022871447355264607e+01 9.999620400228736994e-01
1.027871447355265033e+01 1.044758192398270280e+00
1.032871447355264749e+01 1.000333199985193655e+00
1.037871447355264465e+01 1.011667854219121310e+00
1.042871447355264891e+01 1.050068634936080381e+00
1.047871447355264607e+01 1.050982259458714152e+00
1.052871447355265033e+01 1.035336439508607542e+00
1.057871447355264749e+01 1.054722409848246834e+00
1.062871447355264465e+01 9.877708627989767454e-01
1.067871447355264891e+01 1.013866263226709474e+00
1.072871447355264607e+01 1.029854692372804026e+00
1.077871447355265033e+01 9.875710074346505385e-01
1.082871447355264749e+01 1.039304996028798778e+00
1.087871447355264465e+01 1.002017695198800240e+00
1.092871447355264891e+01 1.037963110011180135e+00
1.097871447355264607e+01 1.007699297698930074e+00
1.102871447355265033e+01 1.032281507511050300e+00
1.107871447355264749e+01 1.037906008478515663e+00
1.112871447355264465e+01 1.020975404043455104e+00
1.117871447355264891e+01 1.016635687560943690e+00
1.122871447355264607e+01 1.078448096670397760e+00
1.127871447355265033e+01 9.976779787162888269e-01
1.132871447355264749e+01 9.905688378995434196e-01
1.137871447355264465e+01 1.061774449132327991e+00
1.142871447355264891e+01 1.036621223993561713e+00
1.147871447355264607e+01 1.029797590840139110e+00
1.152871447355265033e+01 1.030597012297443715e+00
1.157871447355264749e+01 9.864575275476905603e-01
1.162871447355264465e+01 9.889699949849339866e-01
1.167871447355264891e+01 1.015179598477995659e+00
1.172871447355264607e+01 1.017606413616242378e+00
1.177871447355265033e+01 1.008641472987896304e+00
1.182871447355264749e+01 1.032367159810047230e+00
1.187871447355264465e+01 1.047185007536516776e+00
1.192871447355264891e+01 1.004501611869711208e+00
1.197871447355264607e+01 1.002617261291778750e+00
1.202871447355265033e+01 1.004701467234037526e+00
1.207871447355264749e+01 9.928243484397959451e-01
1.212871447355264465e+01 1.024572800601326161e+00
1.217871447355264891e+01 9.783776606756464655e-01
1.222871447355264607e+01 1.006671470110966915e+00
1.227871447355265033e+01 9.812041865425451537e-01
1.232871447355264749e+01 9.981062402112734766e-01
1.237871447355264465e+01 1.023173813051043046e+00
1.242871447355264891e+01 1.034222959621647675e+00
1.247871447355264607e+01 1.021260911706778129e+00
1.252871447355265033e+01 1.037906008478515663e+00
1.257871447355264749e+01 1.016235976832291277e+00
1.262871447355264465e+01 1.020547142548470232e+00
1.267871447355264891e+01 1.013580755563386226e+00
1.272871447355264607e+01 1.054522554483920738e+00
1.277871447355265033e+01 1.037649051581524651e+00
1.282871447355264749e+01 1.040675432812749879e+00
1.287871447355264465e+01 1.052809508503982139e+00
1.292871447355264891e+01 1.056663861958844208e+00
1.297871447355264607e+01 1.049668924207427967e+00
1.302871447355265033e+01 1.057377631117152106e+00
1.307871447355264749e+01 1.049611822674763273e+00
1.312871447355264465e+01 1.096948993253735516e+00
1.317871447355264891e+01 1.032452812109044160e+00
1.322871447355264607e+01 1.098176676206024771e+00
1.327871447355265033e+01 1.004016248842062087e+00
1.332871447355264749e+01 1.035222236443278376e+00
1.337871447355264465e+01 1.053808785325613062e+00
1.342871447355264891e+01 1.062887929019287858e+00
1.347871447355264607e+01 1.018177428942888429e+00
1.352871447355265033e+01 1.022345840827405761e+00
1.357871447355264749e+01 9.977350802489535209e-01
1.362871447355264465e+01 1.015693512271977461e+00
1.367871447355264891e+01 1.045157903126922694e+00
1.372871447355264607e+01 1.028769763252176173e+00
1.377871447355265033e+01 1.025572077422956863e+00
1.382871447355264749e+01 1.000647258414849139e+00
1.387871447355264465e+01 9.980205879122766577e-01
1.392871447355264891e+01 1.003445233515415813e+00
1.397871447355264607e+01 1.002902768955101998e+00
1.402871447355265033e+01 9.921391300478203945e-01
1.407871447355264749e+01 1.014009017058370876e+00
1.412871447355264465e+01 1.057234877285490482e+00
1.417871447355264891e+01 1.008555820688899374e+00
1.422871447355264607e+01 1.009783503641188851e+00
1.427871447355265033e+01 1.012067564947773723e+00
1.432871447355264749e+01 1.007556543867268672e+00
1.437871447355264465e+01 9.888272411532723627e-01
1.442871447355264891e+01 1.003559436580744979e+00
1.447871447355264607e+01 1.028969618616502268e+00
1.452871447355265033e+01 1.049868779571754063e+00
1.457871447355264749e+01 9.903689825352173237e-01
1.462871447355264465e+01 9.986772555379197502e-01
1.467871447355264891e+01 1.022431493126402913e+00
1.472871447355264607e+01 9.801478081882496474e-01
1.477871447355265033e+01 9.804618666179052422e-01
1.482871447355264749e+01 9.903118810025525187e-01
1.487871447355264465e+01 9.724105505121933835e-01
1.492871447355264891e+01 9.961362373343439769e-01
1.497871447355264607e+01 1.018434385839879219e+00
1.502871447355265033e+01 9.831741894194746534e-01
1.507871447355264749e+01 1.026200194282267830e+00
1.512871447355264465e+01 9.884560811909524070e-01
1.517871447355264891e+01 9.963931942313348777e-01
1.522871447355264607e+01 1.018434385839879219e+00
1.527871447355265033e+01 1.000276098452529183e+00
1.532871447355264749e+01 1.012924087937743245e+00
1.537871447355264465e+01 9.848301338667487803e-01
1.542871447355264891e+01 9.694983723462975433e-01
1.547871447355264607e+01 9.707831568312517145e-01
1.552871447355265033e+01 1.059947200087060004e+00
1.557871447355264749e+01 9.993910246962276478e-01
1.562871447355264465e+01 1.032795421305031880e+00
1.567871447355264891e+01 9.874282536029890256e-01
1.572871447355264607e+01 9.832883924848040413e-01
1.577871447355265033e+01 1.032138753679388676e+00
1.582871447355264749e+01 1.026085991216938664e+00
1.587871447355264465e+01 1.050839505627052528e+00
1.592871447355264891e+01 1.016664238327275926e+00
1.597871447355264607e+01 1.026257295814932524e+00
1.602871447355265033e+01 1.040732534345414573e+00
1.607871447355264749e+01 1.071595912750642920e+00
1.612871447355264465e+01 1.009869155940185781e+00
1.617871447355264891e+01 1.013095392535737105e+00
1.622871447355264607e+01 1.017121050588592812e+00
1.627871447355265033e+01 1.011439448088462978e+00
1.632871447355264749e+01 1.027199471103898754e+00
1.637871447355264465e+01 1.094322322751163146e+00
1.642871447355264891e+01 1.044415583202282560e+00
1.647871447355264607e+01 1.060946476908690927e+00
1.652871447355265033e+01 1.048526893554135420e+00
1.657871447355264749e+01 1.049583271908431037e+00
1.662871447355264465e+01 1.047099355237520069e+00
1.667871447355264891e+01 1.012067564947773723e+00
1.672871447355264607e+01 1.044444133968614796e+00
1.677871447355265033e+01 1.023602074546027696e+00
1.682871447355264749e+01 1.042045869596700758e+00
1.687871447355264465e+01 1.022574246958064315e+00
1.692871447355264891e+01 1.059690243190069214e+00
1.697871447355264607e+01 1.033794698126662581e+00
1.702871447355265033e+01 9.782920083766494246e-01
1.707871447355264749e+01 1.073080552599923188e+00
1.712871447355264465e+01 1.011724955751786004e+00
1.717871447355264891e+01 1.022003231631418263e+00
1.722871447355264607e+01 1.056806615790505610e+00
1.727871447355265033e+01 1.007613645399933144e+00
1.732871447355264749e+01 1.018320182774550053e+00
1.737871447355264465e+01 1.013951915525706404e+00
1.742871447355264891e+01 1.019890474922827028e+00
1.747871447355264607e+01 1.026257295814932524e+00
1.752871447355265033e+01 1.019433662661510365e+00
1.757871447355264749e+01 1.039362097561463472e+00
1.762871447355265175e+01 1.055464729772887189e+00
1.767871447355264891e+01 1.015208149244327895e+00
1.772871447355264607e+01 1.056064295865865699e+00
1.777871447355264323e+01 1.034651221116631881e+00
1.782871447355264749e+01 1.019861924156494792e+00
1.787871447355265175e+01 9.975637756509596610e-01
1.792871447355264891e+01 1.014836989282007940e+00
1.797871447355264607e+01 9.620466223335643052e-01
1.802871447355264323e+01 9.805189681505697141e-01
1.807871447355264749e+01 1.012981189470407717e+00
1.812871447355265175e+01 9.843733216054317836e-01
1.817871447355264891e+01 1.004444510337046514e+00
1.822871447355264607e+01 9.943660898217409061e-01
1.827871447355264323e+01 1.011753506518118462e+00
1.832871447355264749e+01 1.014836989282007940e+00
1.837871447355265175e+01 1.007071180839619329e+00
1.842871447355264891e+01 9.931384068694514289e-01
1.847871447355264607e+01 1.004216104206388183e+00
1.852871447355264323e+01 1.002417405927452654e+00
1.857871447355264749e+01 9.601051702229670415e-01
1.862871447355265175e+01 1.012695681807084691e+00
1.867871447355264891e+01 1.008070457661250252e+00
1.872871447355264607e+01 1.011125389658807494e+00
1.877871447355264323e+01 1.016064672234297417e+00
1.882871447355264749e+01 1.006186107083317571e+00
1.887871447355265175e+01 1.031567738352742403e+00
1.892871447355264891e+01 1.028084544860200511e+00
1.897871447355264607e+01 1.004787119533034456e+00
1.902871447355264323e+01 1.012381623377429207e+00
1.907871447355264749e+01 1.021889028566088875e+00
1.912871447355265175e+01 1.025001062096311033e+00
1.917871447355264891e+01 1.014951192347337328e+00
1.922871447355264607e+01 1.022003231631418263e+00
1.927871447355264323e+01 1.006814223942628539e+00
1.932871447355264749e+01 1.040818186644411503e+00
1.937871447355265175e+01 1.006186107083317571e+00
1.942871447355264891e+01 1.027028166505905116e+00
1.947871447355264607e+01 1.032595565940705784e+00
1.952871447355264323e+01 1.041018042008737599e+00
1.957871447355264749e+01 9.985059509399258904e-01
1.962871447355265175e+01 1.055379077473890037e+00
1.967871447355264891e+01 1.010354518967835125e+00
1.972871447355264607e+01 1.052038637813009547e+00
1.977871447355264323e+01 1.065314744157534577e+00
1.982871447355264749e+01 1.023402219181701378e+00
1.987871447355265175e+01 1.055950092800536311e+00
1.992871447355264891e+01 1.057120674220161316e+00
1.997871447355264607e+01 1.034023104257321357e+00
2.002871447355264323e+01 1.014808438515675704e+00
2.007871447355264749e+01 1.042245724961027076e+00
2.012871447355265175e+01 1.025429323591295461e+00
2.017871447355264891e+01 1.059832997021730838e+00
2.022871447355264607e+01 1.049783127272757133e+00
2.027871447355264323e+01 9.611329978109304228e-01
2.032871447355264749e+01 9.982489940429351005e-01
2.037871447355265175e+01 1.061289086104678647e+00
2.042871447355264891e+01 9.978207325479504508e-01
2.047871447355264607e+01 1.037363543918201847e+00
2.052871447355264323e+01 1.038477023805161714e+00
2.057871447355264749e+01 1.010725678930155302e+00
2.062871447355265175e+01 1.035964556367918510e+00
2.067871447355264891e+01 1.033309335099013460e+00
2.072871447355264607e+01 9.896552133769094262e-01
2.077871447355264323e+01 9.844875246707609495e-01
2.082871447355264749e+01 1.043016595651999445e+00
2.087871447355265175e+01 1.028998169382834504e+00
2.092871447355264891e+01 1.042045869596700758e+00
2.097871447355264607e+01 1.030111649269794594e+00
2.102871447355264323e+01 9.876566597336476905e-01
2.107871447355264749e+01 1.024030336041012124e+00
2.112871447355265175e+01 1.002388855161120196e+00
2.117871447355264891e+01 1.029911793905468276e+00
2.122871447355264607e+01 1.012981189470407717e+00
2.127871447355264323e+01 1.021889028566088875e+00
2.132871447355264749e+01 1.014437278553355526e+00
2.137871447355265175e+01 1.021175259407780977e+00
2.142871447355264891e+01 1.003673639646074145e+00
2.147871447355264607e+01 1.016692789093608162e+00
2.152871447355264323e+01 1.006014802485323933e+00
2.157871447355264749e+01 1.020375837950476372e+00
2.162871447355265175e+01 1.058148501808124475e+00
2.167871447355264891e+01 1.002131898264129406e+00
2.172871447355264607e+01 1.015493656907651143e+00
2.177871447355264323e+01 1.007271036203945425e+00
2.182871447355264749e+01 1.001018418377169317e+00
2.187871447355265175e+01 9.953653666433716074e-01
2.192871447355264891e+01 9.794054882636095138e-01
2.197871447355264607e+01 9.741521472584642183e-01
2.202871447355264323e+01 9.563079183007696660e-01
2.207871447355264749e+01 9.960505850353472690e-01
2.212871447355265175e+01 1.009469445211533367e+00
2.217871447355264891e+01 9.854868014923920949e-01
2.222871447355264607e+01 9.961933388670086709e-01
2.227871447355264323e+01 1.010069011304512099e+00
2.232871447355264749e+01 9.941947852237469352e-01
2.237871447355265175e+01 1.010611475864826136e+00
2.242871447355264891e+01 9.842305677737701597e-01
2.247871447355264607e+01 9.662150342180818585e-01
2.252871447355264323e+01 9.951084097463808176e-01
2.257871447355264749e+01 9.749230179494368098e-01
2.262871447355265175e+01 9.937950744950945214e-01
2.267871447355264891e+01 1.030111649269794594e+00
2.272871447355264607e+01 1.042531232624349880e+00
2.277871447355264323e+01 1.011610752686456838e+00
2.282871447355264749e+01 1.014066118591035570e+00
2.287871447355265175e+01 1.002131898264129406e+00
2.292871447355264891e+01 1.022203086995744359e+00
2.297871447355264607e+01 1.062545319823300360e+00
2.302871447355264323e+01 1.056064295865865699e+00
2.307871447355264749e+01 1.039733257523783427e+00
2.312871447355265175e+01 1.050325591833070948e+00
2.317871447355264891e+01 1.060489664647373820e+00
2.322871447355264607e+01 1.057634588014142674e+00
2.327871447355264323e+01 1.022317290061073747e+00
2.332871447355264749e+01 1.054836612913576221e+00
2.337871447355265175e+01 1.022488594659067607e+00
2.342871447355264891e+01 1.057120674220161316e+00
2.347871447355264607e+01 1.066913587072144010e+00
2.352871447355264323e+01 1.074679395514532620e+00
2.357871447355264749e+01 1.048526893554135420e+00
2.362871447355265175e+01 1.070111272901362875e+00
2.367871447355264891e+01 1.057920095677465921e+00
2.372871447355264607e+01 1.052809508503982139e+00
2.377871447355264323e+01 1.028684110953179243e+00
2.382871447355264749e+01 1.016150324533294347e+00
2.387871447355265175e+01 1.028284400224526607e+00
2.392871447355264891e+01 1.033252233566348766e+00
2.397871447355264607e+01 9.981633417439382816e-01
2.402871447355265033e+01 9.980491386786090047e-01
2.407871447355264749e+01 9.988771109022459571e-01
2.412871447355265175e+01 9.755796855750797913e-01
2.417871447355264891e+01 1.024201640639005984e+00
2.422871447355264607e+01 9.946515974850638209e-01
2.427871447355265033e+01 9.865717306130197262e-01
2.432871447355264749e+01 9.704976491679283557e-01
2.437871447355265175e+01 1.018976850400193257e+00
2.442871447355264891e+01 9.517968972202645039e-01
2.447871447355264607e+01 9.617325639039088214e-01
2.452871447355265033e+01 9.445735533381895976e-01
2.457871447355264749e+01 9.386635447074012095e-01
2.462871447355265175e+01 9.722392459141994125e-01
2.467871447355264891e+01 1.013209595601066049e+00
2.472871447355264607e+01 9.512544326599504663e-01
2.477871447355265033e+01 9.466863100467806103e-01
2.482871447355264749e+01 9.489418205870332468e-01
2.487871447355265175e+01 9.639595236778291110e-01
2.492871447355264891e+01 9.652443081627831711e-01
2.497871447355264607e+01 9.839450601104471339e-01
2.502871447355265033e+01 9.606190840169487322e-01
2.507871447355264749e+01 9.796338943942681787e-01
2.512871447355265175e+01 9.917394193191680918e-01
2.517871447355264891e+01 9.507690696323013446e-01
2.522871447355264607e+01 9.777495438163354979e-01
2.527871447355265033e+01 1.008099008427582710e+00
2.532871447355264749e+01 1.002217550563126558e+00
2.537871447355265175e+01 1.004730018000369984e+00
2.542871447355264891e+01 9.970213110906457343e-01
2.547871447355264607e+01 9.843733216054317836e-01
2.552871447355265033e+01 1.008470168389902444e+00
2.557871447355264749e+01 1.039961663654441981e+00
2.562871447355265175e+01 1.030511359998447007e+00
2.567871447355264891e+01 9.841163647084409938e-01
2.572871447355264607e+01 1.014123220123700264e+00
2.577871447355265033e+01 1.013951915525706404e+00
2.582871447355264749e+01 1.035364990274939778e+00
2.587871447355265175e+01 1.013694958628715614e+00
2.592871447355264891e+01 9.772927315550186123e-01
2.597871447355264607e+01 9.961362373343439769e-01
2.602871447355265033e+01 9.915681147211741209e-01
2.607871447355264749e+01 1.040304272850429923e+00
2.612871447355265175e+01 1.054037191456271616e+00
2.617871447355264891e+01 1.013552204797053991e+00
2.622871447355264607e+01 9.780350514796586348e-01
2.627871447355265033e+01 1.033280784332681002e+00
2.632871447355264749e+01 1.046928050639526209e+00
2.637871447355265175e+01 9.973639202866334541e-01
2.642871447355264891e+01 9.981347909776057126e-01
2.647871447355264607e+01 1.013295247900063201e+00
2.652871447355265033e+01 9.994481262288922307e-01
2.657871447355264749e+01 1.038305719207167854e+00
2.662871447355265175e+01 1.030911070727099199e+00
2.667871447355264891e+01 1.036478470161900090e+00
2.672871447355264607e+01 1.040247171317765007e+00
2.677871447355265033e+01 1.066171267147503876e+00
2.682871447355264749e+01 1.109911041168604839e+00
2.687871447355265175e+01 1.096634934824080254e+00
2.692871447355264891e+01 1.119075837161276787e+00
2.697871447355264607e+01 1.098462183869348019e+00
2.702871447355265033e+01 1.130753100591192162e+00
2.707871447355264749e+01 1.172494320969031278e+00
2.712871447355265175e+01 1.178775489562139844e+00
2.717871447355264891e+01 1.174721280742951901e+00
2.722871447355264607e+01 1.156077630327952299e+00
2.727871447355265033e+01 1.174321570014299487e+00
2.732871447355264749e+01 1.186912457966848633e+00
2.737871447355265175e+01 1.175663456031917908e+00
2.742871447355264891e+01 1.162273146622064157e+00
2.747871447355264607e+01 1.148797184913213032e+00
2.752871447355265033e+01 1.130667448292195454e+00
2.757871447355264749e+01 1.072024174245627792e+00
2.762871447355265175e+01 1.107484226030358343e+00
2.767871447355264891e+01 1.079875634987013333e+00
2.772871447355264607e+01 1.076506644559800607e+00
2.777871447355265033e+01 1.030482809232114549e+00
2.782871447355264749e+01 1.022973957686716728e+00
2.787871447355265175e+01 9.772356300223539183e-01
2.792871447355264891e+01 9.742092487911290233e-01
2.797871447355264607e+01 9.532244355368800770e-01
2.802871447355265033e+01 9.089421969554650760e-01
2.807871447355264749e+01 8.763372218039655603e-01
2.812871447355265175e+01 8.902414450078011132e-01
2.817871447355264891e+01 8.696563424822046917e-01
2.822871447355264607e+01 8.871008607112468303e-01
2.827871447355265033e+01 8.064449458224671741e-01
2.832871447355264749e+01 8.678290934369368159e-01
2.837871447355265175e+01 8.426187667655058444e-01
2.842871447355264891e+01 8.573509621929784608e-01
2.847871447355264607e+01 8.622331432358036896e-01
2.852871447355265033e+01 8.416194899438746990e-01
2.857871447355264749e+01 8.642887984117300082e-01
2.862871447355265175e+01 8.562660330723506075e-01
2.867871447355264891e+01 8.417336930092039760e-01
2.872871447355264607e+01 8.393068778709577016e-01
2.877871447355265033e+01 8.583216882482769261e-01
2.882871447355264749e+01 9.558796568057850163e-01
2.887871447355265175e+01 9.115688674580377793e-01
2.892871447355264891e+01 9.466577592804483743e-01
2.897871447355264607e+01 9.153090178475704608e-01
2.902871447355265033e+01 9.881991242939615061e-01
2.907871447355264749e+01 9.438597841798818111e-01
2.912871447355265175e+01 1.010554374332161220e+00
2.917871447355264891e+01 9.929671022714574580e-01
2.922871447355264607e+01 1.044072974006294841e+00
2.927871447355265033e+01 1.075221860074846658e+00
2.932871447355264749e+01 1.085500135954478473e+00
2.937871447355265175e+01 1.138918619762233408e+00
2.942871447355264891e+01 1.189196519273433506e+00
2.947871447355264607e+01 1.115592643668734896e+00
2.952871447355265033e+01 1.175692006798250366e+00
2.957871447355264749e+01 1.221287580630951775e+00
2.962871447355265175e+01 1.188625503946787676e+00
2.967871447355264891e+01 1.203386250140592528e+00
2.972871447355264607e+01 1.206840892866801962e+00
2.977871447355265033e+01 1.133893684887746556e+00
2.982871447355264749e+01 1.162101842024070075e+00
2.987871447355265175e+01 1.151195449285127070e+00
2.992871447355264891e+01 1.144286163832707981e+00
2.997871447355264607e+01 1.127612516294637768e+00
3.002871447355265033e+01 1.064201264270574265e+00
3.007871447355264749e+01 1.048755299684793973e+00
3.012871447355265175e+01 1.026742658842581868e+00
3.017871447355264891e+01 9.767502669947046856e-01
3.022871447355264607e+01 9.635883637155091552e-01
3.027871447355265033e+01 9.458868885894760048e-01
3.032871447355264749e+01 9.523393617805784306e-01
3.037871447355265175e+01 9.390061539033889293e-01
3.042871447355264891e+01 9.799765035902557875e-01
3.047871447355264607e+01 9.614470562405856846e-01
3.052871447355265033e+01 9.485706606247132910e-01
3.057871447355264749e+01 9.828601309898192806e-01
3.062871447355265175e+01 9.738380888288088455e-01
3.067871447355264891e+01 1.028312950990859065e+00
3.072871447355264607e+01 1.015008293880001800e+00
3.077871447355265033e+01 1.110396404196254183e+00
3.082871447355264749e+01 1.125214251922723729e+00
3.087871447355265175e+01 1.202872336346610727e+00
3.092871447355264891e+01 1.261572711925842860e+00
3.097871447355264607e+01 1.365554602908121140e+00
3.102871447355265033e+01 1.522069903941851932e+00
3.107871447355264749e+01 1.594303342762599662e+00
3.112871447355265175e+01 1.665851563191372176e+00
3.117871447355264891e+01 1.710961773996424018e+00
3.122871447355264607e+01 1.670648091935200252e+00
3.127871447355265033e+01 1.689777105377848976e+00
3.132871447355264749e+01 1.643125153190852172e+00
3.137871447355265175e+01 1.563211558226712761e+00
3.142871447355264891e+01 1.471163887571340867e+00
3.147871447355264607e+01 1.371293306940915446e+00
3.152871447355265033e+01 1.231194696548263634e+00
3.157871447355264749e+01 1.127212805565985576e+00
3.162871447355265175e+01 9.540238569941847935e-01
3.167871447355264891e+01 7.925121718522992742e-01
3.172871447355264607e+01 6.852469427418053094e-01
3.177871447355265033e+01 5.387815114570480013e-01
3.182871447355264749e+01 4.386825246959643598e-01
3.187871447355265175e+01 3.518596442794054147e-01
3.192871447355264891e+01 3.284480158869101385e-01
3.197871447355264607e+01 2.815391068029225452e-01
3.202871447355265389e+01 2.569854477571347218e-01
3.207871447355265104e+01 2.532738481339342762e-01
3.212871447355264820e+01 2.514751498549986364e-01
3.217871447355264536e+01 2.608969027446613742e-01
3.222871447355264252e+01 2.850508510617967839e-01
3.227871447355265389e+01 2.786269286370267606e-01
3.232871447355265104e+01 3.028094277204945173e-01
3.237871447355264820e+01 3.014104401702112912e-01
3.242871447355264536e+01 3.125737898061449194e-01
3.247871447355264252e+01 3.371274488519327428e-01
3.252871447355265389e+01 3.647645906616101552e-01
3.257871447355265104e+01 4.118162535772593169e-01
3.262871447355264820e+01 5.729567787568247139e-01
3.267871447355264536e+01 7.721840262236935315e-01
3.272871447355264252e+01 1.102887552650856140e+00
3.277871447355265389e+01 1.578257812083840861e+00
3.282871447355265104e+01 2.250171546948457113e+00
3.287871447355264820e+01 2.946867346989519465e+00
3.292871447355264536e+01 3.553114319289818912e+00
3.297871447355264252e+01 3.715339773590012218e+00
3.302871447355265389e+01 3.537097339377392125e+00
3.307871447355265104e+01 2.899672930242207958e+00
3.312871447355264820e+01 2.016454973752155766e+00
3.317871447355264536e+01 1.215377572000163164e+00
3.322871447355264252e+01 6.207222108307817177e-01
3.327871447355265389e+01 2.703757571669887505e-01
3.332871447355265104e+01 1.211980030806618092e-01
3.337871447355264820e+01 5.998516006418620761e-02
3.342871447355264536e+01 3.160569832986869637e-02
3.347871447355264252e+01 1.847234581700546441e-02
3.352871447355265389e+01 1.227682952289389437e-02
3.357871447355265104e+01 5.367544070474539533e-03
3.362871447355264820e+01 2.569568969908024060e-03
3.367871447355264536e+01 1.084929120627832477e-03
3.372871447355264252e+01 5.995660929785389835e-04
3.377871447355265389e+01 1.713045979938682887e-04
3.382871447355265104e+01 5.710153266462276517e-05
3.387871447355264820e+01 0.000000000000000000e+00
3.392871447355264536e+01 0.000000000000000000e+00
3.397871447355264252e+01 0.000000000000000000e+00
3.402871447355265389e+01 0.000000000000000000e+00
3.407871447355265104e+01 0.000000000000000000e+00
3.412871447355264820e+01 0.000000000000000000e+00
3.417871447355264536e+01 0.000000000000000000e+00
3.422871447355264252e+01 0.000000000000000000e+00
3.427871447355265389e+01 0.000000000000000000e+00
3.432871447355265104e+01 0.000000000000000000e+00
3.437871447355264820e+01 0.000000000000000000e+00
3.442871447355264536e+01 0.000000000000000000e+00
3.447871447355264252e+01 0.000000000000000000e+00
3.452871447355265389e+01 0.000000000000000000e+00
3.457871447355265104e+01 0.000000000000000000e+00
3.462871447355264820e+01 0.000000000000000000e+00
3.467871447355264536e+01 0.000000000000000000e+00
3.472871447355264252e+01 0.000000000000000000e+00
3.477871447355265389e+01 0.000000000000000000e+00
3.482871447355265104e+01 0.000000000000000000e+00
3.487871447355264820e+01 0.000000000000000000e+00
3.492871447355264536e+01 0.000000000000000000e+00
3.497871447355264252e+01 0.000000000000000000e+00
3.502871447355265389e+01 0.000000000000000000e+00
3.507871447355265104e+01 0.000000000000000000e+00
3.512871447355264820e+01 0.000000000000000000e+00
3.517871447355264536e+01 0.000000000000000000e+00
3.522871447355264252e+01 0.000000000000000000e+00
3.527871447355265389e+01 0.000000000000000000e+00
3.532871447355265104e+01 0.000000000000000000e+00
3.537871447355264820e+01 0.000000000000000000e+00
3.542871447355264536e+01 0.000000000000000000e+00
3.547871447355264252e+01 0.000000000000000000e+00
3.552871447355265389e+01 0.000000000000000000e+00
