-1.656513961605972440e+01 0.000000000000000000e+00
-1.651513961605972369e+01 0.000000000000000000e+00
-1.646513961605972298e+01 0.000000000000000000e+00
-1.641513961605972227e+01 0.000000000000000000e+00
-1.636513961605972156e+01 0.000000000000000000e+00
-1.631513961605972440e+01 0.000000000000000000e+00
-1.626513961605972369e+01 0.000000000000000000e+00
-1.621513961605972298e+01 0.000000000000000000e+00
-1.616513961605972227e+01 0.000000000000000000e+00
-1.611513961605972156e+01 0.000000000000000000e+00
-1.606513961605972440e+01 0.000000000000000000e+00
-1.601513961605972369e+01 0.000000000000000000e+00
-1.596513961605972298e+01 0.000000000000000000e+00
-1.591513961605972227e+01 0.000000000000000000e+00
-1.586513961605972334e+01 0.000000000000000000e+00
-1.581513961605972263e+01 0.000000000000000000e+00
-1.576513961605972369e+01 0.000000000000000000e+00
-1.571513961605972298e+01 0.000000000000000000e+00
-1.566513961605972227e+01 0.000000000000000000e+00
-1.561513961605972334e+01 0.000000000000000000e+00
-1.556513961605972263e+01 0.000000000000000000e+00
-1.551513961605972369e+01 0.000000000000000000e+00
-1.546513961605972298e+01 0.000000000000000000e+00
-1.541513961605972227e+01 0.000000000000000000e+00
-1.536513961605972334e+01 0.000000000000000000e+00
-1.531513961605972263e+01 0.000000000000000000e+00
-1.526513961605972369e+01 0.000000000000000000e+00
-1.521513961605972298e+01 0.000000000000000000e+00
-1.516513961605972227e+01 0.000000000000000000e+00
-1.511513961605972334e+01 0.000000000000000000e+00
-1.506513961605972263e+01 0.000000000000000000e+00
-1.501513961605972369e+01 0.000000000000000000e+00
-1.496513961605972298e+01 0.000000000000000000e+00
-1.491513961605972227e+01 0.000000000000000000e+00
-1.486513961605972334e+01 0.000000000000000000e+00
-1.481513961605972263e+01 0.000000000000000000e+00
-1.476513961605972369e+01 0.000000000000000000e+00
-1.471513961605972298e+01 0.000000000000000000e+00
-1.466513961605972227e+01 0.000000000000000000e+00
-1.461513961605972334e+01 0.000000000000000000e+00
-1.456513961605972263e+01 0.000000000000000000e+00
-1.451513961605972369e+01 0.000000000000000000e+00
-1.446513961605972298e+01 0.000000000000000000e+00
-1.441513961605972227e+01 0.000000000000000000e+00
-1.436513961605972334e+01 0.000000000000000000e+00
-1.431513961605972263e+01 0.000000000000000000e+00
-1.426513961605972369e+01 0.000000000000000000e+00
-1.421513961605972298e+01 0.000000000000000000e+00
-1.416513961605972227e+01 0.000000000000000000e+00
-1.411513961605972334e+01 0.000000000000000000e+00
-1.406513961605972263e+01 0.000000000000000000e+00
-1.401513961605972369e+01 0.000000000000000000e+00
-1.396513961605972298e+01 0.000000000000000000e+00
-1.391513961605972227e+01 0.000000000000000000e+00
-1.386513961605972334e+01 0.000000000000000000e+00
-1.381513961605972263e+01 0.000000000000000000e+00
-1.376513961605972369e+01 0.000000000000000000e+00
-1.371513961605972298e+01 0.000000000000000000e+00
-1.366513961605972227e+01 0.000000000000000000e+00
-1.361513961605972334e+01 0.000000000000000000e+00
-1.356513961605972263e+01 0.000000000000000000e+00
-1.351513961605972369e+01 0.000000000000000000e+00
-1.346513961605972298e+01 0.000000000000000000e+00
-1.341513961605972227e+01 0.000000000000000000e+00
-1.336513961605972334e+01 0.000000000000000000e+00
-1.331513961605972263e+01 0.000000000000000000e+00
-1.326513961605972369e+01 0.000000000000000000e+00
-1.321513961605972298e+01 0.000000000000000000e+00
-1.316513961605972227e+01 0.000000000000000000e+00
-1.311513961605972334e+01 0.000000000000000000e+00
-1.306513961605972263e+01 0.000000000000000000e+00
-1.301513961605972369e+01 0.000000000000000000e+00
-1.296513961605972298e+01 0.000000000000000000e+00
-1.291513961605972227e+01 0.000000000000000000e+00
-1.286513961605972334e+01 0.000000000000000000e+00
-1.281513961605972263e+01 0.000000000000000000e+00
-1.276513961605972369e+01 0.000000000000000000e+00
-1.271513961605972298e+01 0.000000000000000000e+00
-1.266513961605972227e+01 0.000000000000000000e+00
-1.261513961605972334e+01 0.000000000000000000e+00
-1.256513961605972263e+01 0.000000000000000000e+00
-1.251513961605972369e+01 0.000000000000000000e+00
-1.246513961605972298e+01 0.000000000000000000e+00
-1.241513961605972227e+01 0.000000000000000000e+00
-1.236513961605972334e+01 0.000000000000000000e+00
-1.231513961605972263e+01 0.000000000000000000e+00
-1.226513961605972369e+01 0.000000000000000000e+00
-1.221513961605972298e+01 0.000000000000000000e+00
-1.216513961605972227e+01 0.000000000000000000e+00
-1.211513961605972334e+01 0.000000000000000000e+00
-1.206513961605972263e+01 0.000000000000000000e+00
-1.201513961605972369e+01 0.000000000000000000e+00
-1.196513961605972298e+01 0.000000000000000000e+00
-1.191513961605972227e+01 0.000000000000000000e+00
-1.186513961605972334e+01 0.000000000000000000e+00
-1.181513961605972263e+01 0.000000000000000000e+00
-1.176513961605972192e+01 0.000000000000000000e+00
-1.171513961605972298e+01 0.000000000000000000e+00
-1.166513961605972227e+01 0.000000000000000000e+00
-1.161513961605972334e+01 0.000000000000000000e+00
-1.156513961605972263e+01 0.000000000000000000e+00
-1.151513961605972192e+01 0.000000000000000000e+00
-1.146513961605972298e+01 0.000000000000000000e+00
-1.141513961605972227e+01 0.000000000000000000e+00
-1.136513961605972334e+01 0.000000000000000000e+00
-1.131513961605972263e+01 0.000000000000000000e+00
-1.126513961605972192e+01 0.000000000000000000e+00
-1.121513961605972298e+01 0.000000000000000000e+00
-1.116513961605972227e+01 0.000000000000000000e+00
-1.111513961605972334e+01 0.000000000000000000e+00
-1.106513961605972263e+01 0.000000000000000000e+00
-1.101513961605972192e+01 0.000000000000000000e+00
-1.096513961605972298e+01 0.000000000000000000e+00
-1.091513961605972227e+01 0.000000000000000000e+00
-1.086513961605972334e+01 0.000000000000000000e+00
-1.081513961605972263e+01 0.000000000000000000e+00
-1.076513961605972192e+01 0.000000000000000000e+00
-1.071513961605972298e+01 0.000000000000000000e+00
-1.066513961605972227e+01 0.000000000000000000e+00
-1.061513961605972334e+01 0.000000000000000000e+00
-1.056513961605972263e+01 0.000000000000000000e+00
-1.051513961605972192e+01 0.000000000000000000e+00
-1.046513961605972298e+01 0.000000000000000000e+00
-1.041513961605972227e+01 0.000000000000000000e+00
-1.036513961605972334e+01 0.000000000000000000e+00
-1.031513961605972263e+01 0.000000000000000000e+00
-1.026513961605972192e+01 0.000000000000000000e+00
-1.021513961605972298e+01 0.000000000000000000e+00
-1.016513961605972227e+01 0.000000000000000000e+00
-1.011513961605972334e+01 0.000000000000000000e+00
-1.006513961605972263e+01 0.000000000000000000e+00
-1.001513961605972192e+01 0.000000000000000000e+00
-9.965139616059722982e+00 0.000000000000000000e+00
-9.915139616059722272e+00 0.000000000000000000e+00
-9.865139616059723338e+00 0.000000000000000000e+00
-9.815139616059722627e+00 0.000000000000000000e+00
-9.765139616059721916e+00 0.000000000000000000e+00
-9.715139616059722982e+00 0.000000000000000000e+00
-9.665139616059722272e+00 0.000000000000000000e+00
-9.615139616059723338e+00 0.000000000000000000e+00
-9.565139616059722627e+00 0.000000000000000000e+00
-9.515139616059721916e+00 0.000000000000000000e+00
-9.465139616059722982e+00 0.000000000000000000e+00
-9.415139616059722272e+00 0.000000000000000000e+00
-9.365139616059723338e+00 0.000000000000000000e+00
-9.315139616059722627e+00 0.000000000000000000e+00
-9.265139616059721916e+00 0.000000000000000000e+00
-9.215139616059722982e+00 0.000000000000000000e+00
-9.165139616059722272e+00 0.000000000000000000e+00
-9.115139616059723338e+00 0.000000000000000000e+00
-9.065139616059722627e+00 0.000000000000000000e+00
-9.015139616059721916e+00 0.000000000000000000e+00
-8.965139616059722982e+00 0.000000000000000000e+00
-8.915139616059722272e+00 0.000000000000000000e+00
-8.865139616059723338e+00 0.000000000000000000e+00
-8.815139616059722627e+00 0.000000000000000000e+00
-8.765139616059721916e+00 0.000000000000000000e+00
-8.715139616059722982e+00 0.000000000000000000e+00
-8.665139616059722272e+00 0.000000000000000000e+00
-8.615139616059723338e+00 0.000000000000000000e+00
-8.565139616059722627e+00 0.000000000000000000e+00
-8.515139616059723693e+00 0.000000000000000000e+00
-8.465139616059722982e+00 0.000000000000000000e+00
-8.415139616059722272e+00 0.000000000000000000e+00
-8.365139616059721561e+00 0.000000000000000000e+00
-8.315139616059722627e+00 0.000000000000000000e+00
-8.265139616059723693e+00 0.000000000000000000e+00
-8.215139616059722982e+00 0.000000000000000000e+00
-8.165139616059722272e+00 0.000000000000000000e+00
-8.115139616059721561e+00 0.000000000000000000e+00
-8.065139616059722627e+00 0.000000000000000000e+00
-8.015139616059723693e+00 0.000000000000000000e+00
-7.965139616059722982e+00 0.000000000000000000e+00
-7.915139616059722272e+00 0.000000000000000000e+00
-7.865139616059721561e+00 0.000000000000000000e+00
-7.815139616059722627e+00 0.000000000000000000e+00
-7.765139616059723693e+00 0.000000000000000000e+00
-7.715139616059722982e+00 0.000000000000000000e+00
-7.665139616059722272e+00 0.000000000000000000e+00
-7.615139616059721561e+00 0.000000000000000000e+00
-7.565139616059722627e+00 0.000000000000000000e+00
-7.515139616059723693e+00 0.000000000000000000e+00
-7.465139616059722982e+00 0.000000000000000000e+00
-7.415139616059722272e+00 0.000000000000000000e+00
-7.365139616059721561e+00 0.000000000000000000e+00
-7.315139616059722627e+00 0.000000000000000000e+00
-7.265139616059723693e+00 0.000000000000000000e+00
-7.215139616059722982e+00 0.000000000000000000e+00
-7.165139616059722272e+00 0.000000000000000000e+00
-7.115139616059721561e+00 0.000000000000000000e+00
-7.065139616059722627e+00 0.000000000000000000e+00
-7.015139616059721916e+00 0.000000000000000000e+00
-6.965139616059722982e+00 0.000000000000000000e+00
-6.915139616059722272e+00 0.000000000000000000e+00
-6.865139616059721561e+00 0.000000000000000000e+00
-6.815139616059722627e+00 0.000000000000000000e+00
-6.765139616059721916e+00 0.000000000000000000e+00
-6.715139616059722982e+00 0.000000000000000000e+00
-6.665139616059722272e+00 0.000000000000000000e+00
-6.615139616059721561e+00 0.000000000000000000e+00
-6.565139616059722627e+00 0.000000000000000000e+00
-6.515139616059721916e+00 0.000000000000000000e+00
-6.465139616059722982e+00 0.000000000000000000e+00
-6.415139616059722272e+00 0.000000000000000000e+00
-6.365139616059721561e+00 0.000000000000000000e+00
-6.315139616059722627e+00 0.000000000000000000e+00
-6.265139616059721916e+00 0.000000000000000000e+00
-6.215139616059722982e+00 0.000000000000000000e+00
-6.165139616059722272e+00 0.000000000000000000e+00
-6.115139616059721561e+00 0.000000000000000000e+00
-6.065139616059722627e+00 0.000000000000000000e+00
-6.015139616059721916e+00 0.000000000000000000e+00
-5.965139616059722982e+00 0.000000000000000000e+00
-5.915139616059722272e+00 0.000000000000000000e+00
-5.865139616059721561e+00 0.000000000000000000e+00
-5.815139616059722627e+00 0.000000000000000000e+00
-5.765139616059721916e+00 0.000000000000000000e+00
-5.715139616059722982e+00 0.000000000000000000e+00
-5.665139616059722272e+00 0.000000000000000000e+00
-5.615139616059721561e+00 0.000000000000000000e+00
-5.565139616059722627e+00 0.000000000000000000e+00
-5.515139616059721916e+00 0.000000000000000000e+00
-5.465139616059722982e+00 0.000000000000000000e+00
-5.415139616059722272e+00 0.000000000000000000e+00
-5.365139616059721561e+00 0.000000000000000000e+00
-5.315139616059722627e+00 0.000000000000000000e+00
-5.265139616059721916e+00 0.000000000000000000e+00
-5.215139616059722982e+00 0.000000000000000000e+00
-5.165139616059722272e+00 0.000000000000000000e+00
-5.115139616059721561e+00 0.000000000000000000e+00
-5.065139616059722627e+00 0.000000000000000000e+00
-5.015139616059721916e+00 0.000000000000000000e+00
-4.965139616059722982e+00 0.000000000000000000e+00
-4.915139616059722272e+00 0.000000000000000000e+00
-4.865139616059721561e+00 0.000000000000000000e+00
-4.815139616059722627e+00 0.000000000000000000e+00
-4.765139616059721916e+00 0.000000000000000000e+00
-4.715139616059722982e+00 0.000000000000000000e+00
-4.665139616059722272e+00 0.000000000000000000e+00
-4.615139616059721561e+00 0.000000000000000000e+00
-4.565139616059722627e+00 0.000000000000000000e+00
-4.515139616059721916e+00 0.000000000000000000e+00
-4.465139616059722982e+00 0.000000000000000000e+00
-4.415139616059722272e+00 0.000000000000000000e+00
-4.365139616059721561e+00 0.000000000000000000e+00
-4.315139616059722627e+00 0.000000000000000000e+00
-4.265139616059721916e+00 0.000000000000000000e+00
-4.215139616059722982e+00 0.000000000000000000e+00
-4.165139616059722272e+00 0.000000000000000000e+00
-4.115139616059721561e+00 0.000000000000000000e+00
-4.065139616059722627e+00 0.000000000000000000e+00
-4.015139616059721916e+00 0.000000000000000000e+00
-3.965139616059722982e+00 0.000000000000000000e+00
-3.915139616059722272e+00 0.000000000000000000e+00
-3.865139616059721561e+00 0.000000000000000000e+00
-3.815139616059722627e+00 0.000000000000000000e+00
-3.765139616059721916e+00 0.000000000000000000e+00
-3.715139616059722982e+00 0.000000000000000000e+00
-3.665139616059722272e+00 0.000000000000000000e+00
-3.615139616059721561e+00 0.000000000000000000e+00
-3.565139616059722627e+00 0.000000000000000000e+00
-3.515139616059721916e+00 0.000000000000000000e+00
-3.465139616059722982e+00 0.000000000000000000e+00
-3.415139616059722272e+00 0.000000000000000000e+00
-3.365139616059721561e+00 0.000000000000000000e+00
-3.315139616059722627e+00 0.000000000000000000e+00
-3.265139616059721916e+00 0.000000000000000000e+00
-3.215139616059722982e+00 0.000000000000000000e+00
-3.165139616059722272e+00 0.000000000000000000e+00
-3.115139616059721561e+00 0.000000000000000000e+00
-3.065139616059722627e+00 0.000000000000000000e+00
-3.015139616059721916e+00 0.000000000000000000e+00
-2.965139616059722982e+00 0.000000000000000000e+00
-2.915139616059722272e+00 0.000000000000000000e+00
-2.865139616059721561e+00 0.000000000000000000e+00
-2.815139616059722627e+00 0.000000000000000000e+00
-2.765139616059721916e+00 0.000000000000000000e+00
-2.715139616059722982e+00 0.000000000000000000e+00
-2.665139616059722272e+00 0.000000000000000000e+00
-2.615139616059721561e+00 0.000000000000000000e+00
-2.565139616059722627e+00 0.000000000000000000e+00
-2.515139616059721916e+00 0.000000000000000000e+00
-2.465139616059722982e+00 0.000000000000000000e+00
-2.415139616059722272e+00 0.000000000000000000e+00
-2.365139616059721561e+00 0.000000000000000000e+00
-2.315139616059722627e+00 0.000000000000000000e+00
-2.265139616059721916e+00 0.000000000000000000e+00
-2.215139616059722982e+00 0.000000000000000000e+00
-2.165139616059722272e+00 0.000000000000000000e+00
-2.115139616059721561e+00 0.000000000000000000e+00
-2.065139616059722627e+00 0.000000000000000000e+00
-2.015139616059721916e+00 0.000000000000000000e+00
-1.965139616059722982e+00 0.000000000000000000e+00
-1.915139616059722272e+00 0.000000000000000000e+00
-1.865139616059721561e+00 0.000000000000000000e+00
-1.815139616059722627e+00 0.000000000000000000e+00
-1.765139616059721916e+00 0.000000000000000000e+00
-1.715139616059722982e+00 0.000000000000000000e+00
-1.665139616059722272e+00 0.000000000000000000e+00
-1.615139616059721561e+00 0.000000000000000000e+00
-1.565139616059722627e+00 0.000000000000000000e+00
-1.515139616059721916e+00 0.000000000000000000e+00
-1.465139616059722982e+00 0.000000000000000000e+00
-1.415139616059722272e+00 0.000000000000000000e+00
-1.365139616059721561e+00 0.000000000000000000e+00
-1.315139616059722627e+00 0.000000000000000000e+00
-1.265139616059721916e+00 0.000000000000000000e+00
-1.215139616059722982e+00 0.000000000000000000e+00
-1.165139616059722272e+00 0.000000000000000000e+00
-1.115139616059721561e+00 0.000000000000000000e+00
-1.065139616059722627e+00 0.000000000000000000e+00
-1.015139616059721916e+00 0.000000000000000000e+00
-9.651396160597229823e-01 0.000000000000000000e+00
-9.151396160597222718e-01 0.000000000000000000e+00
-8.651396160597215612e-01 0.000000000000000000e+00
-8.151396160597226270e-01 0.000000000000000000e+00
-7.651396160597219165e-01 0.000000000000000000e+00
-7.151396160597229823e-01 0.000000000000000000e+00
-6.651396160597222718e-01 0.000000000000000000e+00
-6.151396160597215612e-01 0.000000000000000000e+00
-5.651396160597244034e-01 0.000000000000000000e+00
-5.151396160597201401e-01 0.000000000000000000e+00
-4.651396160597229823e-01 0.000000000000000000e+00
-4.151396160597222718e-01 0.000000000000000000e+00
-3.651396160597215612e-01 0.000000000000000000e+00
-3.151396160597244034e-01 0.000000000000000000e+00
-2.651396160597201401e-01 0.000000000000000000e+00
-2.151396160597229823e-01 0.000000000000000000e+00
-1.651396160597222718e-01 0.000000000000000000e+00
-1.151396160597215612e-01 0.000000000000000000e+00
-6.513961605972440339e-02 0.000000000000000000e+00
-1.513961605972014013e-02 0.000000000000000000e+00
3.486038394027701770e-02 0.000000000000000000e+00
8.486038394027772824e-02 0.000000000000000000e+00
1.348603839402784388e-01 0.000000000000000000e+00
1.848603839402755966e-01 0.000000000000000000e+00
2.348603839402798599e-01 0.000000000000000000e+00
2.848603839402770177e-01 0.000000000000000000e+00
3.348603839402777282e-01 0.000000000000000000e+00
3.848603839402784388e-01 0.000000000000000000e+00
4.348603839402755966e-01 0.000000000000000000e+00
4.848603839402798599e-01 0.000000000000000000e+00
5.348603839402770177e-01 0.000000000000000000e+00
5.848603839402777282e-01 0.000000000000000000e+00
6.348603839402784388e-01 0.000000000000000000e+00
6.848603839402755966e-01 0.000000000000000000e+00
7.348603839402798599e-01 0.000000000000000000e+00
7.848603839402770177e-01 0.000000000000000000e+00
8.348603839402777282e-01 0.000000000000000000e+00
8.848603839402784388e-01 0.000000000000000000e+00
9.348603839402755966e-01 5.143277982765751834e-05
9.848603839402798599e-01 5.143277982765751834e-05
1.034860383940277018e+00 0.000000000000000000e+00
1.084860383940277728e+00 1.800147293968013332e-03
1.134860383940278439e+00 2.880235670348821678e-03
1.184860383940275597e+00 5.606173001214670611e-03
1.234860383940279860e+00 2.947098284124776216e-02
1.284860383940277018e+00 5.529023831473183631e-02
1.334860383940277728e+00 1.499779859774493240e-01
1.384860383940278439e+00 2.635415638369171254e-01
1.434860383940275597e+00 4.734901710934151797e-01
1.484860383940279860e+00 8.209700316090694505e-01
1.534860383940277018e+00 1.230272093477567719e+00
1.584860383940277728e+00 1.698979016047011070e+00
1.634860383940278439e+00 1.905533059834883858e+00
1.684860383940275597e+00 1.899001096796770982e+00
1.734860383940279860e+00 1.668376512049554616e+00
1.784860383940277018e+00 1.283299289479882699e+00
1.834860383940277728e+00 8.852610063936414697e-01
1.884860383940278439e+00 6.025350156810078683e-01
1.934860383940275597e+00 4.640265396051261870e-01
1.984860383940279860e+00 5.865908539344339978e-01
2.034860383940277018e+00 9.508378006739047761e-01
2.084860383940277728e+00 1.325834198397355612e+00
2.134860383940278439e+00 1.664570486342308309e+00
2.184860383940275597e+00 1.693064246366830172e+00
2.234860383940279860e+00 1.529456573735051839e+00
2.284860383940277018e+00 1.288596865802131841e+00
2.334860383940277728e+00 8.669509367749951290e-01
2.384860383940278439e+00 6.100442015358459313e-01
2.434860383940275597e+00 4.403160281045760405e-01
2.484860383940279860e+00 3.257237946485550539e-01
2.534860383940277018e+00 2.906980715859203146e-01
2.584860383940281281e+00 2.713593463707210662e-01
2.634860383940278439e+00 3.005731653128306258e-01
2.684860383940275597e+00 3.092138723238769815e-01
2.734860383940279860e+00 3.474798605156542708e-01
2.784860383940277018e+00 3.522631090396263764e-01
2.834860383940281281e+00 3.968038963703778288e-01
2.884860383940278439e+00 4.513740757675224202e-01
2.934860383940275597e+00 4.623292578708134704e-01
2.984860383940279860e+00 5.340265529505681119e-01
3.034860383940277018e+00 5.896768207240935533e-01
3.084860383940281281e+00 7.219104976610011271e-01
3.134860383940278439e+00 7.819839844997050760e-01
3.184860383940275597e+00 9.138576319778189960e-01
3.234860383940279860e+00 1.074225039480455113e+00
3.284860383940277018e+00 1.241021544461548221e+00
3.334860383940281281e+00 1.391102395998653041e+00
3.384860383940278439e+00 1.622601338002939819e+00
3.434860383940275597e+00 1.672593999995422465e+00
3.484860383940279860e+00 1.814188442860964035e+00
3.534860383940277018e+00 1.810845312172166377e+00
3.584860383940281281e+00 1.826480877239773815e+00
3.634860383940278439e+00 1.765738764263310223e+00
3.684860383940275597e+00 1.639831319245204977e+00
3.734860383940279860e+00 1.500551351471908212e+00
3.784860383940277018e+00 1.359779833083609724e+00
3.834860383940281281e+00 1.257582899566054291e+00
3.884860383940278439e+00 1.171432993354727836e+00
3.934860383940275597e+00 1.067178748644066033e+00
3.984860383940279860e+00 1.071241938250450998e+00
4.034860383940277018e+00 1.046965666171796538e+00
4.084860383940281281e+00 1.070830476011829901e+00
4.134860383940278439e+00 1.047737157869211178e+00
4.184860383940275597e+00 1.028141268754873883e+00
4.234860383940279860e+00 9.708451520268635004e-01
4.284860383940277018e+00 9.459002538104493985e-01
4.334860383940281281e+00 9.213153850528292832e-01
4.384860383940278439e+00 8.473550476606577231e-01
4.434860383940275597e+00 8.368113277959878804e-01
4.484860383940279860e+00 7.197503209082394271e-01
4.534860383940277018e+00 6.602940274274672339e-01
4.584860383940281281e+00 6.260397960622474667e-01
4.634860383940278439e+00 6.015063600844547942e-01
4.684860383940275597e+00 6.019178223230760016e-01
4.734860383940279860e+00 5.617488212776754475e-01
4.784860383940277018e+00 5.646804897278518975e-01
4.834860383940281281e+00 5.698752004904452662e-01
4.884860383940278439e+00 5.970831410192761757e-01
4.934860383940275597e+00 6.959369438480339509e-01
4.984860383940279860e+00 6.823072571937047748e-01
5.034860383940277018e+00 7.025717724458018232e-01
5.084860383940281281e+00 6.764953530731793174e-01
5.134860383940278439e+00 7.518443755206977164e-01
5.184860383940275597e+00 7.774064670950435740e-01
5.234860383940279860e+00 8.485894343765214565e-01
5.284860383940277018e+00 8.875754814858859421e-01
5.334860383940281281e+00 9.298532265042203093e-01
5.384860383940278439e+00 9.446144343147580003e-01
5.434860383940275597e+00 1.005150816171910932e+00
5.484860383940279860e+00 1.030610042186601349e+00
5.534860383940277018e+00 1.128692353317944264e+00
5.584860383940281281e+00 1.109919388680849384e+00
5.634860383940278439e+00 1.145870901780381867e+00
5.684860383940275597e+00 1.215510885667030250e+00
5.734860383940279860e+00 1.207590237573570979e+00
5.784860383940277018e+00 1.246679150242590906e+00
5.834860383940281281e+00 1.257377168446743188e+00
5.884860383940278439e+00 1.326091362296494047e+00
5.934860383940275597e+00 1.269052409467621878e+00
5.984860383940279860e+00 1.293791576564724766e+00
6.034860383940277018e+00 1.263600534805890074e+00
6.084860383940281281e+00 1.257531466786226737e+00
6.134860383940278439e+00 1.237884144892061222e+00
6.184860383940275597e+00 1.232792299689123183e+00
6.234860383940279860e+00 1.178890746429738234e+00
6.284860383940277018e+00 1.136818732530714193e+00
6.334860383940281281e+00 1.118611528471723293e+00
6.384860383940278439e+00 1.047891456208694283e+00
6.434860383940275597e+00 1.036421946307126918e+00
6.484860383940279860e+00 9.926012178939624953e-01
6.534860383940277018e+00 1.021609305716761451e+00
6.584860383940281281e+00 9.849891664794692137e-01
6.634860383940278439e+00 9.331963571930180779e-01
6.684860383940275597e+00 9.199266999974824444e-01
6.734860383940279860e+00 9.424028247821689686e-01
6.784860383940277018e+00 9.133947369593699017e-01
6.834860383940281281e+00 8.718884836384503956e-01
6.884860383940278439e+00 9.212639522730015074e-01
6.934860383940275597e+00 9.253271418793864722e-01
6.984860383940279860e+00 8.840780524576051791e-01
7.034860383940277018e+00 9.370538156800923835e-01
7.084860383940281281e+00 9.355108322852625502e-01
7.134860383940278439e+00 9.070685050405681293e-01
7.184860383940275597e+00 1.017597548890204040e+00
7.234860383940279860e+00 9.782514723220461228e-01
7.284860383940277018e+00 9.437915098375154743e-01
7.334860383940281281e+00 1.047737157869211178e+00
7.384860383940278439e+00 9.920868900956859582e-01
7.434860383940275597e+00 1.041976686528513829e+00
7.484860383940279860e+00 9.852463303786074267e-01
7.534860383940277018e+00 1.018471906147274453e+00
7.584860383940281281e+00 1.025672495323146416e+00
7.634860383940278439e+00 9.685821097144464709e-01
7.684860383940275597e+00 1.009368304117779003e+00
7.734860383940279860e+00 9.952242896651730675e-01
7.784860383940277018e+00 1.020837814019346590e+00
7.834860383940281281e+00 9.379281729371625742e-01
7.884860383940278439e+00 1.044033997721620199e+00
7.934860383940275597e+00 9.924469195544796118e-01
7.984860383940279860e+00 9.803087835151523821e-01
8.034860383940277018e+00 9.939899029493093341e-01
8.084860383940281281e+00 9.771199511658377190e-01
8.134860383940278439e+00 9.716680765041059153e-01
8.184860383940275597e+00 9.543352297021852060e-01
8.234860383940279860e+00 9.799487540563588395e-01
8.284860383940277018e+00 9.321162688166373389e-01
8.334860383940281281e+00 9.298017937243927555e-01
8.384860383940278439e+00 9.214182506124845018e-01
8.434860383940275597e+00 9.662162018423742227e-01
8.484860383940279860e+00 9.100516062705722442e-01
8.534860383940277018e+00 8.895299271193368718e-01
8.584860383940281281e+00 9.092286817933298293e-01
8.634860383940278439e+00 9.614843860982297263e-01
8.684860383940275597e+00 9.462602832692430521e-01
8.734860383940279860e+00 9.283102431093905871e-01
8.784860383940277018e+00 9.001250797638343792e-01
8.834860383940281281e+00 9.482147289026940928e-01
8.884860383940278439e+00 8.871640192472646236e-01
8.934860383940275597e+00 9.684792441547912523e-01
8.984860383940279860e+00 9.076342656186722202e-01
9.034860383940277018e+00 9.726452993208314357e-01
9.084860383940281281e+00 9.394711563319922965e-01
9.134860383940278439e+00 1.010088363035366088e+00
9.184860383940275597e+00 9.581412554094319578e-01
9.234860383940279860e+00 9.870979104524031378e-01
9.284860383940277018e+00 9.692507358522060024e-01
9.334860383940281281e+00 1.038684988619543503e+00
9.384860383940278439e+00 1.001653387143630392e+00
9.434860383940275597e+00 1.000521865987421766e+00
9.484860383940279860e+00 1.065532899689580981e+00
9.534860383940277018e+00 1.020632082900035709e+00
9.584860383940281281e+00 1.067641643662514905e+00
9.634860383940278439e+00 1.087237532776852200e+00
9.684860383940275597e+00 1.086003146060988467e+00
9.734860383940279860e+00 1.119022990710344612e+00
9.784860383940277018e+00 1.126789340464320999e+00
9.834860383940281281e+00 1.075510858976146400e+00
9.884860383940278439e+00 1.069184627057344628e+00
9.934860383940275597e+00 1.079882645261497354e+00
9.984860383940279860e+00 1.111925267094128200e+00
1.003486038394027702e+01 1.071139072690795668e+00
1.008486038394028128e+01 1.092792272998239334e+00
1.013486038394027844e+01 1.057046491018017509e+00
1.018486038394027560e+01 1.074379337819937774e+00
1.023486038394027986e+01 1.032307323920914177e+00
1.028486038394027702e+01 1.040639434252994544e+00
1.033486038394028128e+01 1.072939219984763604e+00
1.038486038394027844e+01 9.801544851756693877e-01
1.043486038394027560e+01 1.027678373736425010e+00
1.048486038394027986e+01 9.820060652494650988e-01
1.053486038394027702e+01 1.043211073244377340e+00
1.058486038394028128e+01 9.846291370206755600e-01
1.063486038394027844e+01 1.024643839726593120e+00
1.068486038394027560e+01 9.233212634661078777e-01
1.073486038394027986e+01 9.430200181401006132e-01
1.078486038394027702e+01 9.803087835151523821e-01
1.083486038394028128e+01 9.634388317316806560e-01
1.088486038394027844e+01 9.490890861597642836e-01
1.093486038394027560e+01 9.076856983984999960e-01
1.098486038394027986e+01 9.448715982138964353e-01
1.103486038394027702e+01 9.391625596530264186e-01
1.108486038394028128e+01 9.050111938474618700e-01
1.113486038394027844e+01 9.784572034413567820e-01
1.118486038394027560e+01 9.442029720761369038e-01
1.123486038394027986e+01 9.052169249667724182e-01
1.128486038394027702e+01 9.539237674635641095e-01
1.133486038394028128e+01 9.395740218916476261e-01
1.138486038394027844e+01 9.165321365288571220e-01
1.143486038394027560e+01 9.669876935397890838e-01
1.148486038394027986e+01 1.012454270907438225e+00
1.153486038394027702e+01 1.006539501227257771e+00
1.158486038394028128e+01 9.361280256431946389e-01
1.163486038394027844e+01 9.702279586689315227e-01
1.168486038394027560e+01 1.003813563896391869e+00
1.173486038394027986e+01 9.977959286565560859e-01
1.178486038394027702e+01 9.865321498742990469e-01
1.183486038394028128e+01 9.711023159260017135e-01
1.188486038394027844e+01 9.661133362827188931e-01
1.193486038394027560e+01 9.710508831461740487e-01
1.198486038394027986e+01 9.887951921867157434e-01
1.203486038394027702e+01 9.889494905261988489e-01
1.208486038394028128e+01 9.749083416332483543e-01
1.213486038394027844e+01 1.014357283761061712e+00
1.218486038394027560e+01 1.002013416602423934e+00
1.223486038394027986e+01 9.800001868361863933e-01
1.228486038394027702e+01 1.053497629209908970e+00
1.233486038394028128e+01 9.917268606368923045e-01
1.238486038394027844e+01 9.880237004893011044e-01
1.243486038394027560e+01 9.990303153724198193e-01
1.248486038394027986e+01 9.770685183860100542e-01
1.253486038394027702e+01 1.042336715987307372e+00
1.258486038394028128e+01 1.033541710636778133e+00
1.263486038394027844e+01 1.002116282162079264e+00
1.268486038394027560e+01 9.649818151265104893e-01
1.273486038394027986e+01 1.018060443908652912e+00
1.278486038394027702e+01 1.026855449259182596e+00
1.283486038394028128e+01 1.023358020230901611e+00
1.288486038394027844e+01 1.011374182531057597e+00
1.293486038394027560e+01 9.776342789641141451e-01
1.298486038394027986e+01 9.514035612520088669e-01
1.303486038394027702e+01 9.586041504278809411e-01
1.308486038394028128e+01 9.756284005508355506e-01
1.313486038394027844e+01 1.046811367832313655e+00
1.318486038394027560e+01 1.000933328226043084e+00
1.323486038394027986e+01 9.641074578694402986e-01
1.328486038394027702e+01 9.714623453847953671e-01
1.333486038394028128e+01 1.048817246245592250e+00
1.338486038394027844e+01 1.027421209837286575e+00
1.343486038394027560e+01 1.034158903994709888e+00
1.348486038394027986e+01 1.022380797414176312e+00
1.353486038394027702e+01 9.802059179554971635e-01
1.358486038394028128e+01 1.047531426749900740e+00
1.363486038394027844e+01 1.059618130009400527e+00
1.368486038394027560e+01 1.028604163773322977e+00
1.373486038394027986e+01 9.633359661720254374e-01
1.378486038394027702e+01 1.082454284252880150e+00
1.383486038394028128e+01 1.018111876688480910e+00
1.388486038394027844e+01 1.015951699935719210e+00
1.393486038394027560e+01 1.056429297660085531e+00
1.398486038394027986e+01 1.082660015372190809e+00
1.403486038394027702e+01 1.086311742739954678e+00
1.408486038394028128e+01 9.840119436627438043e-01
1.413486038394027844e+01 9.992874792715580323e-01
1.418486038394027560e+01 9.573183309321895429e-01
1.423486038394027986e+01 9.370538156800923835e-01
1.428486038394027702e+01 9.938870373896540045e-01
1.433486038394028128e+01 9.519693218301130688e-01
1.438486038394027844e+01 9.634388317316806560e-01
1.443486038394027560e+01 9.361280256431946389e-01
1.448486038394027986e+01 9.280016464304247092e-01
1.453486038394027702e+01 9.774285478448035969e-01
1.458486038394028128e+01 9.805659474142907062e-01
1.463486038394027844e+01 9.923440539948242822e-01
1.468486038394027560e+01 9.313447771192223668e-01
1.473486038394027986e+01 9.624616089149552467e-01
1.478486038394027702e+01 9.397283202311306205e-01
1.483486038394028128e+01 9.350993700466414538e-01
1.488486038394027844e+01 8.996621847453855070e-01
1.493486038394027560e+01 9.170978971069612129e-01
1.498486038394027986e+01 8.843352163567435031e-01
1.503486038394027702e+01 9.582955537489148412e-01
1.508486038394028128e+01 9.888466249665437413e-01
1.513486038394027844e+01 8.994564536260747367e-01
1.518486038394027560e+01 9.714109126049675913e-01
1.523486038394027986e+01 9.203895950159314276e-01
1.528486038394027702e+01 9.959957813625879286e-01
1.533486038394028128e+01 9.881265660489563230e-01
1.538486038394027844e+01 9.811831407722225729e-01
1.543486038394028270e+01 9.770685183860100542e-01
1.548486038394027986e+01 9.199781327773102202e-01
1.553486038394027702e+01 9.593242093454680264e-01
1.558486038394027418e+01 9.969730041793134490e-01
1.563486038394027844e+01 1.009368304117779003e+00
1.568486038394028270e+01 9.994417776110410268e-01
1.573486038394027986e+01 9.797944557168758450e-01
1.578486038394027702e+01 9.591699110059850319e-01
1.583486038394027418e+01 9.679134835766868283e-01
1.588486038394027844e+01 9.607643271806425300e-01
1.593486038394028270e+01 9.973330336381069916e-01
1.598486038394027986e+01 9.980530925556941879e-01
1.603486038394027702e+01 1.010602690833642736e+00
1.608486038394027418e+01 9.537180363442534503e-01
1.613486038394027844e+01 1.059926726688366294e+00
1.618486038394028270e+01 1.022226499074693207e+00
1.623486038394027986e+01 1.000521865987421766e+00
1.628486038394027702e+01 1.004482190034151401e+00
1.633486038394027418e+01 1.037913496922128864e+00
1.638486038394027844e+01 1.017700414449859370e+00
1.643486038394028270e+01 1.002939206639321679e+00
1.648486038394027986e+01 1.023306587451074057e+00
1.653486038394027702e+01 1.043468237143515998e+00
1.658486038394027418e+01 1.027729806516252564e+00
1.663486038394027844e+01 1.006642366786913101e+00
1.668486038394028270e+01 1.050771691879043068e+00
1.673486038394027986e+01 1.028758462112805638e+00
1.678486038394027702e+01 1.002887773859494125e+00
1.683486038394027418e+01 1.042491014326790477e+00
1.688486038394027844e+01 1.020014889542103953e+00
1.693486038394028270e+01 1.042079552088169159e+00
1.698486038394027986e+01 1.041822388189030724e+00
1.703486038394027702e+01 1.041359493170582073e+00
1.708486038394027418e+01 1.010396959714332077e+00
1.713486038394027844e+01 1.050977422998353950e+00
1.718486038394028270e+01 9.807202457537735896e-01
1.723486038394027986e+01 9.904924739210286821e-01
1.728486038394027702e+01 1.011425615310885373e+00
1.733486038394027418e+01 1.034827530132469420e+00
1.738486038394027844e+01 1.034930395692124527e+00
1.743486038394028270e+01 1.018369040587619123e+00
1.748486038394027986e+01 9.719252404032442394e-01
1.753486038394027702e+01 9.761941611289397525e-01
1.758486038394027418e+01 9.683249458153082578e-01
1.763486038394027844e+01 9.537180363442534503e-01
1.768486038394028270e+01 9.793829934782545266e-01
1.773486038394027986e+01 9.789715312396332081e-01
1.778486038394027702e+01 9.494491156185579372e-01
1.783486038394027418e+01 9.682220802556528172e-01
1.788486038394027844e+01 9.804630818546353765e-01
1.793486038394028270e+01 9.820574980292928746e-01
1.798486038394027986e+01 9.901324444622350285e-01
1.803486038394027702e+01 9.918297261965478562e-01
1.808486038394027418e+01 9.928583817931008193e-01
1.813486038394027844e+01 9.443058376357922334e-01
1.818486038394028270e+01 8.775460894194926365e-01
1.823486038394027986e+01 9.254300074390419129e-01
1.828486038394027702e+01 9.806688129739460358e-01
1.833486038394027418e+01 9.178693888043760740e-01
1.838486038394027844e+01 9.529979774266662540e-01
1.843486038394028270e+01 9.772742495053206024e-01
1.848486038394027986e+01 9.881265660489563230e-01
1.853486038394027702e+01 9.668848279801336432e-01
1.858486038394027418e+01 9.275387514119758370e-01
1.863486038394027844e+01 9.346879078080201353e-01
1.868486038394028270e+01 9.410141397268221297e-01
1.873486038394027986e+01 9.444087031954473410e-01
1.878486038394027702e+01 9.636959956308189801e-01
1.883486038394027418e+01 9.870464776725755840e-01
1.888486038394027844e+01 9.606100288411595356e-01
1.893486038394028270e+01 1.042696745446100914e+00
1.898486038394027986e+01 1.001447656024319510e+00
1.903486038394027702e+01 9.408084086075113595e-01
1.908486038394027418e+01 9.984645547943155064e-01
1.913486038394027844e+01 9.930641129124115896e-01
1.918486038394028270e+01 1.031072937205050444e+00
1.923486038394027986e+01 1.030044281608497148e+00
1.928486038394027702e+01 9.696621980908273208e-01
1.933486038394027418e+01 1.001396223244491956e+00
1.938486038394027844e+01 9.877665365901627803e-01
1.943486038394028270e+01 1.005973740649153569e+00
1.948486038394027986e+01 9.598385371437446745e-01
1.953486038394027702e+01 1.014717313219855255e+00
1.958486038394027418e+01 9.552610197390831726e-01
1.963486038394027844e+01 9.698679292101377580e-01
1.968486038394028270e+01 9.663705001818573281e-01
1.973486038394027986e+01 9.777885773035972505e-01
1.978486038394027702e+01 9.847834353601585544e-01
1.983486038394027418e+01 1.051440318016802822e+00
1.988486038394027844e+01 1.026804016479354820e+00
1.993486038394028270e+01 1.030404311067290690e+00
1.998486038394027986e+01 9.607128944008148652e-01
2.003486038394027702e+01 1.018420473367446677e+00
2.008486038394027418e+01 9.865321498742990469e-01
2.013486038394027844e+01 9.986188531337985008e-01
2.018486038394028270e+01 1.013020031485542649e+00
2.023486038394027986e+01 1.014254418201406382e+00
2.028486038394027702e+01 1.001087626565526190e+00
2.033486038394027418e+01 9.961500797020708120e-01
2.038486038394027844e+01 1.010345526934504301e+00
2.043486038394028270e+01 1.060286756147159837e+00
2.048486038394027986e+01 1.011939943109161799e+00
2.053486038394027702e+01 9.635931300711636505e-01
2.058486038394027418e+01 9.347393405878478001e-01
2.063486038394027844e+01 9.956357519037943860e-01
2.068486038394028270e+01 1.039250749197647927e+00
2.073486038394027986e+01 9.966129747205199063e-01
2.078486038394027702e+01 1.028707029332978307e+00
2.083486038394027418e+01 1.059052369431296103e+00
2.088486038394027844e+01 1.002476311620872806e+00
2.093486038394028270e+01 1.040279404794201001e+00
2.098486038394027986e+01 9.735710893577292913e-01
2.103486038394027702e+01 1.026135390341595510e+00
2.108486038394027418e+01 9.531522757661492484e-01
2.113486038394027844e+01 9.684278113749634764e-01
2.118486038394028270e+01 1.016826057192789179e+00
2.123486038394027986e+01 9.855549270575735266e-01
2.128486038394027702e+01 9.804630818546353765e-01
2.133486038394027418e+01 9.342764455693988168e-01
2.138486038394027844e+01 9.493976828387301614e-01
2.143486038394028270e+01 9.207496244747249703e-01
2.148486038394027986e+01 9.845777042408478952e-01
2.153486038394027702e+01 9.460545521499325039e-01
2.158486038394027418e+01 9.381339040564731224e-01
2.163486038394027844e+01 8.935416839458942828e-01
2.168486038394028270e+01 8.670538023346505696e-01
2.173486038394027986e+01 9.704851225680698468e-01
2.178486038394027702e+01 9.276930497514588314e-01
2.183486038394028128e+01 9.532551413258045780e-01
2.188486038394027844e+01 8.644307305634401084e-01
2.193486038394028270e+01 9.095887112521233719e-01
2.198486038394027986e+01 9.287731381278395704e-01
2.203486038394027702e+01 9.672962902187549616e-01
2.208486038394028128e+01 9.655990084844423560e-01
2.213486038394027844e+01 9.075828328388446664e-01
2.218486038394028270e+01 9.642103234290956282e-01
2.223486038394027986e+01 9.826746913872246303e-01
2.228486038394027702e+01 9.816460357906714451e-01
2.233486038394028128e+01 9.701250931092763041e-01
2.238486038394027844e+01 1.028244134314529212e+00
2.243486038394028270e+01 9.941956340686198823e-01
2.248486038394027986e+01 9.478546994439005502e-01
2.253486038394027702e+01 1.013585792063646851e+00
2.258486038394028128e+01 1.009625468016917216e+00
2.263486038394027844e+01 1.042799611005756244e+00
2.268486038394028270e+01 1.041976686528513829e+00
2.273486038394027986e+01 1.068567433699412650e+00
2.278486038394027702e+01 1.093512331915826641e+00
2.283486038394028128e+01 1.024952436405559109e+00
2.288486038394027844e+01 1.036781975765920460e+00
2.293486038394028270e+01 1.022226499074693207e+00
2.298486038394027986e+01 9.847834353601585544e-01
2.303486038394027702e+01 1.066664420845789385e+00
2.308486038394028128e+01 1.029015626011944073e+00
2.313486038394027844e+01 1.077979632407874089e+00
2.318486038394028270e+01 1.074996531177869974e+00
2.323486038394027986e+01 1.024540974166937790e+00
2.328486038394027702e+01 1.050257364080766420e+00
2.333486038394028128e+01 1.031432966663844208e+00
2.338486038394027844e+01 1.013328628164508638e+00
2.343486038394028270e+01 9.827261241670524061e-01
2.348486038394027986e+01 1.013637224843474627e+00
2.353486038394027702e+01 9.558782130970151503e-01
2.358486038394028128e+01 9.719252404032442394e-01
2.363486038394027844e+01 9.621015794561615930e-01
2.368486038394028270e+01 1.002939206639321679e+00
2.373486038394027986e+01 9.998532398496623452e-01
2.378486038394027702e+01 9.536151707845981207e-01
2.383486038394028128e+01 9.144233925559230869e-01
2.388486038394027844e+01 9.565468392347746818e-01
2.393486038394028270e+01 9.624616089149552467e-01
2.398486038394027986e+01 9.121603502435061683e-01
2.403486038394027702e+01 9.339678488904330500e-01
2.408486038394028128e+01 9.141147958769570980e-01
2.413486038394027844e+01 9.577297931708107503e-01
2.418486038394028270e+01 8.880383765043348143e-01
2.423486038394027986e+01 9.607643271806425300e-01
2.428486038394027702e+01 9.222411750897270277e-01
2.433486038394028128e+01 9.317562393578436852e-01
2.438486038394027844e+01 9.147834220147167406e-01
2.443486038394028270e+01 9.844234059013650118e-01
2.448486038394027986e+01 9.857092253970565210e-01
2.453486038394027702e+01 8.799119972915648846e-01
2.458486038394028128e+01 9.453859260121730834e-01
2.463486038394027844e+01 9.526379479678727114e-01
2.468486038394028270e+01 1.019140532285033762e+00
2.473486038394027986e+01 9.201838638966207684e-01
2.478486038394027702e+01 9.873036415717137970e-01
2.483486038394028128e+01 9.913668311780987619e-01
2.488486038394027844e+01 1.059463831669917422e+00
2.493486038394028270e+01 9.697136308706548746e-01
2.498486038394027986e+01 9.859149565163670692e-01
2.503486038394027702e+01 9.933727095913774674e-01
2.508486038394028128e+01 1.055040612604738692e+00
2.513486038394027844e+01 1.031021504425222668e+00
2.518486038394028270e+01 1.002784908299838795e+00
2.523486038394027986e+01 9.863778515348160525e-01
2.528486038394027702e+01 1.026238255901250618e+00
2.533486038394028128e+01 9.998018070698345694e-01
2.538486038394027844e+01 9.905953394806839007e-01
2.543486038394028270e+01 9.626159072544381301e-01
2.548486038394027986e+01 9.452830604525176428e-01
2.553486038394027702e+01 9.928069490132731545e-01
2.558486038394028128e+01 9.519693218301130688e-01
2.563486038394027844e+01 9.206981916948974165e-01
2.568486038394028270e+01 9.430714509199283890e-01
2.573486038394027986e+01 9.153491825928210535e-01
2.578486038394027702e+01 9.028510170947001701e-01
2.583486038394028128e+01 9.510435317932152133e-01
2.588486038394027844e+01 8.883984059631284680e-01
2.593486038394028270e+01 8.904557171562346163e-01
2.598486038394027986e+01 9.051654921869447534e-01
2.603486038394027702e+01 9.031081809938384941e-01
2.608486038394028128e+01 9.007422731217662459e-01
2.613486038394027844e+01 9.759369972298015394e-01
2.618486038394028270e+01 9.547981247206343003e-01
2.623486038394027986e+01 9.249671124205929296e-01
2.628486038394027702e+01 9.550038558399448485e-01
2.633486038394028128e+01 9.938870373896540045e-01
2.638486038394027844e+01 1.032513055040224836e+00
2.643486038394028270e+01 1.069338925396827511e+00
2.648486038394027986e+01 1.064349945753544802e+00
2.653486038394027702e+01 1.101793009468079454e+00
2.658486038394028128e+01 1.145870901780381867e+00
2.663486038394027844e+01 1.114856935544304539e+00
2.668486038394028270e+01 1.161300735728679312e+00
2.673486038394027986e+01 1.177862090833184938e+00
2.678486038394027702e+01 1.217773927979447279e+00
2.683486038394028128e+01 1.187068558422335496e+00
2.688486038394027844e+01 1.171381560574899838e+00
2.693486038394028270e+01 1.202189795691666951e+00
2.698486038394027986e+01 1.212424918877370583e+00
2.703486038394027702e+01 1.186502797844231294e+00
2.708486038394028128e+01 1.195657832653554520e+00
2.713486038394027844e+01 1.146950990156762717e+00
2.718486038394028270e+01 1.133424169062088982e+00
2.723486038394027986e+01 1.096392567586175426e+00
2.728486038394027702e+01 1.051183154117664387e+00
2.733486038394028128e+01 1.094180958053585950e+00
2.738486038394027844e+01 1.027421209837286575e+00
2.743486038394028270e+01 9.808231113134290302e-01
2.748486038394027986e+01 9.531522757661492484e-01
2.753486038394027702e+01 9.091258162336743887e-01
2.758486038394028128e+01 8.795005350529437882e-01
2.763486038394027844e+01 8.140266063323355894e-01
2.768486038394028270e+01 7.681999995058927944e-01
2.773486038394027986e+01 7.247393005515222475e-01
2.778486038394027702e+01 6.986114483990721880e-01
2.783486038394028128e+01 6.658487676488543672e-01
2.788486038394027844e+01 6.637914564557478858e-01
2.793486038394028270e+01 6.043351629749759146e-01
2.798486038394027986e+01 6.121529455087797444e-01
2.803486038394027702e+01 6.179648496293050908e-01
2.808486038394028128e+01 5.799045925568385718e-01
2.813486038394027844e+01 5.941000397892720608e-01
2.818486038394028270e+01 6.552536150043568597e-01
2.823486038394027986e+01 6.822558244138771100e-01
2.828486038394027702e+01 7.257165233682477679e-01
2.833486038394028128e+01 7.615651709081249221e-01
2.838486038394027844e+01 8.227187461232097210e-01
2.843486038394028270e+01 8.278620241059754248e-01
2.848486038394027986e+01 9.371566812397476021e-01
2.853486038394027702e+01 9.190523427404122536e-01
2.858486038394028128e+01 1.049280141264040900e+00
2.863486038394027844e+01 1.024283810267799577e+00
2.868486038394028270e+01 1.074379337819937774e+00
2.873486038394027986e+01 1.125040625950180395e+00
2.878486038394027702e+01 1.132755542924329450e+00
2.883486038394028128e+01 1.097215492063417841e+00
2.888486038394027844e+01 1.199309560021318166e+00
2.893486038394028270e+01 1.276458729762804278e+00
2.898486038394027986e+01 1.271315451780038464e+00
2.903486038394027702e+01 1.394805556146244685e+00
2.908486038394028128e+01 1.548846731730078918e+00
2.913486038394027844e+01 1.671873941077835379e+00
2.918486038394028270e+01 1.689875414017515620e+00
2.923486038394027986e+01 1.778905555899190860e+00
2.928486038394027702e+01 1.838156118260652061e+00
2.933486038394028128e+01 1.703659399011327791e+00
2.938486038394027844e+01 1.564276565678376141e+00
2.943486038394028270e+01 1.406480797167122709e+00
2.948486038394027986e+01 1.233769522505848926e+00
2.953486038394027702e+01 1.043828266602309318e+00
2.958486038394028128e+01 9.021823909569405275e-01
2.963486038394027844e+01 7.947393138969640614e-01
2.968486038394028270e+01 7.111096138971929603e-01
2.973486038394027986e+01 6.234681570708645593e-01
2.978486038394027702e+01 5.061499862839776709e-01
2.983486038394028128e+01 4.556429964932179888e-01
2.988486038394027844e+01 4.249376269361064828e-01
2.993486038394028270e+01 3.795739151281125046e-01
2.998486038394027986e+01 3.454739821023755653e-01
3.003486038394027702e+01 3.455254148822032301e-01
3.008486038394028128e+01 3.133284947100896112e-01
3.013486038394027844e+01 2.885378948331587257e-01
3.018486038394028270e+01 2.920867566412670424e-01
3.023486038394027986e+01 3.050478171578367981e-01
3.028486038394027702e+01 3.221235000606190724e-01
3.033486038394028128e+01 3.429023431109926578e-01
3.038486038394027844e+01 4.800221341315277224e-01
3.043486038394028270e+01 6.332403852381195408e-01
3.048486038394027986e+01 9.065541772422913702e-01
3.053486038394027702e+01 1.243130288434482145e+00
3.058486038394028128e+01 1.574563121643907326e+00
3.063486038394027844e+01 1.702167848396325622e+00
3.068486038394028270e+01 1.498751204177940499e+00
3.073486038394027986e+01 1.232226539111018981e+00
3.078486038394027702e+01 8.101177150654337300e-01
3.083486038394028128e+01 5.221455808103790952e-01
3.088486038394027844e+01 4.128509236766069734e-01
3.093486038394028270e+01 5.543939337623203789e-01
3.098486038394027986e+01 8.496180899730745306e-01
3.103486038394027702e+01 1.237781279332405893e+00
3.108486038394028128e+01 1.622035577424835395e+00
3.113486038394027844e+01 1.941947467952864992e+00
3.118486038394028270e+01 1.805907765308710999e+00
3.123486038394027986e+01 1.619978266231729247e+00
3.128486038394027702e+01 1.289368357499546480e+00
3.133486038394028128e+01 8.718884836384503956e-01
3.138486038394027844e+01 5.274945899124555693e-01
3.143486038394028270e+01 2.992873458171391166e-01
3.148486038394027986e+01 1.758486742307610873e-01
3.153486038394027702e+01 6.861132829009514156e-02
3.158486038394028128e+01 2.242469200485868244e-02
3.163486038394027844e+01 1.306392607622501242e-02
3.168486038394028270e+01 6.891992496906107837e-03
3.173486038394027986e+01 3.600294587936026663e-03
3.178486038394027702e+01 2.623071771210533625e-03
3.183486038394028128e+01 1.697281734312698241e-03
3.188486038394027844e+01 2.057311193106300734e-04
3.193486038394028270e+01 8.229244772425202935e-04
3.198486038394027986e+01 5.143277982765751834e-05
3.203486038394027702e+01 0.000000000000000000e+00
3.208486038394028128e+01 0.000000000000000000e+00
3.213486038394027844e+01 0.000000000000000000e+00
3.218486038394028270e+01 0.000000000000000000e+00
3.223486038394027986e+01 0.000000000000000000e+00
3.228486038394027702e+01 0.000000000000000000e+00
3.233486038394028128e+01 0.000000000000000000e+00
3.238486038394027844e+01 0.000000000000000000e+00
3.243486038394028270e+01 0.000000000000000000e+00
3.248486038394027986e+01 0.000000000000000000e+00
3.253486038394027702e+01 0.000000000000000000e+00
3.258486038394028128e+01 0.000000000000000000e+00
3.263486038394027844e+01 0.000000000000000000e+00
3.268486038394028270e+01 0.000000000000000000e+00
3.273486038394027986e+01 0.000000000000000000e+00
3.278486038394027702e+01 0.000000000000000000e+00
3.283486038394028128e+01 0.000000000000000000e+00
3.288486038394027844e+01 0.000000000000000000e+00
3.293486038394028270e+01 0.000000000000000000e+00
3.298486038394027986e+01 0.000000000000000000e+00
3.303486038394027702e+01 0.000000000000000000e+00
3.308486038394028128e+01 0.000000000000000000e+00
3.313486038394027844e+01 0.000000000000000000e+00
3.318486038394028270e+01 0.000000000000000000e+00
3.323486038394027986e+01 0.000000000000000000e+00
3.328486038394027702e+01 0.000000000000000000e+00
3.333486038394028128e+01 0.000000000000000000e+00
