-1.436730189897676802e+01 0.000000000000000000e+00
-1.431730189897676908e+01 0.000000000000000000e+00
-1.426730189897676837e+01 0.000000000000000000e+00
-1.421730189897676766e+01 0.000000000000000000e+00
-1.416730189897676873e+01 0.000000000000000000e+00
-1.411730189897676802e+01 0.000000000000000000e+00
-1.406730189897676908e+01 0.000000000000000000e+00
-1.401730189897676837e+01 0.000000000000000000e+00
-1.396730189897676766e+01 0.000000000000000000e+00
-1.391730189897676873e+01 0.000000000000000000e+00
-1.386730189897676802e+01 0.000000000000000000e+00
-1.381730189897676908e+01 0.000000000000000000e+00
-1.376730189897676837e+01 0.000000000000000000e+00
-1.371730189897676766e+01 0.000000000000000000e+00
-1.366730189897676873e+01 0.000000000000000000e+00
-1.361730189897676802e+01 0.000000000000000000e+00
-1.356730189897676908e+01 0.000000000000000000e+00
-1.351730189897676837e+01 0.000000000000000000e+00
-1.346730189897676766e+01 0.000000000000000000e+00
-1.341730189897676873e+01 0.000000000000000000e+00
-1.336730189897676802e+01 0.000000000000000000e+00
-1.331730189897676908e+01 0.000000000000000000e+00
-1.326730189897676837e+01 0.000000000000000000e+00
-1.321730189897676766e+01 0.000000000000000000e+00
-1.316730189897676873e+01 0.000000000000000000e+00
-1.311730189897676802e+01 0.000000000000000000e+00
-1.306730189897676908e+01 0.000000000000000000e+00
-1.301730189897676837e+01 0.000000000000000000e+00
-1.296730189897676766e+01 0.000000000000000000e+00
-1.291730189897676873e+01 0.000000000000000000e+00
-1.286730189897676802e+01 0.000000000000000000e+00
-1.281730189897676908e+01 0.000000000000000000e+00
-1.276730189897676837e+01 0.000000000000000000e+00
-1.271730189897676766e+01 0.000000000000000000e+00
-1.266730189897676873e+01 0.000000000000000000e+00
-1.261730189897676802e+01 0.000000000000000000e+00
-1.256730189897676908e+01 0.000000000000000000e+00
-1.251730189897676837e+01 0.000000000000000000e+00
-1.246730189897676766e+01 0.000000000000000000e+00
-1.241730189897676873e+01 0.000000000000000000e+00
-1.236730189897676802e+01 0.000000000000000000e+00
-1.231730189897676908e+01 0.000000000000000000e+00
-1.226730189897676837e+01 0.000000000000000000e+00
-1.221730189897676766e+01 0.000000000000000000e+00
-1.216730189897676873e+01 0.000000000000000000e+00
-1.211730189897676802e+01 0.000000000000000000e+00
-1.206730189897676908e+01 0.000000000000000000e+00
-1.201730189897676837e+01 0.000000000000000000e+00
-1.196730189897676766e+01 0.000000000000000000e+00
-1.191730189897676873e+01 0.000000000000000000e+00
-1.186730189897676802e+01 0.000000000000000000e+00
-1.181730189897676908e+01 0.000000000000000000e+00
-1.176730189897676837e+01 0.000000000000000000e+00
-1.171730189897676766e+01 0.000000000000000000e+00
-1.166730189897676873e+01 0.000000000000000000e+00
-1.161730189897676802e+01 0.000000000000000000e+00
-1.156730189897676908e+01 0.000000000000000000e+00
-1.151730189897676837e+01 0.000000000000000000e+00
-1.146730189897676766e+01 0.000000000000000000e+00
-1.141730189897676873e+01 0.000000000000000000e+00
-1.136730189897676802e+01 0.000000000000000000e+00
-1.131730189897676908e+01 0.000000000000000000e+00
-1.126730189897676837e+01 0.000000000000000000e+00
-1.121730189897676766e+01 0.000000000000000000e+00
-1.116730189897676873e+01 0.000000000000000000e+00
-1.111730189897676802e+01 0.000000000000000000e+00
-1.106730189897676908e+01 0.000000000000000000e+00
-1.101730189897676837e+01 0.000000000000000000e+00
-1.096730189897676766e+01 0.000000000000000000e+00
-1.091730189897676873e+01 0.000000000000000000e+00
-1.086730189897676802e+01 0.000000000000000000e+00
-1.081730189897676908e+01 0.000000000000000000e+00
-1.076730189897676837e+01 0.000000000000000000e+00
-1.071730189897676766e+01 0.000000000000000000e+00
-1.066730189897676873e+01 0.000000000000000000e+00
-1.061730189897676802e+01 0.000000000000000000e+00
-1.056730189897676908e+01 0.000000000000000000e+00
-1.051730189897676837e+01 0.000000000000000000e+00
-1.046730189897676766e+01 0.000000000000000000e+00
-1.041730189897676873e+01 0.000000000000000000e+00
-1.036730189897676802e+01 0.000000000000000000e+00
-1.031730189897676908e+01 0.000000000000000000e+00
-1.026730189897676837e+01 0.000000000000000000e+00
-1.021730189897676766e+01 0.000000000000000000e+00
-1.016730189897676873e+01 0.000000000000000000e+00
-1.011730189897676802e+01 0.000000000000000000e+00
-1.006730189897676908e+01 0.000000000000000000e+00
-1.001730189897676837e+01 0.000000000000000000e+00
-9.967301898976767660e+00 0.000000000000000000e+00
-9.917301898976768726e+00 0.000000000000000000e+00
-9.867301898976768015e+00 0.000000000000000000e+00
-9.817301898976769081e+00 0.000000000000000000e+00
-9.767301898976768371e+00 0.000000000000000000e+00
-9.717301898976767660e+00 0.000000000000000000e+00
-9.667301898976768726e+00 0.000000000000000000e+00
-9.617301898976768015e+00 0.000000000000000000e+00
-9.567301898976767305e+00 0.000000000000000000e+00
-9.517301898976768371e+00 0.000000000000000000e+00
-9.467301898976767660e+00 0.000000000000000000e+00
-9.417301898976768726e+00 0.000000000000000000e+00
-9.367301898976768015e+00 0.000000000000000000e+00
-9.317301898976767305e+00 0.000000000000000000e+00
-9.267301898976768371e+00 0.000000000000000000e+00
-9.217301898976767660e+00 0.000000000000000000e+00
-9.167301898976768726e+00 0.000000000000000000e+00
-9.117301898976768015e+00 0.000000000000000000e+00
-9.067301898976767305e+00 0.000000000000000000e+00
-9.017301898976768371e+00 0.000000000000000000e+00
-8.967301898976767660e+00 0.000000000000000000e+00
-8.917301898976768726e+00 0.000000000000000000e+00
-8.867301898976768015e+00 0.000000000000000000e+00
-8.817301898976767305e+00 0.000000000000000000e+00
-8.767301898976768371e+00 0.000000000000000000e+00
-8.717301898976767660e+00 0.000000000000000000e+00
-8.667301898976768726e+00 0.000000000000000000e+00
-8.617301898976768015e+00 0.000000000000000000e+00
-8.567301898976767305e+00 0.000000000000000000e+00
-8.517301898976768371e+00 0.000000000000000000e+00
-8.467301898976767660e+00 0.000000000000000000e+00
-8.417301898976768726e+00 0.000000000000000000e+00
-8.367301898976768015e+00 0.000000000000000000e+00
-8.317301898976767305e+00 0.000000000000000000e+00
-8.267301898976768371e+00 0.000000000000000000e+00
-8.217301898976767660e+00 0.000000000000000000e+00
-8.167301898976768726e+00 0.000000000000000000e+00
-8.117301898976768015e+00 0.000000000000000000e+00
-8.067301898976767305e+00 0.000000000000000000e+00
-8.017301898976768371e+00 0.000000000000000000e+00
-7.967301898976767660e+00 0.000000000000000000e+00
-7.917301898976768726e+00 0.000000000000000000e+00
-7.867301898976768015e+00 0.000000000000000000e+00
-7.817301898976767305e+00 0.000000000000000000e+00
-7.767301898976768371e+00 0.000000000000000000e+00
-7.717301898976767660e+00 0.000000000000000000e+00
-7.667301898976768726e+00 0.000000000000000000e+00
-7.617301898976768015e+00 0.000000000000000000e+00
-7.567301898976767305e+00 0.000000000000000000e+00
-7.517301898976768371e+00 0.000000000000000000e+00
-7.467301898976767660e+00 0.000000000000000000e+00
-7.417301898976768726e+00 0.000000000000000000e+00
-7.367301898976768015e+00 0.000000000000000000e+00
-7.317301898976767305e+00 0.000000000000000000e+00
-7.267301898976768371e+00 0.000000000000000000e+00
-7.217301898976767660e+00 0.000000000000000000e+00
-7.167301898976768726e+00 0.000000000000000000e+00
-7.117301898976768015e+00 0.000000000000000000e+00
-7.067301898976767305e+00 0.000000000000000000e+00
-7.017301898976768371e+00 0.000000000000000000e+00
-6.967301898976767660e+00 0.000000000000000000e+00
-6.917301898976768726e+00 0.000000000000000000e+00
-6.867301898976768015e+00 0.000000000000000000e+00
-6.817301898976767305e+00 0.000000000000000000e+00
-6.767301898976768371e+00 0.000000000000000000e+00
-6.717301898976767660e+00 0.000000000000000000e+00
-6.667301898976768726e+00 0.000000000000000000e+00
-6.617301898976768015e+00 0.000000000000000000e+00
-6.567301898976767305e+00 0.000000000000000000e+00
-6.517301898976768371e+00 0.000000000000000000e+00
-6.467301898976767660e+00 0.000000000000000000e+00
-6.417301898976768726e+00 0.000000000000000000e+00
-6.367301898976768015e+00 0.000000000000000000e+00
-6.317301898976769081e+00 0.000000000000000000e+00
-6.267301898976768371e+00 0.000000000000000000e+00
-6.217301898976767660e+00 0.000000000000000000e+00
-6.167301898976766950e+00 0.000000000000000000e+00
-6.117301898976768015e+00 0.000000000000000000e+00
-6.067301898976769081e+00 0.000000000000000000e+00
-6.017301898976768371e+00 0.000000000000000000e+00
-5.967301898976767660e+00 0.000000000000000000e+00
-5.917301898976766950e+00 0.000000000000000000e+00
-5.867301898976768015e+00 0.000000000000000000e+00
-5.817301898976769081e+00 0.000000000000000000e+00
-5.767301898976768371e+00 0.000000000000000000e+00
-5.717301898976767660e+00 0.000000000000000000e+00
-5.667301898976766950e+00 0.000000000000000000e+00
-5.617301898976768015e+00 0.000000000000000000e+00
-5.567301898976769081e+00 0.000000000000000000e+00
-5.517301898976768371e+00 0.000000000000000000e+00
-5.467301898976767660e+00 0.000000000000000000e+00
-5.417301898976766950e+00 0.000000000000000000e+00
-5.367301898976768015e+00 0.000000000000000000e+00
-5.317301898976769081e+00 0.000000000000000000e+00
-5.267301898976768371e+00 0.000000000000000000e+00
-5.217301898976767660e+00 0.000000000000000000e+00
-5.167301898976766950e+00 0.000000000000000000e+00
-5.117301898976768015e+00 0.000000000000000000e+00
-5.067301898976769081e+00 0.000000000000000000e+00
-5.017301898976768371e+00 0.000000000000000000e+00
-4.967301898976767660e+00 0.000000000000000000e+00
-4.917301898976766950e+00 0.000000000000000000e+00
-4.867301898976768015e+00 0.000000000000000000e+00
-4.817301898976767305e+00 0.000000000000000000e+00
-4.767301898976768371e+00 0.000000000000000000e+00
-4.717301898976767660e+00 0.000000000000000000e+00
-4.667301898976766950e+00 0.000000000000000000e+00
-4.617301898976768015e+00 0.000000000000000000e+00
-4.567301898976767305e+00 0.000000000000000000e+00
-4.517301898976768371e+00 0.000000000000000000e+00
-4.467301898976767660e+00 0.000000000000000000e+00
-4.417301898976766950e+00 0.000000000000000000e+00
-4.367301898976768015e+00 0.000000000000000000e+00
-4.317301898976767305e+00 0.000000000000000000e+00
-4.267301898976768371e+00 0.000000000000000000e+00
-4.217301898976767660e+00 0.000000000000000000e+00
-4.167301898976766950e+00 0.000000000000000000e+00
-4.117301898976768015e+00 0.000000000000000000e+00
-4.067301898976767305e+00 0.000000000000000000e+00
-4.017301898976768371e+00 0.000000000000000000e+00
-3.967301898976767660e+00 0.000000000000000000e+00
-3.917301898976766950e+00 0.000000000000000000e+00
-3.867301898976768015e+00 0.000000000000000000e+00
-3.817301898976767305e+00 0.000000000000000000e+00
-3.767301898976768371e+00 0.000000000000000000e+00
-3.717301898976767660e+00 0.000000000000000000e+00
-3.667301898976766950e+00 0.000000000000000000e+00
-3.617301898976768015e+00 0.000000000000000000e+00
-3.567301898976767305e+00 0.000000000000000000e+00
-3.517301898976768371e+00 0.000000000000000000e+00
-3.467301898976767660e+00 0.000000000000000000e+00
-3.417301898976766950e+00 0.000000000000000000e+00
-3.367301898976768015e+00 0.000000000000000000e+00
-3.317301898976767305e+00 0.000000000000000000e+00
-3.267301898976768371e+00 0.000000000000000000e+00
-3.217301898976767660e+00 0.000000000000000000e+00
-3.167301898976766950e+00 0.000000000000000000e+00
-3.117301898976768015e+00 0.000000000000000000e+00
-3.067301898976767305e+00 0.000000000000000000e+00
-3.017301898976768371e+00 0.000000000000000000e+00
-2.967301898976767660e+00 0.000000000000000000e+00
-2.917301898976766950e+00 0.000000000000000000e+00
-2.867301898976768015e+00 0.000000000000000000e+00
-2.817301898976767305e+00 0.000000000000000000e+00
-2.767301898976768371e+00 0.000000000000000000e+00
-2.717301898976767660e+00 0.000000000000000000e+00
-2.667301898976766950e+00 0.000000000000000000e+00
-2.617301898976768015e+00 0.000000000000000000e+00
-2.567301898976767305e+00 0.000000000000000000e+00
-2.517301898976768371e+00 0.000000000000000000e+00
-2.467301898976767660e+00 0.000000000000000000e+00
-2.417301898976766950e+00 0.000000000000000000e+00
-2.367301898976768015e+00 0.000000000000000000e+00
-2.317301898976767305e+00 0.000000000000000000e+00
-2.267301898976768371e+00 0.000000000000000000e+00
-2.217301898976767660e+00 0.000000000000000000e+00
-2.167301898976766950e+00 0.000000000000000000e+00
-2.117301898976768015e+00 0.000000000000000000e+00
-2.067301898976767305e+00 0.000000000000000000e+00
-2.017301898976768371e+00 0.000000000000000000e+00
-1.967301898976767660e+00 0.000000000000000000e+00
-1.917301898976766950e+00 0.000000000000000000e+00
-1.867301898976768015e+00 0.000000000000000000e+00
-1.817301898976767305e+00 0.000000000000000000e+00
-1.767301898976768371e+00 0.000000000000000000e+00
-1.717301898976767660e+00 0.000000000000000000e+00
-1.667301898976766950e+00 0.000000000000000000e+00
-1.617301898976768015e+00 0.000000000000000000e+00
-1.567301898976767305e+00 0.000000000000000000e+00
-1.517301898976768371e+00 0.000000000000000000e+00
-1.467301898976767660e+00 0.000000000000000000e+00
-1.417301898976766950e+00 0.000000000000000000e+00
-1.367301898976768015e+00 0.000000000000000000e+00
-1.317301898976767305e+00 0.000000000000000000e+00
-1.267301898976768371e+00 0.000000000000000000e+00
-1.217301898976767660e+00 0.000000000000000000e+00
-1.167301898976766950e+00 0.000000000000000000e+00
-1.117301898976768015e+00 0.000000000000000000e+00
-1.067301898976767305e+00 0.000000000000000000e+00
-1.017301898976768371e+00 0.000000000000000000e+00
-9.673018989767676601e-01 0.000000000000000000e+00
-9.173018989767669495e-01 0.000000000000000000e+00
-8.673018989767680154e-01 0.000000000000000000e+00
-8.173018989767673048e-01 0.000000000000000000e+00
-7.673018989767683706e-01 0.000000000000000000e+00
-7.173018989767676601e-01 0.000000000000000000e+00
-6.673018989767669495e-01 0.000000000000000000e+00
-6.173018989767680154e-01 0.000000000000000000e+00
-5.673018989767673048e-01 0.000000000000000000e+00
-5.173018989767683706e-01 0.000000000000000000e+00
-4.673018989767676601e-01 0.000000000000000000e+00
-4.173018989767669495e-01 0.000000000000000000e+00
-3.673018989767680154e-01 0.000000000000000000e+00
-3.173018989767673048e-01 0.000000000000000000e+00
-2.673018989767683706e-01 0.000000000000000000e+00
-2.173018989767676601e-01 0.000000000000000000e+00
-1.673018989767669495e-01 0.000000000000000000e+00
-1.173018989767680154e-01 0.000000000000000000e+00
-6.730189897676730482e-02 0.000000000000000000e+00
-1.730189897676837063e-02 0.000000000000000000e+00
3.269810102323233991e-02 0.000000000000000000e+00
8.269810102323305046e-02 0.000000000000000000e+00
1.326981010232319846e-01 0.000000000000000000e+00
1.826981010232326952e-01 0.000000000000000000e+00
2.326981010232316294e-01 0.000000000000000000e+00
2.826981010232323399e-01 0.000000000000000000e+00
3.326981010232330505e-01 0.000000000000000000e+00
3.826981010232319846e-01 0.000000000000000000e+00
4.326981010232326952e-01 0.000000000000000000e+00
4.826981010232316294e-01 0.000000000000000000e+00
5.326981010232323399e-01 0.000000000000000000e+00
5.826981010232330505e-01 0.000000000000000000e+00
6.326981010232319846e-01 0.000000000000000000e+00
6.826981010232326952e-01 0.000000000000000000e+00
7.326981010232316294e-01 0.000000000000000000e+00
7.826981010232323399e-01 0.000000000000000000e+00
8.326981010232330505e-01 0.000000000000000000e+00
8.826981010232319846e-01 0.000000000000000000e+00
9.326981010232326952e-01 0.000000000000000000e+00
9.826981010232316294e-01 0.000000000000000000e+00
1.032698101023232340e+00 0.000000000000000000e+00
1.082698101023233050e+00 0.000000000000000000e+00
1.132698101023231985e+00 0.000000000000000000e+00
1.182698101023232695e+00 0.000000000000000000e+00
1.232698101023231629e+00 0.000000000000000000e+00
1.282698101023232340e+00 8.565229899693414437e-05
1.332698101023233050e+00 1.427538316615569163e-04
1.382698101023231985e+00 3.711599623200479499e-04
1.432698101023232695e+00 1.341886017618634883e-03
1.482698101023231629e+00 3.368990427212743138e-03
1.532698101023232340e+00 5.253341005145294694e-03
1.582698101023233050e+00 1.002131898264129427e-02
1.632698101023230208e+00 1.584567531443281663e-02
1.682698101023234472e+00 2.643800962372034116e-02
1.732698101023231629e+00 4.793673667195081506e-02
1.782698101023232340e+00 1.014979743113669508e-01
1.832698101023233050e+00 2.440519506085976897e-01
1.882698101023230208e+00 5.875462203526358174e-01
1.932698101023234472e+00 1.182144479989352570e+00
1.982698101023231629e+00 1.984992029253948687e+00
2.032698101023232340e+00 2.845540677276146013e+00
2.082698101023233050e+00 3.533528493585853081e+00
2.132698101023230208e+00 3.874053483631331840e+00
2.182698101023234472e+00 3.575669424692344833e+00
2.232698101023231629e+00 3.009993091350259498e+00
2.282698101023232340e+00 2.198237702989982445e+00
2.332698101023233050e+00 1.528608029431951287e+00
2.382698101023230208e+00 1.048184284358147700e+00
2.432698101023234472e+00 6.932982588475172792e-01
2.482698101023231629e+00 5.132856771222940040e-01
2.532698101023232340e+00 4.029084144815781587e-01
2.582698101023233050e+00 3.729301098326512354e-01
2.632698101023230208e+00 3.426948482867334667e-01
2.682698101023234472e+00 3.488618138145127556e-01
2.732698101023231629e+00 3.266207668416422072e-01
2.782698101023232340e+00 3.303609172311749997e-01
2.832698101023233050e+00 3.029807323184883772e-01
2.882698101023230208e+00 2.861643309487569842e-01
2.932698101023234472e+00 2.598976259230305064e-01
2.982698101023231629e+00 2.536735588625866344e-01
3.032698101023232340e+00 2.496479008097307051e-01
3.082698101023233050e+00 2.676348835990868813e-01
3.132698101023230208e+00 2.741730090891861815e-01
3.182698101023234472e+00 3.108321930598739735e-01
3.232698101023231629e+00 3.966557966548020508e-01
3.282698101023232340e+00 4.741711272470273686e-01
3.332698101023233050e+00 5.961685517849938387e-01
3.382698101023230208e+00 7.547395079946512819e-01
3.432698101023234472e+00 9.578782104490468630e-01
3.482698101023231629e+00 1.185513470416565518e+00
3.532698101023232340e+00 1.350651102882654220e+00
3.582698101023233050e+00 1.599813640664735859e+00
3.632698101023230208e+00 1.723980923443957813e+00
3.682698101023234472e+00 1.853601402592651715e+00
3.732698101023231629e+00 1.902851474515888652e+00
3.782698101023232340e+00 1.991101893249063393e+00
3.832698101023233050e+00 1.933400794491461960e+00
3.882698101023230208e+00 1.880696079842014923e+00
3.932698101023234472e+00 1.835871376700286328e+00
3.982698101023231629e+00 1.767463740568068209e+00
4.032698101023232340e+00 1.608750030526749253e+00
4.082698101023233050e+00 1.486352895260130369e+00
4.132698101023230208e+00 1.313877715846637484e+00
4.182698101023234472e+00 1.205184948419527835e+00
4.232698101023231629e+00 1.123986568970434474e+00
4.282698101023232340e+00 1.080960564107641186e+00
4.332698101023233050e+00 1.020832650211793480e+00
4.382698101023230208e+00 1.005843497887330074e+00
4.432698101023234472e+00 9.298699086770492173e-01
4.482698101023231629e+00 9.218185925713374695e-01
4.532698101023232340e+00 8.850452055353206227e-01
4.582698101023233050e+00 8.748240311883530573e-01
4.632698101023230208e+00 8.504131259742269133e-01
4.682698101023234472e+00 8.391070225066314947e-01
4.732698101023231629e+00 8.212342427826045954e-01
4.782698101023235893e+00 8.360806412754063777e-01
4.832698101023233050e+00 8.255168577324512036e-01
4.882698101023230208e+00 8.467586278836908287e-01
4.932698101023234472e+00 8.675435857736135681e-01
4.982698101023231629e+00 8.370513673307049540e-01
5.032698101023235893e+00 8.975789919552051854e-01
5.082698101023233050e+00 9.593342995319947830e-01
5.132698101023230208e+00 9.650730035647893112e-01
5.182698101023234472e+00 9.880849212286322292e-01
5.232698101023231629e+00 1.043216451016325319e+00
5.282698101023235893e+00 1.060461113881041584e+00
5.332698101023233050e+00 1.072309681908950818e+00
5.382698101023230208e+00 1.090496520062633090e+00
5.432698101023234472e+00 1.138233401370257747e+00
5.482698101023231629e+00 1.115992354397387309e+00
5.532698101023235893e+00 1.128240633153948735e+00
5.582698101023233050e+00 1.117277138882341259e+00
5.632698101023230208e+00 1.121045840038206398e+00
5.682698101023234472e+00 1.099975374484960522e+00
5.732698101023231629e+00 1.124785990427739080e+00
5.782698101023235893e+00 1.134379047915395677e+00
5.832698101023233050e+00 1.093865510489845816e+00
5.882698101023230208e+00 1.131752377412822863e+00
5.932698101023234472e+00 1.103829727939822591e+00
5.982698101023231629e+00 1.118247864937639724e+00
6.032698101023235893e+00 1.139318330490885600e+00
6.082698101023233050e+00 1.100403635979945394e+00
6.132698101023230208e+00 1.077106210652778895e+00
6.182698101023234472e+00 1.082959117750903033e+00
6.232698101023231629e+00 1.051467622486363718e+00
6.282698101023235893e+00 1.052809508503982139e+00
6.332698101023233050e+00 1.010782780462819774e+00
6.382698101023230208e+00 1.002445956693784668e+00
6.432698101023234472e+00 9.662435849844140945e-01
6.482698101023231629e+00 9.920534777488234646e-01
6.532698101023235893e+00 9.481423991297286413e-01
6.582698101023233050e+00 9.270148320438181822e-01
6.632698101023230208e+00 9.002342132241101247e-01
6.682698101023234472e+00 8.975789919552051854e-01
6.732698101023231629e+00 8.768796863642795980e-01
6.782698101023235893e+00 9.301268655740401181e-01
6.832698101023233050e+00 8.569798022306583940e-01
6.882698101023230208e+00 9.045453789402890798e-01
6.932698101023234472e+00 9.125395935133362446e-01
6.982698101023231629e+00 8.832750580227171078e-01
7.032698101023235893e+00 9.137101749329610278e-01
7.082698101023233050e+00 9.038601605483136403e-01
7.132698101023230208e+00 9.090564000207943529e-01
7.182698101023234472e+00 9.237600446819347333e-01
7.232698101023231629e+00 9.678995294316882214e-01
7.282698101023235893e+00 9.898550687412356330e-01
7.332698101023233050e+00 1.019633518025836239e+00
7.382698101023230208e+00 1.047898776694824674e+00
7.432698101023234472e+00 1.022831203855055104e+00
7.482698101023231629e+00 1.070967795891332175e+00
7.532698101023235893e+00 1.095949716432104815e+00
7.582698101023233050e+00 1.106456398442395184e+00
7.632698101023230208e+00 1.137947893706934721e+00
7.682698101023234472e+00 1.123672510540778768e+00
7.732698101023231629e+00 1.095806962600443191e+00
7.782698101023235893e+00 1.129411214573573519e+00
7.832698101023233050e+00 1.133094263430441728e+00
7.882698101023230208e+00 1.173407945491665494e+00
7.932698101023234472e+00 1.119161489460273939e+00
7.982698101023231629e+00 1.069625909873713532e+00
8.032698101023235893e+00 1.081617231733284168e+00
8.082698101023233050e+00 1.110282201130924795e+00
8.132698101023230208e+00 1.071453158918981519e+00
8.182698101023234472e+00 1.067998516192771863e+00
8.232698101023231629e+00 1.067284747034464187e+00
8.282698101023235893e+00 1.034851076480958199e+00
8.332698101023233050e+00 1.046214281481218311e+00
8.382698101023230208e+00 1.026999615739572658e+00
8.432698101023234472e+00 9.954510189423686484e-01
8.482698101023231629e+00 1.009612199043195213e+00
8.532698101023235893e+00 1.034508467284970479e+00
8.582698101023233050e+00 9.712114183262361422e-01
8.632698101023230208e+00 9.952511635780423305e-01
8.682698101023234472e+00 9.748944671831043518e-01
8.732698101023231629e+00 9.835453493817947201e-01
8.782698101023235893e+00 9.542522631248433473e-01
8.832698101023233050e+00 9.855724537913888028e-01
8.882698101023230208e+00 1.013323798666395437e+00
8.932698101023234472e+00 9.979063848469472697e-01
8.982698101023231629e+00 9.784918637409755204e-01
9.032698101023235893e+00 9.871427459396659998e-01
9.082698101023233050e+00 9.967358034273225975e-01
9.132698101023230208e+00 9.871712967059982358e-01
9.182698101023234472e+00 9.712685198589008362e-01
9.232698101023231629e+00 1.017920472045897640e+00
9.282698101023235893e+00 9.929671022714574580e-01
9.332698101023233050e+00 1.058776618667435443e+00
9.382698101023230208e+00 1.026085991216938664e+00
9.432698101023234472e+00 1.016949745990598952e+00
9.482698101023231629e+00 1.032053101380391968e+00
9.532698101023235893e+00 1.067456051632458047e+00
9.582698101023233050e+00 1.016207426065959041e+00
9.632698101023230208e+00 1.064401119634900583e+00
9.682698101023234472e+00 1.049611822674763273e+00
9.732698101023231629e+00 1.065428947222863743e+00
9.782698101023235893e+00 1.059718793956401450e+00
9.832698101023233050e+00 1.084757816029838562e+00
9.882698101023230208e+00 1.071196202021990729e+00
9.932698101023234472e+00 1.041274998905728166e+00
9.982698101023231629e+00 1.108911764346973916e+00
1.003269810102323589e+01 1.089754200137992957e+00
1.008269810102323305e+01 1.078904908931714646e+00
1.013269810102323021e+01 1.064658076531891373e+00
1.018269810102323447e+01 1.004701467234037526e+00
1.023269810102323163e+01 1.064144162737909793e+00
1.028269810102323589e+01 1.021974680865085805e+00
1.033269810102323305e+01 1.009754952874856615e+00
1.038269810102323021e+01 1.036649774759893949e+00
1.043269810102323447e+01 9.714683752232268210e-01
1.048269810102323163e+01 9.820036079998497591e-01
1.053269810102323589e+01 1.001418129105821730e+00
1.058269810102323305e+01 9.670144556753863530e-01
1.063269810102323021e+01 9.611900993435950058e-01
1.068269810102323447e+01 1.028255849458194593e+00
1.073269810102323163e+01 9.904546348342141426e-01
1.078269810102323589e+01 9.855153522587243309e-01
1.083269810102323305e+01 9.903404317688847547e-01
1.088269810102323021e+01 9.737524365298120266e-01
1.093269810102323447e+01 9.602479240546285544e-01
1.098269810102323163e+01 1.017263804420254436e+00
1.103269810102323589e+01 9.667289480120633272e-01
1.108269810102323305e+01 9.517968972202645039e-01
1.113269810102323021e+01 9.515684910896059501e-01
1.118269810102323447e+01 1.001760738301809228e+00
1.123269810102323163e+01 1.014779887749343468e+00
1.128269810102323589e+01 1.010640026631158150e+00
1.133269810102323305e+01 1.023744828377689098e+00
1.138269810102323021e+01 1.046242832247550547e+00
1.143269810102323447e+01 1.025572077422956863e+00
1.148269810102323163e+01 1.017949022812229876e+00
1.153269810102323589e+01 1.026200194282267830e+00
1.158269810102323305e+01 1.041874564998706898e+00
1.163269810102323021e+01 1.023573523779695238e+00
1.168269810102323447e+01 1.004044799608394323e+00
1.173269810102323163e+01 1.014151770890032500e+00
1.178269810102323589e+01 1.040818186644411503e+00
1.183269810102323305e+01 1.044701090865605586e+00
1.188269810102323021e+01 1.011924811116112100e+00
1.193269810102323447e+01 1.003331030450086647e+00
1.198269810102323163e+01 1.029883243139136040e+00
1.203269810102323589e+01 1.048898053516455597e+00
1.208269810102323305e+01 1.010383069734167361e+00
1.213269810102323021e+01 1.009926257472850475e+00
1.218269810102323447e+01 1.029312227812489988e+00
1.223269810102323163e+01 1.039904562121777509e+00
1.228269810102323589e+01 9.890556472839306945e-01
1.233269810102323305e+01 1.005243931794351564e+00
1.238269810102323021e+01 9.979920371459443107e-01
1.243269810102323447e+01 1.009241039080875035e+00
1.248269810102323163e+01 1.031110926091425517e+00
1.253269810102323589e+01 1.003987698075729629e+00
1.258269810102323305e+01 9.787773714042988793e-01
1.263269810102323021e+01 1.017292355186586894e+00
1.268269810102323447e+01 9.820321587661822171e-01
1.273269810102323163e+01 1.030654113830108409e+00
1.278269810102323589e+01 1.003616538113409673e+00
1.283269810102323305e+01 9.650730035647893112e-01
1.288269810102323021e+01 9.799765035902557875e-01
1.293269810102323447e+01 9.526819709765661504e-01
1.298269810102323163e+01 1.031282230689419377e+00
1.303269810102323589e+01 9.972211664549718302e-01
1.308269810102323305e+01 9.928528992061281810e-01
1.313269810102323021e+01 1.011839158817115392e+00
1.318269810102323447e+01 9.907972440302017514e-01
1.323269810102323163e+01 1.008841328352222622e+00
1.328269810102323589e+01 1.018120327410223735e+00
1.333269810102323305e+01 9.820892602988468001e-01
1.338269810102323021e+01 9.981062402112734766e-01
1.343269810102323447e+01 1.033280784332681002e+00
1.348269810102323163e+01 1.055093569810567233e+00
1.353269810102323589e+01 1.017292355186586894e+00
1.358269810102323305e+01 1.037106587021210613e+00
1.363269810102323021e+01 1.045900223051563049e+00
1.368269810102323447e+01 1.015636410739312767e+00
1.373269810102323163e+01 1.031653390651739333e+00
1.378269810102323589e+01 1.040247171317765007e+00
1.383269810102323305e+01 1.031082375325093281e+00
1.388269810102323021e+01 1.026428600412926384e+00
1.393269810102323447e+01 1.005129728729022176e+00
1.398269810102323163e+01 1.026828311141578798e+00
1.403269810102323589e+01 1.029483532410483848e+00
1.408269810102323305e+01 9.893411549472540534e-01
1.413269810102323021e+01 1.020061779520820888e+00
1.418269810102323447e+01 1.006186107083317571e+00
1.423269810102323163e+01 1.025258018993301601e+00
1.428269810102323589e+01 9.845731769697579905e-01
1.433269810102323305e+01 9.519967525845907108e-01
1.438269810102323021e+01 9.984488494072611964e-01
1.443269810102323447e+01 9.783491099093140075e-01
1.448269810102323163e+01 9.834311463164655542e-01
1.453269810102323589e+01 9.760650486027291350e-01
1.458269810102323305e+01 1.048441241255138490e+00
1.463269810102323021e+01 1.033880350425659733e+00
1.468269810102323447e+01 1.011610752686456838e+00
1.473269810102323163e+01 1.068540980753085901e+00
1.478269810102323589e+01 1.057891544911133463e+00
1.483269810102323305e+01 9.778066453490001919e-01
1.488269810102323021e+01 1.017549312083577462e+00
1.493269810102323447e+01 1.020175982586150276e+00
1.498269810102323163e+01 1.022088883930414971e+00
1.503269810102323589e+01 1.055150671343231927e+00
1.508269810102323305e+01 1.023973234508347652e+00
1.513269810102323021e+01 1.062345464458974043e+00
1.518269810102323447e+01 1.008413066857237972e+00
1.523269810102323163e+01 1.035450642573936708e+00
1.528269810102323589e+01 1.005586540990339284e+00
1.533269810102323305e+01 1.031253679923087141e+00
1.538269810102323021e+01 9.945088436534023080e-01
1.543269810102323447e+01 1.003930596543065157e+00
1.548269810102323163e+01 1.021089607108784270e+00
1.553269810102323589e+01 1.028255849458194593e+00
1.558269810102323305e+01 1.002588710525446514e+00
1.563269810102323021e+01 1.003730741178738839e+00
1.568269810102323447e+01 1.018006124344894570e+00
1.573269810102323163e+01 9.696411261779590562e-01
1.578269810102323589e+01 1.029198024747160822e+00
1.583269810102323305e+01 1.013438001731724825e+00
1.588269810102323021e+01 1.014408727787023512e+00
1.593269810102323447e+01 1.022916856154052256e+00
1.598269810102323163e+01 1.054151394521600560e+00
1.603269810102323589e+01 1.018320182774550053e+00
1.608269810102323305e+01 1.029312227812489988e+00
1.613269810102323021e+01 1.024544249834993703e+00
1.618269810102323447e+01 9.687846031879897568e-01
1.623269810102323163e+01 1.004901322598363622e+00
1.628269810102323589e+01 1.022888305387719798e+00
1.633269810102323305e+01 1.010183214369841265e+00
1.638269810102323021e+01 1.033794698126662581e+00
1.643269810102323447e+01 1.009098285249213411e+00
1.648269810102323163e+01 1.027542080299886695e+00
1.653269810102323589e+01 9.977350802489535209e-01
1.658269810102323305e+01 1.036507020928232325e+00
1.663269810102323021e+01 1.048926604282787833e+00
1.668269810102323447e+01 1.019005401166525271e+00
1.673269810102323163e+01 1.036307165563906230e+00
1.678269810102323589e+01 1.058091400275459781e+00
1.683269810102323305e+01 1.027342224935560377e+00
1.688269810102323021e+01 9.712114183262361422e-01
1.693269810102323447e+01 1.015408004608654213e+00
1.698269810102323163e+01 1.039105140664472682e+00
1.703269810102323589e+01 1.053637480727619202e+00
1.708269810102323305e+01 1.017863370513232946e+00
1.713269810102323021e+01 1.015836266103638863e+00
1.718269810102323447e+01 1.014608583151349386e+00
1.723269810102323163e+01 1.027799037196877485e+00
1.728269810102323589e+01 1.024829757498317173e+00
1.733269810102323305e+01 1.017492210550912990e+00
1.738269810102323021e+01 9.641022775094907349e-01
1.743269810102323447e+01 1.030340055400452925e+00
1.748269810102323163e+01 1.022517145425399843e+00
1.753269810102323589e+01 9.774354853866801252e-01
1.758269810102323305e+01 9.749230179494368098e-01
1.763269810102323731e+01 1.020261634885147206e+00
1.768269810102323447e+01 9.472287746070946479e-01
1.773269810102323163e+01 9.754369317434183895e-01
1.778269810102322879e+01 9.729815658388395461e-01
1.783269810102323305e+01 9.682135878613435942e-01
1.788269810102323731e+01 9.716396798212207919e-01
1.793269810102323447e+01 9.395486184637029670e-01
1.798269810102323163e+01 9.801192574219174114e-01
1.803269810102322879e+01 1.001018418377169317e+00
1.808269810102323305e+01 9.658724250220940277e-01
1.813269810102323731e+01 9.971640649223072472e-01
1.818269810102323447e+01 9.986487047715874033e-01
1.823269810102323163e+01 9.604477794189547613e-01
1.828269810102322879e+01 9.900834748718939649e-01
1.833269810102323305e+01 9.796624451606004147e-01
1.838269810102323731e+01 1.000932766078172387e+00
1.843269810102323447e+01 9.657867727230970978e-01
1.848269810102323163e+01 9.921676808141528525e-01
1.853269810102322879e+01 9.962218896333410179e-01
1.858269810102323305e+01 9.803762143189082012e-01
1.863269810102323731e+01 9.943375390554083371e-01
1.868269810102323447e+01 1.040875288177076197e+00
1.873269810102323163e+01 9.944517421207376140e-01
1.878269810102322879e+01 1.009269589847207271e+00
1.883269810102323305e+01 1.020004677988156416e+00
1.888269810102323731e+01 1.052752406971317445e+00
1.893269810102323447e+01 1.018177428942888429e+00
1.898269810102323163e+01 1.048583995086800114e+00
1.903269810102322879e+01 1.036278614797573994e+00
1.908269810102323305e+01 1.008869879118554858e+00
1.913269810102323731e+01 1.064857931896217469e+00
1.918269810102323447e+01 1.038048762310177286e+00
1.923269810102323163e+01 1.029826141606471346e+00
1.928269810102322879e+01 1.071024897423996869e+00
1.933269810102323305e+01 1.042417029559020936e+00
1.938269810102323731e+01 1.063858655074586546e+00
1.943269810102323447e+01 1.027713384897880555e+00
1.948269810102323163e+01 1.046214281481218311e+00
1.953269810102322879e+01 1.029997446204465206e+00
1.958269810102323305e+01 1.075221860074846658e+00
1.963269810102323731e+01 1.026257295814932524e+00
1.968269810102323447e+01 1.092181015276239453e+00
1.973269810102323163e+01 1.044215727837956464e+00
1.978269810102322879e+01 1.042588334157014796e+00
1.983269810102323305e+01 1.003388131982751119e+00
1.988269810102323731e+01 9.968214557263195275e-01
1.993269810102323447e+01 1.009983359005514947e+00
1.998269810102323163e+01 9.959363819700177700e-01
2.003269810102322879e+01 1.011525100387459908e+00
2.008269810102323305e+01 1.006214657849650029e+00
2.013269810102323731e+01 9.792056328992833070e-01
2.018269810102323447e+01 9.924817392438081143e-01
2.023269810102323163e+01 1.023345117649036906e+00
2.028269810102322879e+01 1.003331030450086647e+00
2.033269810102323305e+01 1.036364267096570924e+00
2.038269810102323731e+01 1.014779887749343468e+00
2.043269810102323447e+01 1.026714108076249632e+00
2.048269810102323163e+01 9.402909383883429895e-01
2.053269810102322879e+01 9.477712391674085746e-01
2.058269810102323305e+01 9.785204145073078674e-01
2.063269810102323731e+01 9.952797143443747885e-01
2.068269810102323447e+01 1.002246101329458572e+00
2.073269810102323163e+01 9.793483867309449309e-01
2.078269810102322879e+01 1.003102624319427871e+00
2.083269810102323305e+01 9.727531597081811032e-01
2.088269810102323731e+01 9.925388407764729193e-01
2.093269810102323447e+01 9.616183608385795445e-01
2.098269810102323163e+01 1.021375114772107295e+00
2.103269810102322879e+01 1.007385239269274813e+00
2.108269810102323305e+01 9.921391300478203945e-01
2.113269810102323731e+01 1.008612922221564290e+00
2.118269810102323447e+01 9.933097114674451777e-01
2.123269810102323163e+01 1.029483532410483848e+00
2.128269810102322879e+01 1.025286569759633837e+00
2.133269810102323305e+01 1.032595565940705784e+00
2.138269810102323731e+01 9.927386961407990151e-01
2.143269810102323447e+01 1.003245378151089717e+00
2.148269810102323163e+01 9.959078312036855340e-01
2.153269810102322879e+01 9.941376836910821302e-01
2.158269810102323305e+01 1.015093946178998952e+00
2.163269810102323731e+01 9.875710074346505385e-01
2.168269810102323447e+01 1.000190446153532253e+00
2.173269810102323163e+01 1.023630625312359932e+00
2.178269810102322879e+01 9.789486760022926282e-01
2.183269810102323305e+01 9.979634863796118527e-01
2.188269810102323731e+01 9.915395639548419959e-01
2.193269810102323447e+01 1.015836266103638863e+00
2.198269810102323163e+01 9.861149183517027295e-01
2.203269810102322879e+01 1.004530162636043666e+00
2.208269810102323305e+01 1.004415959570714501e+00
2.213269810102323731e+01 9.906830409648725855e-01
2.218269810102323447e+01 1.013209595601066049e+00
2.223269810102323163e+01 1.043730364810307121e+00
2.228269810102322879e+01 9.955937727740300502e-01
2.233269810102323305e+01 1.028741212485843493e+00
2.238269810102323731e+01 1.039933112888109745e+00
2.243269810102323447e+01 1.067713008529448615e+00
2.248269810102323163e+01 1.009583648276862755e+00
2.253269810102322879e+01 1.034822525714625963e+00
2.258269810102323305e+01 1.021831927033424403e+00
2.263269810102323731e+01 1.017006847523263424e+00
2.268269810102323447e+01 1.053780234559280826e+00
2.273269810102323163e+01 1.064915033428882163e+00
2.278269810102322879e+01 1.035650497938263026e+00
2.283269810102323305e+01 1.014865540048340176e+00
2.288269810102323731e+01 1.036621223993561713e+00
2.293269810102323447e+01 1.017749167447903780e+00
2.298269810102323163e+01 1.010126112837176571e+00
2.303269810102322879e+01 1.022517145425399843e+00
2.308269810102323305e+01 1.035165134910613682e+00
2.313269810102323731e+01 1.038933836066478822e+00
2.318269810102323447e+01 1.007527993100936214e+00
2.323269810102323163e+01 1.071167651255658271e+00
2.328269810102322879e+01 1.025572077422956863e+00
2.333269810102323305e+01 1.040675432812749879e+00
2.338269810102323731e+01 1.003987698075729629e+00
2.343269810102323447e+01 1.046699644508867433e+00
2.348269810102323163e+01 1.008470168389902444e+00
2.353269810102322879e+01 1.024658452900323091e+00
2.358269810102323305e+01 1.045728918453568967e+00
2.363269810102323731e+01 1.042702537222343739e+00
2.368269810102323447e+01 9.835453493817947201e-01
2.373269810102323163e+01 1.005358134859680508e+00
2.378269810102322879e+01 9.857437583893826627e-01
2.383269810102323305e+01 9.985916032389228203e-01
2.388269810102323731e+01 9.987058063042520972e-01
2.393269810102323447e+01 9.949942066810515406e-01
2.398269810102323163e+01 1.014408727787023512e+00
2.403269810102323589e+01 9.678995294316882214e-01
2.408269810102323305e+01 9.684705447583342730e-01
2.413269810102323731e+01 9.995623292942213967e-01
2.418269810102323447e+01 9.776353407510063320e-01
2.423269810102323163e+01 1.001817839834473922e+00
2.428269810102323589e+01 9.778637468816647749e-01
2.433269810102323305e+01 9.850585399974071121e-01
2.438269810102323731e+01 9.763505562660522719e-01
2.443269810102323447e+01 9.404907937526690853e-01
2.448269810102323163e+01 9.986201540052551673e-01
2.453269810102323589e+01 9.670715572080511580e-01
2.458269810102323305e+01 9.927101453744667792e-01
2.463269810102323731e+01 1.012467275676426137e+00
2.468269810102323447e+01 9.760079470700644411e-01
2.473269810102323163e+01 9.987629078369166802e-01
2.478269810102323589e+01 9.908543455628664454e-01
2.483269810102323305e+01 9.996765323595506736e-01
2.488269810102323731e+01 1.035165134910613682e+00
2.493269810102323447e+01 1.029083821681831212e+00
2.498269810102323163e+01 1.019690619558500932e+00
2.503269810102323589e+01 1.017349456719251366e+00
2.508269810102323305e+01 1.003016972020431163e+00
2.513269810102323731e+01 1.062374015225306501e+00
2.518269810102323447e+01 1.055321975941225565e+00
2.523269810102323163e+01 1.082331000891592065e+00
2.528269810102323589e+01 1.007984805362253322e+00
2.533269810102323305e+01 1.004758568766701998e+00
2.538269810102323731e+01 1.042616884923346809e+00
2.543269810102323447e+01 1.042902392586670057e+00
2.548269810102323163e+01 1.052723856204985209e+00
2.553269810102323589e+01 1.045186453893255152e+00
2.558269810102323305e+01 1.049040807348116999e+00
2.563269810102323731e+01 1.063087784383614398e+00
2.568269810102323447e+01 1.021831927033424403e+00
2.573269810102323163e+01 1.031453535287413237e+00
2.578269810102323589e+01 1.024772655965652479e+00
2.583269810102323305e+01 1.002217550563126558e+00
2.588269810102323731e+01 9.863147737160289363e-01
2.593269810102323447e+01 9.672428618060449068e-01
2.598269810102323163e+01 1.015122496945331187e+00
2.603269810102323589e+01 1.008213211492911876e+00
2.608269810102323305e+01 9.674998187030358077e-01
2.613269810102323731e+01 9.777495438163354979e-01
2.618269810102323447e+01 9.616469116049118915e-01
2.623269810102323163e+01 9.686132985899958969e-01
2.628269810102323589e+01 9.694412708136329604e-01
2.633269810102323305e+01 9.738666395951411925e-01
2.638269810102323731e+01 9.568218320947513567e-01
2.643269810102323447e+01 9.324965791796219206e-01
2.648269810102323163e+01 9.915395639548419959e-01
2.653269810102323589e+01 1.000047692321870629e+00
2.658269810102323305e+01 9.988771109022459571e-01
2.663269810102323731e+01 9.341525236268960475e-01
2.668269810102323447e+01 9.715825782885562090e-01
2.673269810102323163e+01 1.004558713402375902e+00
2.678269810102323589e+01 1.030197301568791524e+00
2.683269810102323305e+01 1.025800483553615638e+00
2.688269810102323731e+01 1.065714454886186768e+00
2.693269810102323447e+01 1.094407975050159854e+00
2.698269810102323163e+01 1.106570601507724350e+00
2.703269810102323589e+01 1.075250410841178672e+00
2.708269810102323305e+01 1.090639273894294714e+00
2.713269810102323731e+01 1.154592990478672032e+00
2.718269810102323447e+01 1.109996693467601991e+00
2.723269810102323163e+01 1.109968142701269533e+00
2.728269810102323589e+01 1.107883936759010757e+00
2.733269810102323305e+01 1.114393511482777877e+00
2.738269810102323731e+01 1.110796114924906375e+00
2.743269810102323447e+01 1.079333170426699517e+00
2.748269810102323163e+01 1.083587234610214001e+00
2.753269810102323589e+01 1.071967072712962876e+00
2.758269810102323305e+01 1.075935629233154334e+00
2.763269810102323731e+01 1.034936728779955128e+00
2.768269810102323447e+01 1.012495826442758373e+00
2.773269810102323163e+01 1.001932042899803088e+00
2.778269810102323589e+01 9.990769662665721640e-01
2.783269810102323305e+01 1.037906008478515663e+00
2.788269810102323731e+01 9.973639202866334541e-01
2.793269810102323447e+01 9.746375102861135620e-01
2.798269810102323163e+01 9.855439030250565668e-01
2.803269810102323589e+01 9.353231050465207197e-01
2.808269810102323305e+01 9.341239728605638115e-01
2.813269810102323731e+01 9.558511060394527803e-01
2.818269810102323447e+01 9.273574412398060129e-01
2.823269810102323163e+01 9.154803224455643207e-01
2.828269810102323589e+01 9.189635159381062124e-01
2.833269810102323305e+01 9.490274728860302877e-01
2.838269810102323731e+01 9.564221213660989429e-01
2.843269810102323447e+01 9.407477506496598751e-01
2.848269810102323163e+01 9.486277621573779850e-01
2.853269810102323589e+01 9.732956242684951409e-01
2.858269810102323305e+01 9.858008599220473567e-01
2.863269810102323731e+01 9.582208196450346938e-01
2.868269810102323447e+01 9.198200389280757339e-01
2.873269810102323163e+01 9.932526099347804838e-01
2.878269810102323589e+01 1.005072627196357482e+00
2.883269810102323305e+01 1.010954085060813634e+00
2.888269810102323731e+01 1.036878180890552503e+00
2.893269810102323447e+01 1.014694235450346538e+00
2.898269810102323163e+01 9.725533043438548964e-01
2.903269810102323589e+01 1.059261981695084343e+00
2.908269810102323305e+01 9.944231913544053780e-01
2.913269810102323731e+01 1.045414860023913484e+00
2.918269810102323447e+01 1.021061056342451812e+00
2.923269810102323163e+01 1.029312227812489988e+00
2.928269810102323589e+01 1.065057787260543565e+00
2.933269810102323305e+01 1.041674709634380802e+00
2.938269810102323731e+01 1.053209219232634553e+00
2.943269810102323447e+01 1.060575316946370750e+00
2.948269810102323163e+01 1.101716971231231357e+00
2.953269810102323589e+01 1.133179915729438658e+00
2.958269810102323305e+01 1.107398573731361413e+00
2.963269810102323731e+01 1.119732504786919991e+00
2.968269810102323447e+01 1.063201987448943342e+00
2.973269810102323163e+01 1.103115958781514916e+00
2.978269810102323589e+01 1.088126806457051288e+00
2.983269810102323305e+01 1.068598082285750150e+00
2.988269810102323731e+01 1.019719170324833168e+00
2.993269810102323447e+01 1.012039014181441487e+00
2.998269810102323163e+01 9.499410974086641701e-01
3.003269810102323589e+01 9.132533626716441422e-01
3.008269810102323305e+01 9.280712103981137995e-01
3.013269810102323731e+01 8.838460733493634924e-01
3.018269810102323447e+01 8.345388998934615277e-01
3.023269810102323163e+01 8.544958855597472036e-01
3.028269810102323589e+01 8.633466231227637788e-01
3.033269810102323305e+01 8.783072246808949490e-01
3.038269810102323731e+01 8.285717897300086676e-01
3.043269810102323447e+01 8.496137045169218638e-01
3.048269810102323163e+01 8.351099152201079123e-01
3.053269810102323589e+01 8.727683760124266277e-01
3.058269810102323305e+01 9.116545197570347092e-01
3.063269810102323731e+01 9.541666108258463064e-01
3.068269810102323447e+01 9.654156127607770310e-01
3.073269810102323163e+01 1.016293078364955749e+00
3.078269810102323589e+01 1.065743005652519226e+00
3.083269810102323305e+01 1.084158249936860052e+00
3.088269810102323731e+01 1.189110866974436798e+00
3.093269810102323447e+01 1.251208783747214115e+00
3.098269810102323163e+01 1.350565450583657512e+00
3.103269810102323589e+01 1.524211211416775402e+00
3.108269810102323305e+01 1.647978783467345165e+00
3.113269810102323731e+01 1.727007304675183263e+00
3.118269810102323447e+01 1.833016300067055182e+00
3.123269810102323163e+01 1.944592694893727991e+00
3.128269810102323589e+01 1.913386707292511701e+00
3.133269810102323305e+01 1.940909646036860003e+00
3.138269810102323731e+01 1.817227726285286948e+00
3.143269810102323447e+01 1.803837416875433197e+00
3.148269810102323163e+01 1.690862034498476829e+00
3.153269810102323589e+01 1.545538633867011846e+00
3.158269810102323305e+01 1.409694087657874517e+00
3.163269810102323731e+01 1.163386626509024024e+00
3.168269810102323447e+01 9.710686644945745183e-01
3.173269810102323163e+01 7.762953365755463908e-01
3.178269810102323589e+01 5.934562289834243165e-01
3.183269810102323305e+01 4.646351712920354093e-01
3.188269810102323731e+01 3.544577640156457710e-01
3.193269810102323447e+01 3.037516030094607467e-01
3.198269810102323163e+01 2.654364745914989387e-01
3.203269810102323589e+01 2.414823816386896527e-01
3.208269810102323305e+01 2.469070272418288359e-01
3.213269810102323731e+01 2.514180483223339979e-01
3.218269810102323447e+01 2.787696824686883845e-01
3.223269810102323163e+01 2.953005761750965852e-01
3.228269810102323589e+01 3.118885714141695353e-01
3.233269810102323305e+01 3.285336681859070129e-01
3.238269810102323731e+01 3.479196385255464707e-01
3.243269810102323447e+01 3.469774632365801859e-01
3.248269810102323163e+01 3.733583713276358851e-01
3.253269810102323589e+01 3.885759297827578451e-01
3.258269810102323305e+01 4.413662967312016461e-01
3.263269810102323731e+01 5.598519770102937665e-01
3.268269810102323447e+01 7.698999649171087700e-01
3.273269810102323163e+01 1.094950439610473669e+00
3.278269810102323589e+01 1.570748960538442818e+00
3.283269810102323305e+01 2.247059513418234733e+00
3.288269810102323731e+01 2.894276835405401371e+00
3.293269810102323447e+01 3.545205757015768455e+00
3.298269810102323163e+01 3.761363608917698276e+00
3.303269810102323589e+01 3.463493463772693737e+00
3.308269810102323305e+01 2.825669343908856934e+00
3.313269810102323731e+01 1.892487546337259907e+00
3.318269810102323447e+01 1.132951509598780104e+00
3.323269810102323163e+01 5.605086446359370811e-01
3.328269810102323589e+01 2.390555665004432118e-01
3.333269810102323305e+01 1.014408727787023401e-01
3.338269810102323731e+01 4.562412459903358863e-02
3.343269810102323447e+01 2.098481325424886301e-02
3.348269810102323163e+01 1.284784484954012290e-02
3.353269810102323589e+01 8.936389862013460056e-03
3.358269810102323305e+01 4.225513417182084203e-03
3.363269810102323731e+01 2.740873567901892620e-03
3.368269810102323447e+01 1.170581419624766540e-03
3.373269810102323163e+01 4.568122613169821214e-04
3.378269810102323589e+01 2.855076633231138259e-05
3.383269810102323305e+01 0.000000000000000000e+00
3.388269810102323731e+01 0.000000000000000000e+00
3.393269810102323447e+01 0.000000000000000000e+00
3.398269810102323163e+01 0.000000000000000000e+00
3.403269810102323589e+01 0.000000000000000000e+00
3.408269810102323305e+01 0.000000000000000000e+00
3.413269810102323731e+01 0.000000000000000000e+00
3.418269810102323447e+01 0.000000000000000000e+00
3.423269810102323163e+01 0.000000000000000000e+00
3.428269810102323589e+01 0.000000000000000000e+00
3.433269810102323305e+01 0.000000000000000000e+00
3.438269810102323731e+01 0.000000000000000000e+00
3.443269810102323447e+01 0.000000000000000000e+00
3.448269810102323163e+01 0.000000000000000000e+00
3.453269810102323589e+01 0.000000000000000000e+00
3.458269810102323305e+01 0.000000000000000000e+00
3.463269810102323731e+01 0.000000000000000000e+00
3.468269810102323447e+01 0.000000000000000000e+00
3.473269810102323163e+01 0.000000000000000000e+00
3.478269810102323589e+01 0.000000000000000000e+00
3.483269810102323305e+01 0.000000000000000000e+00
3.488269810102323731e+01 0.000000000000000000e+00
3.493269810102323447e+01 0.000000000000000000e+00
3.498269810102323163e+01 0.000000000000000000e+00
3.503269810102323589e+01 0.000000000000000000e+00
3.508269810102323305e+01 0.000000000000000000e+00
3.513269810102323731e+01 0.000000000000000000e+00
3.518269810102323447e+01 0.000000000000000000e+00
3.523269810102323163e+01 0.000000000000000000e+00
3.528269810102323589e+01 0.000000000000000000e+00
3.533269810102323305e+01 0.000000000000000000e+00
3.538269810102323731e+01 0.000000000000000000e+00
3.543269810102323447e+01 0.000000000000000000e+00
3.548269810102323163e+01 0.000000000000000000e+00
3.553269810102323589e+01 0.000000000000000000e+00
