-1.153061974998699135e+01 3.703374785850387790e-02
-1.148061974998699242e+01 5.363508310541940938e-02
-1.143061974998699171e+01 7.113033640409192893e-02
-1.138061974998699100e+01 8.402829686515708718e-02
-1.133061974998699206e+01 9.861831649561939028e-02
-1.128061974998699135e+01 1.065039507379042655e-01
-1.123061974998699242e+01 1.063123968696706168e-01
-1.118061974998699171e+01 1.018428066108856556e-01
-1.113061974998699100e+01 9.759669586503996741e-02
-1.108061974998699206e+01 7.981411176401698171e-02
-1.103061974998699135e+01 6.570297680413877961e-02
-1.098061974998699242e+01 4.814387221605504613e-02
-1.093061974998699171e+01 3.546939126792914704e-02
-1.088061974998699100e+01 2.461467206802283800e-02
-1.083061974998699206e+01 1.449424269634548394e-02
-1.078061974998699135e+01 9.609619056387644354e-03
-1.073061974998699242e+01 4.501515903490557746e-03
-1.068061974998699171e+01 3.447969628205533547e-03
-1.063061974998699100e+01 2.043241261158834469e-03
-1.058061974998699206e+01 8.939180517569903514e-04
-1.053061974998699135e+01 5.108103152897086174e-04
-1.048061974998699242e+01 2.873308023504611650e-04
-1.043061974998699171e+01 1.277025788224271543e-04
-1.038061974998699100e+01 6.385128941121357717e-05
-1.033061974998699206e+01 6.385128941121357717e-05
-1.028061974998699135e+01 0.000000000000000000e+00
-1.023061974998699242e+01 0.000000000000000000e+00
-1.018061974998699171e+01 0.000000000000000000e+00
-1.013061974998699100e+01 0.000000000000000000e+00
-1.008061974998699206e+01 0.000000000000000000e+00
-1.003061974998699135e+01 0.000000000000000000e+00
-9.980619749986992417e+00 0.000000000000000000e+00
-9.930619749986991707e+00 0.000000000000000000e+00
-9.880619749986990996e+00 0.000000000000000000e+00
-9.830619749986992062e+00 0.000000000000000000e+00
-9.780619749986991351e+00 0.000000000000000000e+00
-9.730619749986992417e+00 0.000000000000000000e+00
-9.680619749986991707e+00 0.000000000000000000e+00
-9.630619749986990996e+00 0.000000000000000000e+00
-9.580619749986992062e+00 0.000000000000000000e+00
-9.530619749986991351e+00 0.000000000000000000e+00
-9.480619749986992417e+00 0.000000000000000000e+00
-9.430619749986991707e+00 0.000000000000000000e+00
-9.380619749986990996e+00 0.000000000000000000e+00
-9.330619749986992062e+00 0.000000000000000000e+00
-9.280619749986991351e+00 0.000000000000000000e+00
-9.230619749986992417e+00 0.000000000000000000e+00
-9.180619749986991707e+00 0.000000000000000000e+00
-9.130619749986990996e+00 0.000000000000000000e+00
-9.080619749986992062e+00 0.000000000000000000e+00
-9.030619749986991351e+00 0.000000000000000000e+00
-8.980619749986992417e+00 0.000000000000000000e+00
-8.930619749986991707e+00 0.000000000000000000e+00
-8.880619749986990996e+00 0.000000000000000000e+00
-8.830619749986992062e+00 0.000000000000000000e+00
-8.780619749986991351e+00 0.000000000000000000e+00
-8.730619749986992417e+00 0.000000000000000000e+00
-8.680619749986991707e+00 0.000000000000000000e+00
-8.630619749986990996e+00 0.000000000000000000e+00
-8.580619749986992062e+00 0.000000000000000000e+00
-8.530619749986991351e+00 0.000000000000000000e+00
-8.480619749986992417e+00 0.000000000000000000e+00
-8.430619749986991707e+00 0.000000000000000000e+00
-8.380619749986990996e+00 0.000000000000000000e+00
-8.330619749986992062e+00 0.000000000000000000e+00
-8.280619749986991351e+00 0.000000000000000000e+00
-8.230619749986992417e+00 0.000000000000000000e+00
-8.180619749986991707e+00 0.000000000000000000e+00
-8.130619749986990996e+00 0.000000000000000000e+00
-8.080619749986992062e+00 0.000000000000000000e+00
-8.030619749986991351e+00 0.000000000000000000e+00
-7.980619749986991529e+00 0.000000000000000000e+00
-7.930619749986991707e+00 0.000000000000000000e+00
-7.880619749986990996e+00 0.000000000000000000e+00
-7.830619749986992062e+00 0.000000000000000000e+00
-7.780619749986991351e+00 0.000000000000000000e+00
-7.730619749986991529e+00 0.000000000000000000e+00
-7.680619749986991707e+00 0.000000000000000000e+00
-7.630619749986990996e+00 0.000000000000000000e+00
-7.580619749986992062e+00 0.000000000000000000e+00
-7.530619749986991351e+00 0.000000000000000000e+00
-7.480619749986991529e+00 0.000000000000000000e+00
-7.430619749986991707e+00 0.000000000000000000e+00
-7.380619749986990996e+00 0.000000000000000000e+00
-7.330619749986992062e+00 0.000000000000000000e+00
-7.280619749986991351e+00 0.000000000000000000e+00
-7.230619749986991529e+00 0.000000000000000000e+00
-7.180619749986991707e+00 0.000000000000000000e+00
-7.130619749986990996e+00 0.000000000000000000e+00
-7.080619749986992062e+00 0.000000000000000000e+00
-7.030619749986991351e+00 0.000000000000000000e+00
-6.980619749986991529e+00 0.000000000000000000e+00
-6.930619749986991707e+00 0.000000000000000000e+00
-6.880619749986990996e+00 0.000000000000000000e+00
-6.830619749986992062e+00 0.000000000000000000e+00
-6.780619749986991351e+00 0.000000000000000000e+00
-6.730619749986990641e+00 0.000000000000000000e+00
-6.680619749986991707e+00 0.000000000000000000e+00
-6.630619749986990996e+00 0.000000000000000000e+00
-6.580619749986992062e+00 0.000000000000000000e+00
-6.530619749986991351e+00 0.000000000000000000e+00
-6.480619749986990641e+00 0.000000000000000000e+00
-6.430619749986991707e+00 0.000000000000000000e+00
-6.380619749986990996e+00 0.000000000000000000e+00
-6.330619749986992062e+00 0.000000000000000000e+00
-6.280619749986991351e+00 0.000000000000000000e+00
-6.230619749986990641e+00 0.000000000000000000e+00
-6.180619749986991707e+00 0.000000000000000000e+00
-6.130619749986990996e+00 0.000000000000000000e+00
-6.080619749986992062e+00 0.000000000000000000e+00
-6.030619749986991351e+00 0.000000000000000000e+00
-5.980619749986990641e+00 0.000000000000000000e+00
-5.930619749986991707e+00 0.000000000000000000e+00
-5.880619749986990996e+00 0.000000000000000000e+00
-5.830619749986992062e+00 0.000000000000000000e+00
-5.780619749986991351e+00 0.000000000000000000e+00
-5.730619749986990641e+00 0.000000000000000000e+00
-5.680619749986991707e+00 0.000000000000000000e+00
-5.630619749986990996e+00 0.000000000000000000e+00
-5.580619749986992062e+00 0.000000000000000000e+00
-5.530619749986991351e+00 0.000000000000000000e+00
-5.480619749986990641e+00 0.000000000000000000e+00
-5.430619749986991707e+00 0.000000000000000000e+00
-5.380619749986990996e+00 0.000000000000000000e+00
-5.330619749986992062e+00 0.000000000000000000e+00
-5.280619749986991351e+00 0.000000000000000000e+00
-5.230619749986990641e+00 0.000000000000000000e+00
-5.180619749986991707e+00 0.000000000000000000e+00
-5.130619749986990996e+00 0.000000000000000000e+00
-5.080619749986992062e+00 0.000000000000000000e+00
-5.030619749986991351e+00 0.000000000000000000e+00
-4.980619749986990641e+00 0.000000000000000000e+00
-4.930619749986991707e+00 0.000000000000000000e+00
-4.880619749986990996e+00 0.000000000000000000e+00
-4.830619749986992062e+00 0.000000000000000000e+00
-4.780619749986991351e+00 0.000000000000000000e+00
-4.730619749986990641e+00 0.000000000000000000e+00
-4.680619749986991707e+00 0.000000000000000000e+00
-4.630619749986990996e+00 0.000000000000000000e+00
-4.580619749986992062e+00 0.000000000000000000e+00
-4.530619749986991351e+00 0.000000000000000000e+00
-4.480619749986990641e+00 0.000000000000000000e+00
-4.430619749986991707e+00 0.000000000000000000e+00
-4.380619749986990996e+00 0.000000000000000000e+00
-4.330619749986992062e+00 0.000000000000000000e+00
-4.280619749986991351e+00 0.000000000000000000e+00
-4.230619749986990641e+00 0.000000000000000000e+00
-4.180619749986991707e+00 0.000000000000000000e+00
-4.130619749986990996e+00 0.000000000000000000e+00
-4.080619749986992062e+00 0.000000000000000000e+00
-4.030619749986991351e+00 0.000000000000000000e+00
-3.980619749986990641e+00 0.000000000000000000e+00
-3.930619749986991707e+00 0.000000000000000000e+00
-3.880619749986990996e+00 0.000000000000000000e+00
-3.830619749986992062e+00 0.000000000000000000e+00
-3.780619749986991351e+00 0.000000000000000000e+00
-3.730619749986990641e+00 0.000000000000000000e+00
-3.680619749986991707e+00 0.000000000000000000e+00
-3.630619749986990996e+00 0.000000000000000000e+00
-3.580619749986992062e+00 0.000000000000000000e+00
-3.530619749986991351e+00 0.000000000000000000e+00
-3.480619749986992417e+00 0.000000000000000000e+00
-3.430619749986991707e+00 0.000000000000000000e+00
-3.380619749986990996e+00 0.000000000000000000e+00
-3.330619749986990286e+00 0.000000000000000000e+00
-3.280619749986991351e+00 0.000000000000000000e+00
-3.230619749986992417e+00 0.000000000000000000e+00
-3.180619749986991707e+00 0.000000000000000000e+00
-3.130619749986990996e+00 0.000000000000000000e+00
-3.080619749986990286e+00 0.000000000000000000e+00
-3.030619749986991351e+00 0.000000000000000000e+00
-2.980619749986992417e+00 0.000000000000000000e+00
-2.930619749986991707e+00 0.000000000000000000e+00
-2.880619749986990996e+00 0.000000000000000000e+00
-2.830619749986990286e+00 0.000000000000000000e+00
-2.780619749986991351e+00 0.000000000000000000e+00
-2.730619749986992417e+00 0.000000000000000000e+00
-2.680619749986991707e+00 0.000000000000000000e+00
-2.630619749986990996e+00 0.000000000000000000e+00
-2.580619749986990286e+00 0.000000000000000000e+00
-2.530619749986991351e+00 0.000000000000000000e+00
-2.480619749986992417e+00 0.000000000000000000e+00
-2.430619749986991707e+00 0.000000000000000000e+00
-2.380619749986990996e+00 0.000000000000000000e+00
-2.330619749986990286e+00 0.000000000000000000e+00
-2.280619749986991351e+00 0.000000000000000000e+00
-2.230619749986992417e+00 0.000000000000000000e+00
-2.180619749986991707e+00 0.000000000000000000e+00
-2.130619749986990996e+00 0.000000000000000000e+00
-2.080619749986990286e+00 0.000000000000000000e+00
-2.030619749986991351e+00 0.000000000000000000e+00
-1.980619749986990641e+00 0.000000000000000000e+00
-1.930619749986991707e+00 0.000000000000000000e+00
-1.880619749986990996e+00 0.000000000000000000e+00
-1.830619749986990286e+00 0.000000000000000000e+00
-1.780619749986991351e+00 0.000000000000000000e+00
-1.730619749986990641e+00 0.000000000000000000e+00
-1.680619749986991707e+00 0.000000000000000000e+00
-1.630619749986990996e+00 0.000000000000000000e+00
-1.580619749986990286e+00 0.000000000000000000e+00
-1.530619749986991351e+00 0.000000000000000000e+00
-1.480619749986990641e+00 0.000000000000000000e+00
-1.430619749986991707e+00 0.000000000000000000e+00
-1.380619749986990996e+00 0.000000000000000000e+00
-1.330619749986990286e+00 0.000000000000000000e+00
-1.280619749986991351e+00 0.000000000000000000e+00
-1.230619749986990641e+00 0.000000000000000000e+00
-1.180619749986991707e+00 0.000000000000000000e+00
-1.130619749986990996e+00 0.000000000000000000e+00
-1.080619749986990286e+00 0.000000000000000000e+00
-1.030619749986991351e+00 0.000000000000000000e+00
-9.806197499869906409e-01 0.000000000000000000e+00
-9.306197499869917067e-01 0.000000000000000000e+00
-8.806197499869909961e-01 0.000000000000000000e+00
-8.306197499869902856e-01 0.000000000000000000e+00
-7.806197499869913514e-01 0.000000000000000000e+00
-7.306197499869906409e-01 0.000000000000000000e+00
-6.806197499869917067e-01 0.000000000000000000e+00
-6.306197499869909961e-01 0.000000000000000000e+00
-5.806197499869902856e-01 0.000000000000000000e+00
-5.306197499869913514e-01 0.000000000000000000e+00
-4.806197499869906409e-01 0.000000000000000000e+00
-4.306197499869917067e-01 0.000000000000000000e+00
-3.806197499869909961e-01 0.000000000000000000e+00
-3.306197499869902856e-01 3.192564470560678859e-05
-2.806197499869913514e-01 3.192564470560678859e-05
-2.306197499869906409e-01 0.000000000000000000e+00
-1.806197499869917067e-01 3.192564470560679672e-04
-1.306197499869909961e-01 2.554051576448543087e-04
-8.061974998699028561e-02 8.300667623457766387e-04
-3.061974998699135142e-02 1.500505301163519538e-03
1.938025001300935912e-02 2.522125931742936773e-03
6.938025001300829331e-02 5.203880087013907502e-03
1.193802500130090039e-01 9.354213898742790370e-03
1.693802500130097144e-01 1.567549155045293643e-02
2.193802500130086486e-01 2.279491031980325488e-02
2.693802500130093591e-01 3.795959155496646947e-02
3.193802500130082933e-01 5.395433955247548596e-02
3.693802500130090039e-01 6.982138497116205378e-02
4.193802500130097144e-01 8.837018454511959276e-02
4.693802500130086486e-01 1.030240554649931167e-01
5.193802500130093591e-01 1.163689749519367378e-01
5.693802500130082933e-01 1.216367063283618766e-01
6.193802500130090039e-01 1.180929597660395347e-01
6.693802500130097144e-01 1.097603664978761551e-01
7.193802500130086486e-01 9.919297810032029483e-02
7.693802500130093591e-01 8.262356849811039461e-02
8.193802500130082933e-01 6.911902078763870749e-02
8.693802500130090039e-01 5.088947766073722428e-02
9.193802500130097144e-01 3.483087837381700774e-02
9.693802500130086486e-01 2.407193610802752307e-02
1.019380250013009359e+00 1.570741719515854340e-02
1.069380250013008293e+00 1.047161146343902893e-02
1.119380250013009004e+00 6.033946849359684249e-03
1.169380250013009714e+00 4.182259456434489833e-03
1.219380250013008649e+00 3.128713181149465200e-03
1.269380250013009359e+00 2.937159312915825146e-03
1.319380250013008293e+00 3.416043983499926582e-03
1.369380250013009004e+00 6.448980230532573056e-03
1.419380250013009714e+00 9.418065188154004300e-03
1.469380250013008649e+00 2.346534885862099420e-02
1.519380250013009359e+00 4.792039270311579391e-02
1.569380250013008293e+00 1.010446654932455057e-01
1.619380250013009004e+00 1.814015132172577816e-01
1.669380250013009714e+00 3.469679066605346196e-01
1.719380250013008649e+00 6.345541141686406039e-01
1.769380250013009359e+00 1.019864720120608803e+00
1.819380250013008293e+00 1.650045020964581388e+00
1.869380250013009004e+00 2.364604800765472969e+00
1.919380250013009714e+00 3.137077700062334884e+00
1.969380250013008649e+00 3.879125459954753108e+00
2.019380250013009359e+00 4.550170586021903496e+00
2.069380250013008293e+00 4.803628279339714702e+00
2.119380250013009004e+00 4.644159684035209068e+00
2.169380250013009714e+00 4.203266530650779487e+00
2.219380250013008649e+00 3.494964177212187106e+00
2.269380250013009359e+00 2.696439951835550186e+00
2.319380250013008293e+00 1.903087680901220935e+00
2.369380250013009004e+00 1.353072673913027213e+00
2.419380250013009714e+00 8.491263722350239629e-01
2.469380250013008649e+00 5.579644925198898875e-01
2.519380250013009359e+00 3.913126271566224612e-01
2.569380250013008293e+00 3.379329492088478659e-01
2.619380250013009004e+00 3.008034244162272053e-01
2.669380250013009714e+00 3.005799449032879878e-01
2.719380250013008649e+00 3.091679433290961954e-01
2.769380250013009359e+00 3.094552741314466338e-01
2.819380250013008293e+00 3.076674380279326715e-01
2.869380250013009004e+00 3.176601648207876272e-01
2.919380250013009714e+00 3.401677443382403743e-01
2.969380250013008649e+00 3.655486318791977829e-01
3.019380250013009359e+00 4.052322082482670562e-01
3.069380250013008293e+00 5.178978084143532890e-01
3.119380250013009004e+00 6.350329988392245939e-01
3.169380250013009714e+00 8.276723389928561936e-01
3.219380250013008649e+00 1.024877046339389253e+00
3.269380250013009359e+00 1.294425264588827673e+00
3.319380250013008293e+00 1.545680088421952814e+00
3.369380250013009004e+00 1.752526340469579669e+00
3.419380250013009714e+00 2.019999391813152911e+00
3.469380250013008649e+00 2.102335629508913062e+00
3.519380250013009359e+00 2.165356852157780843e+00
3.569380250013008293e+00 2.196643983969275293e+00
3.619380250013009004e+00 2.007803795535611169e+00
3.669380250013009714e+00 1.919210131477552483e+00
3.719380250013008649e+00 1.670637061799697953e+00
3.769380250013009359e+00 1.502708170648206165e+00
3.819380250013008293e+00 1.343973865171929072e+00
3.869380250013009004e+00 1.146577603957162239e+00
3.919380250013009714e+00 1.003263384873693598e+00
3.969380250013008649e+00 9.417107418812836750e-01
4.019380250013009359e+00 8.383355043245287463e-01
4.069380250013008293e+00 8.174561326870620759e-01
4.119380250013009004e+00 8.259483541787532301e-01
4.169380250013009714e+00 7.759208689250675084e-01
4.219380250013008649e+00 7.950443301037258825e-01
4.269380250013009359e+00 8.316311189363513323e-01
4.319380250013008293e+00 8.294282494516646009e-01
4.369380250013009004e+00 8.857450867123548566e-01
4.419380250013009714e+00 8.568523782537806888e-01
4.469380250013006872e+00 8.958335904393265325e-01
4.519380250013011135e+00 9.605149466128859448e-01
4.569380250013008293e+00 9.687517629469324376e-01
4.619380250013009004e+00 1.005593956937202771e+00
4.669380250013009714e+00 9.994961587984318996e-01
4.719380250013006872e+00 9.763181407421612779e-01
4.769380250013011135e+00 9.189796828508913773e-01
4.819380250013008293e+00 9.119879666603636359e-01
4.869380250013009004e+00 8.662704434419348232e-01
4.919380250013009714e+00 8.966317315569667379e-01
4.969380250013006872e+00 8.257568003105196786e-01
5.019380250013011135e+00 8.262676106258094455e-01
5.069380250013008293e+00 7.798157975791515373e-01
5.119380250013009004e+00 7.786026230803383408e-01
5.169380250013009714e+00 7.623524699251846837e-01
5.219380250013006872e+00 7.618097339651894728e-01
5.269380250013011135e+00 7.839342057461748947e-01
5.319380250013008293e+00 7.450806961394512706e-01
5.369380250013009004e+00 7.761762740827122808e-01
5.419380250013009714e+00 7.896808217931839957e-01
5.469380250013006872e+00 7.831679902732402443e-01
5.519380250013011135e+00 8.346959808280897120e-01
5.569380250013008293e+00 8.247671053246459216e-01
5.619380250013009004e+00 9.074864507568731753e-01
5.669380250013009714e+00 9.614088646646429259e-01
5.719380250013006872e+00 9.903015731232169827e-01
5.769380250013011135e+00 9.925363682526094911e-01
5.819380250013008293e+00 1.052588505943856001e+00
5.869380250013009004e+00 1.059899478581439958e+00
5.919380250013009714e+00 1.054791375428542954e+00
5.969380250013006872e+00 1.129018499369078610e+00
6.019380250013011135e+00 1.143416965131307306e+00
6.069380250013008293e+00 1.158932828458232089e+00
6.119380250013009004e+00 1.137957679886648421e+00
6.169380250013009714e+00 1.135754810401961468e+00
6.219380250013006872e+00 1.170968796512245946e+00
6.269380250013011135e+00 1.176428081756904831e+00
6.319380250013008293e+00 1.175023353389857750e+00
6.369380250013009004e+00 1.173075889062815902e+00
6.419380250013009714e+00 1.200531943509637767e+00
6.469380250013006872e+00 1.190411514137960314e+00
6.519380250013011135e+00 1.128060730027910408e+00
6.569380250013008293e+00 1.153569320147690425e+00
6.619380250013009004e+00 1.157081141065306795e+00
6.669380250013009714e+00 1.145396355103054820e+00
6.719380250013006872e+00 1.095943531454069975e+00
6.769380250013011135e+00 1.042723481729823432e+00
6.819380250013008293e+00 1.074234093054257322e+00
6.869380250013009004e+00 1.052301175141505452e+00
6.919380250013009714e+00 1.047735807948603881e+00
6.969380250013006872e+00 1.065199135602570513e+00
7.019380250013011135e+00 1.056259955085000701e+00
7.069380250013008293e+00 9.994642331537262336e-01
7.119380250013009004e+00 1.009425034301875579e+00
7.169380250013009714e+00 1.050034454367407388e+00
7.219380250013006872e+00 9.836610390244509006e-01
7.269380250013011135e+00 9.937495427514225765e-01
7.319380250013008293e+00 9.500433351494469436e-01
7.369380250013009004e+00 9.444563473259658393e-01
7.419380250013009714e+00 9.445840499047883920e-01
7.469380250013006872e+00 9.517992456082553510e-01
7.519380250013011135e+00 9.517353943188440191e-01
7.569380250013008293e+00 9.472338784153534474e-01
7.619380250013012557e+00 9.351021334272229257e-01
7.669380250013009714e+00 9.137438771191719322e-01
7.719380250013006872e+00 8.962486238204996347e-01
7.769380250013011135e+00 9.179580622203120654e-01
7.819380250013008293e+00 9.340485871519379479e-01
7.869380250013012557e+00 9.569712000505635752e-01
7.919380250013009714e+00 9.545129254082319603e-01
7.969380250013006872e+00 9.345593974672277149e-01
8.019380250013011135e+00 9.406571956059985862e-01
8.069380250013008293e+00 9.797980360150725376e-01
8.119380250013012557e+00 9.653357189634326208e-01
8.169380250013009714e+00 9.364110848601527870e-01
8.219380250013006872e+00 9.374965567801434307e-01
8.269380250013011135e+00 9.490217145188675207e-01
8.319380250013008293e+00 9.333142973237089635e-01
8.369380250013012557e+00 9.820966824338761558e-01
8.419380250013009714e+00 9.839802954715070049e-01
8.469380250013006872e+00 9.754561483351099627e-01
8.519380250013011135e+00 9.392843928836573930e-01
8.569380250013008293e+00 9.308240970366716827e-01
8.619380250013012557e+00 9.861512393114881814e-01
8.669380250013009714e+00 9.286212275519847292e-01
8.719380250013006872e+00 9.525335354364843354e-01
8.769380250013011135e+00 9.435624292742088581e-01
8.819380250013008293e+00 9.818732029209369383e-01
8.869380250013012557e+00 9.584717053517270990e-01
8.919380250013009714e+00 9.379115901613164219e-01
8.969380250013006872e+00 9.687836885916381036e-01
9.019380250013011135e+00 9.327715613637137526e-01
9.069380250013008293e+00 9.646652804246148571e-01
9.119380250013012557e+00 9.399229057777696017e-01
9.169380250013009714e+00 9.391886159495405062e-01
9.219380250013006872e+00 9.520546507659002344e-01
9.269380250013011135e+00 9.889606960455815665e-01
9.319380250013008293e+00 9.998154152454878929e-01
9.369380250013012557e+00 9.667723729751849238e-01
9.419380250013009714e+00 9.648887599375541857e-01
9.469380250013006872e+00 9.946434608031795577e-01
9.519380250013011135e+00 9.833417825773947962e-01
9.569380250013008293e+00 1.005274700490146778e+00
9.619380250013012557e+00 9.838206672479788972e-01
9.669380250013009714e+00 9.510968814247320324e-01
9.719380250013006872e+00 9.874921163891237086e-01
9.769380250013011135e+00 1.038924330009856289e+00
9.819380250013008293e+00 9.671874063563578039e-01
9.869380250013012557e+00 9.959524122361095300e-01
9.919380250013009714e+00 1.038636999207505962e+00
9.969380250013006872e+00 1.007286016106600179e+00
1.001938025001301114e+01 1.021461002355889436e+00
1.006938025001300829e+01 1.034518591040482605e+00
1.011938025001301256e+01 1.019034653358263265e+00
1.016938025001300971e+01 1.024589715537038703e+00
1.021938025001300687e+01 9.871090086526563834e-01
1.026938025001301114e+01 1.029953223847580812e+00
1.031938025001300829e+01 1.049300164539178404e+00
1.036938025001301256e+01 9.730297993374839027e-01
1.041938025001300971e+01 1.014948170835945573e+00
1.046938025001300687e+01 1.015267427283001789e+00
1.051938025001301114e+01 1.015937865821819219e+00
1.056938025001300829e+01 9.967824789984552902e-01
1.061938025001301256e+01 1.000326225560777660e+00
1.066938025001300971e+01 9.854808007726705288e-01
1.071938025001300687e+01 9.987299433254971381e-01
1.076938025001301114e+01 9.698053092222176375e-01
1.081938025001300829e+01 9.544490741188206284e-01
1.086938025001301256e+01 9.150528285521019045e-01
1.091938025001300971e+01 9.522781302788392299e-01
1.096938025001300687e+01 9.230661653732092908e-01
1.101938025001301114e+01 9.269291683825876538e-01
1.106938025001300829e+01 9.274399786978773097e-01
1.111938025001301256e+01 9.325161562060688691e-01
1.116938025001300971e+01 9.467230681000637915e-01
1.121938025001300687e+01 8.988665266863592462e-01
1.126938025001301114e+01 9.173834006156112997e-01
1.131938025001300829e+01 9.505541454647368216e-01
1.136938025001301256e+01 9.619196749799328039e-01
1.141938025001300971e+01 9.504583685306198237e-01
1.146938025001300687e+01 9.360599027683911277e-01
1.151938025001301114e+01 9.501710377282694964e-01
1.156938025001300829e+01 9.890564729796985644e-01
1.161938025001301256e+01 9.738598660998296630e-01
1.166938025001300971e+01 9.815858721185864999e-01
1.171938025001300687e+01 9.666446703963624820e-01
1.176938025001301114e+01 9.369857464648536638e-01
1.181938025001300829e+01 9.983787612337357009e-01
1.186938025001301256e+01 1.000805110231361761e+00
1.191938025001300971e+01 9.731255762716006785e-01
1.196938025001300687e+01 9.817455003421144966e-01
1.201938025001301114e+01 9.712738888786754954e-01
1.206938025001300829e+01 9.730297993374839027e-01
1.211938025001301256e+01 9.885456626644086864e-01
1.216938025001300971e+01 9.661657857257782700e-01
1.221938025001300687e+01 1.056962319268524020e+00
1.226938025001301114e+01 1.004636187596034569e+00
1.231938025001300829e+01 9.727105428904276874e-01
1.236938025001301256e+01 9.827032696832826986e-01
1.241938025001300971e+01 9.734129070739511169e-01
1.246938025001300687e+01 9.773397613727408118e-01
1.251938025001301114e+01 9.559815050646898182e-01
1.256938025001300829e+01 9.774036126621519216e-01
1.261938025001301256e+01 9.647291317140260780e-01
1.266938025001300971e+01 9.927598477655487086e-01
1.271938025001300687e+01 9.834375595115116830e-01
1.276938025001301114e+01 1.002912202781931716e+00
1.281938025001300829e+01 9.183411699567795017e-01
1.286938025001301256e+01 9.604191696787690580e-01
1.291938025001300971e+01 9.781698281350864610e-01
1.296938025001300687e+01 9.539382638035310835e-01
1.301938025001301114e+01 1.007988380290123276e+00
1.306938025001300829e+01 1.026154072127613670e+00
1.311938025001301256e+01 9.947711633820019994e-01
1.316938025001300971e+01 1.017246817254749303e+00
1.321938025001300687e+01 9.958566353019926432e-01
1.326938025001301114e+01 9.751688175327594132e-01
1.331938025001300829e+01 9.730297993374839027e-01
1.336938025001301256e+01 9.773397613727408118e-01
1.341938025001300971e+01 9.926640708314320438e-01
1.346938025001300687e+01 9.550237357235216162e-01
1.351938025001301114e+01 9.837568159585676764e-01
1.356938025001300829e+01 9.613450133752317051e-01
1.361938025001301256e+01 9.845549570762078817e-01
1.366938025001300971e+01 9.879071497702966997e-01
1.371938025001300687e+01 9.566519436035075818e-01
1.376938025001301114e+01 9.650803138057877373e-01
1.381938025001300829e+01 1.022195292184118420e+00
1.386938025001301256e+01 1.022067589605295979e+00
1.391938025001300971e+01 9.361876053472134585e-01
1.396938025001300687e+01 1.002145987308997288e+00
1.401938025001301114e+01 1.015554758085352116e+00
1.406938025001300829e+01 9.498198556365078371e-01
1.411938025001301256e+01 9.386778056342509613e-01
1.416938025001300971e+01 9.735406096527734476e-01
1.421938025001300687e+01 9.557899511964562667e-01
1.426938025001301114e+01 9.529166431729516606e-01
1.431938025001300829e+01 9.470742501918254508e-01
1.436938025001301256e+01 9.481597221118159835e-01
1.441938025001300971e+01 9.573862334317364553e-01
1.446938025001300687e+01 9.375604080695547626e-01
1.451938025001301114e+01 9.192670136532420377e-01
1.456938025001300829e+01 9.623027827163999071e-01
1.461938025001301256e+01 9.902057961891003179e-01
1.466938025001300971e+01 9.442009421683208448e-01
1.471938025001300687e+01 9.456056705353677039e-01
1.476938025001301114e+01 9.752965201115817440e-01
1.481938025001300829e+01 9.482554990459329813e-01
1.486938025001301256e+01 9.265460606461204396e-01
1.491938025001300971e+01 9.164575569191486526e-01
1.496938025001300687e+01 9.251413322790735805e-01
1.501938025001301114e+01 9.397632775542414940e-01
1.506938025001300829e+01 9.433070241165637526e-01
1.511938025001301256e+01 9.729020967586614610e-01
1.516938025001300971e+01 9.112536768321348735e-01
1.521938025001300687e+01 9.423492547753955506e-01
1.526938025001301114e+01 9.644098752669699737e-01
1.531938025001300829e+01 9.371453746883817715e-01
1.536938025001301256e+01 9.478723913094656561e-01
1.541938025001300971e+01 9.832779312879836864e-01
1.546938025001300687e+01 9.648887599375541857e-01
1.551938025001301114e+01 9.690710193939886530e-01
1.556938025001300829e+01 9.776270921750911391e-01
1.561938025001301256e+01 9.575139360105588970e-01
1.566938025001300971e+01 1.023153061525286400e+00
1.571938025001300687e+01 9.636755854387411002e-01
1.576938025001301114e+01 9.836610390244509006e-01
1.581938025001300829e+01 9.641863957540307561e-01
1.586938025001301256e+01 9.872367112314789361e-01
1.591938025001300971e+01 1.032634978002851867e+00
1.596938025001300687e+01 9.906208295702733091e-01
1.601938025001301114e+01 9.813943182503528373e-01
1.606938025001300829e+01 9.918978553584973934e-01
1.611938025001301256e+01 9.699649374457455231e-01
1.616938025001300971e+01 9.575139360105588970e-01
1.621938025001300687e+01 1.018140735306506173e+00
1.626938025001301114e+01 9.770843562150959283e-01
1.631938025001300829e+01 1.026760659377019991e+00
1.636938025001301256e+01 9.890245473349928984e-01
1.641938025001300971e+01 9.680493987634092301e-01
1.646938025001300687e+01 1.003678418254866367e+00
1.651938025001301114e+01 1.022259143473529530e+00
1.656938025001300829e+01 9.606745748364141635e-01
1.661938025001301256e+01 9.866301239820722824e-01
1.666938025001300971e+01 9.739237173892409949e-01
1.671938025001300687e+01 9.994961587984318996e-01
1.676938025001301114e+01 9.995600100878431205e-01
1.681938025001300829e+01 1.035444434736945363e+00
1.686938025001301256e+01 1.033784301212253620e+00
1.691938025001300971e+01 1.010574357511277555e+00
1.696938025001300687e+01 9.971017354455113946e-01
1.701938025001301114e+01 1.036306427143996345e+00
1.706938025001300829e+01 1.007701049487772726e+00
1.711938025001301256e+01 1.027941908231127410e+00
1.716938025001300971e+01 1.042053043191005779e+00
1.721938025001300687e+01 9.911316398855629650e-01
1.726938025001301114e+01 1.045724492332150479e+00
1.731938025001300829e+01 1.027654577428777305e+00
1.736938025001301256e+01 1.042116894480416889e+00
1.741938025001300971e+01 1.026249849061730224e+00
1.746938025001300687e+01 9.974529175372730538e-01
1.751938025001301114e+01 9.683367295657596685e-01
1.756938025001300829e+01 1.045213682016860934e+00
1.761938025001301256e+01 9.861512393114881814e-01
1.766938025001300971e+01 9.442647934577320656e-01
1.771938025001300687e+01 9.460845552059516939e-01
1.776938025001301114e+01 9.992407536407871271e-01
1.781938025001300829e+01 9.594933259823066329e-01
1.786938025001301256e+01 9.519907994764889025e-01
1.791938025001300971e+01 9.666127447516569271e-01
1.796938025001300687e+01 9.385181774107229646e-01
1.801938025001301114e+01 9.608661287046477151e-01
1.806938025001300829e+01 9.870451573632453846e-01
1.811938025001301256e+01 9.926321451867263779e-01
1.816938025001300971e+01 9.405294930271761444e-01
1.821938025001300687e+01 9.024741245380929477e-01
1.826938025001301114e+01 9.357406463213351344e-01
1.831938025001300829e+01 9.951861967631748795e-01
1.836938025001301256e+01 9.927279221208430426e-01
1.841938025001300971e+01 9.100405023333215659e-01
1.846938025001300687e+01 9.418703701048115606e-01
1.851938025001301114e+01 9.116048589238965327e-01
1.856938025001300829e+01 9.276634582108166382e-01
1.861938025001301256e+01 9.360279771236855728e-01
1.866938025001300971e+01 9.654953471869607284e-01
1.871938025001300687e+01 9.767970254127454899e-01
1.876938025001301114e+01 1.004508485017212127e+00
1.881938025001300829e+01 9.674108858692970214e-01
1.886938025001301256e+01 1.007254090461894513e+00
1.891938025001300971e+01 9.467869193894751234e-01
1.896938025001300687e+01 9.950904198290582148e-01
1.901938025001301114e+01 9.878752241255910338e-01
1.906938025001300829e+01 1.010095472840693454e+00
1.911938025001301256e+01 1.036913014393403110e+00
1.916938025001300971e+01 9.742429738362968772e-01
1.921938025001300687e+01 9.937495427514225765e-01
1.926938025001301114e+01 1.023504243617048282e+00
1.931938025001300829e+01 1.023344615393520174e+00
1.936938025001301256e+01 9.879390754150023657e-01
1.941938025001300971e+01 1.011691755075973642e+00
1.946938025001300687e+01 1.011117093471272765e+00
1.951938025001301114e+01 1.037902709379276756e+00
1.956938025001300829e+01 9.806600284221238528e-01
1.961938025001301256e+01 1.016448676137109208e+00
1.966938025001300971e+01 1.006870982725426966e+00
1.971938025001300687e+01 1.031421803504038781e+00
1.976938025001301114e+01 9.948988659608244411e-01
1.981938025001300829e+01 1.002848351492520385e+00
1.986938025001301256e+01 1.020503233014721234e+00
1.991938025001300971e+01 1.027494949205248975e+00
1.996938025001300687e+01 9.801811437515396408e-01
2.001938025001301114e+01 9.998154152454878929e-01
2.006938025001300829e+01 1.015969791466524885e+00
2.011938025001301256e+01 1.009041926565408254e+00
2.016938025001300971e+01 9.978360252737403790e-01
2.021938025001300687e+01 1.002177912953702954e+00
2.026938025001301114e+01 9.956012301443478707e-01
2.031938025001300829e+01 1.014341583586539031e+00
2.036938025001301256e+01 9.956650814337590916e-01
2.041938025001300971e+01 1.004955444043090562e+00
2.046938025001301398e+01 1.022163366539412754e+00
2.051938025001301114e+01 9.778505716880304677e-01
2.056938025001300829e+01 9.993684562196094578e-01
2.061938025001300545e+01 9.954416019208198740e-01
2.066938025001300971e+01 1.010510506221866223e+00
2.071938025001301398e+01 9.690390937492830981e-01
2.076938025001301114e+01 9.844591801420911059e-01
2.081938025001300829e+01 1.019832794475903581e+00
2.086938025001300545e+01 9.661657857257782700e-01
2.091938025001300971e+01 9.660061575022503844e-01
2.096938025001301398e+01 1.006775205791310190e+00
2.101938025001301114e+01 9.660380831469560503e-01
2.106938025001300829e+01 9.515119148059049126e-01
2.111938025001300545e+01 9.711461862998531647e-01
2.116938025001300971e+01 1.011595978141856866e+00
2.121938025001301398e+01 1.018587694332384830e+00
2.126938025001301114e+01 9.926640708314320438e-01
2.131938025001300829e+01 9.621750801375776874e-01
2.136938025001300545e+01 9.516076917400217994e-01
2.141938025001300971e+01 9.460845552059516939e-01
2.146938025001301398e+01 9.881306292832359173e-01
2.151938025001301114e+01 9.804684745538903012e-01
2.156938025001300829e+01 9.625262622293391246e-01
2.161938025001300545e+01 9.397952031989471600e-01
2.166938025001300971e+01 9.471381014812367827e-01
2.171938025001301398e+01 9.554387691046944964e-01
2.176938025001301114e+01 9.817774259868200515e-01
2.181938025001300829e+01 9.121475948838917436e-01
2.186938025001300545e+01 9.687836885916381036e-01
2.191938025001300971e+01 9.656230497657830592e-01
2.196938025001301398e+01 9.845230314315022158e-01
2.201938025001301114e+01 9.202886342838213496e-01
2.206938025001300829e+01 9.292597404460968269e-01
2.211938025001300545e+01 9.551514383023440580e-01
2.216938025001300971e+01 9.310475765496109002e-01
2.221938025001301398e+01 9.570669769846804620e-01
2.226938025001301114e+01 9.664531165281288194e-01
2.231938025001300829e+01 9.355810180978072488e-01
2.236938025001300545e+01 9.403060135142369269e-01
2.241938025001300971e+01 9.595571772717177428e-01
2.246938025001301398e+01 9.526931636600123321e-01
2.251938025001301114e+01 9.337931819942930645e-01
2.256938025001300829e+01 9.795426308574275431e-01
2.261938025001300545e+01 9.929194759890769273e-01
2.266938025001300971e+01 9.301217328531483641e-01
2.271938025001301398e+01 9.894395807161657785e-01
2.276938025001301114e+01 9.355490924531015828e-01
2.281938025001300829e+01 9.212464036249896626e-01
2.286938025001300545e+01 9.364749361495641189e-01
2.291938025001300971e+01 1.000709333297244985e+00
2.296938025001301398e+01 9.628774443211008949e-01
2.301938025001301114e+01 9.424131060648068825e-01
2.306938025001300829e+01 9.396994262648304952e-01
2.311938025001300545e+01 9.249497784108398069e-01
2.316938025001300971e+01 9.696456809986895298e-01
2.321938025001301398e+01 9.908443090832124156e-01
2.326938025001301114e+01 1.015586683730057782e+00
2.331938025001300829e+01 1.036370278433407677e+00
2.336938025001300545e+01 9.990172741278479096e-01
2.341938025001300971e+01 9.933345093702496964e-01
2.346938025001301398e+01 1.014150029718305479e+00
2.351938025001301114e+01 1.012042937167735301e+00
2.356938025001300829e+01 1.046458782160379464e+00
2.361938025001300545e+01 1.002688723268992499e+00
2.366938025001300971e+01 1.032028390753445102e+00
2.371938025001301398e+01 1.046650336028613237e+00
2.376938025001301114e+01 1.025260154075856578e+00
2.381938025001300829e+01 1.026249849061730224e+00
2.386938025001300545e+01 1.076277334315416168e+00
2.391938025001300971e+01 1.008179934158357050e+00
2.396938025001301398e+01 1.053482423995612871e+00
2.401938025001301114e+01 1.013032632153609169e+00
2.406938025001300829e+01 9.995600100878431205e-01
2.411938025001300545e+01 1.001986359085469180e+00
2.416938025001300971e+01 9.850657673914975376e-01
2.421938025001301398e+01 1.002241764243114286e+00
2.426938025001301114e+01 9.681771013422317829e-01
2.431938025001300829e+01 1.010925539603038992e+00
2.436938025001300545e+01 9.823520875915210393e-01
2.441938025001300971e+01 9.596529542058346296e-01
2.446938025001301398e+01 9.616961954669934753e-01
2.451938025001301114e+01 9.818732029209369383e-01
2.456938025001300829e+01 9.620473775587551346e-01
2.461938025001300545e+01 9.648249086481429648e-01
2.466938025001300971e+01 9.841399236950350016e-01
2.471938025001301398e+01 9.573862334317364553e-01
2.476938025001301114e+01 9.035276708133778145e-01
2.481938025001300829e+01 9.238643064908492741e-01
2.486938025001300545e+01 9.361556797025081256e-01
2.491938025001300971e+01 9.272484248296436471e-01
2.496938025001301398e+01 9.766054715445117163e-01
2.501938025001301114e+01 9.327715613637137526e-01
2.506938025001300829e+01 9.371134490436761055e-01
2.511938025001300545e+01 9.820328311444649350e-01
2.516938025001300971e+01 9.668042986198905897e-01
2.521938025001301398e+01 9.740514199680633256e-01
2.526938025001301114e+01 9.363153079260360112e-01
2.531938025001300829e+01 9.262587298437698902e-01
2.536938025001300545e+01 9.367303413072091134e-01
2.541938025001300971e+01 9.710184837210306119e-01
2.546938025001301398e+01 9.414872623683444575e-01
2.551938025001301114e+01 9.383266235424891910e-01
2.556938025001300829e+01 9.625581878740447905e-01
2.561938025001300545e+01 9.064329044815879755e-01
2.566938025001300971e+01 9.507776249776758171e-01
2.571938025001301398e+01 9.833417825773947962e-01
2.576938025001301114e+01 9.408168238295266939e-01
2.581938025001300829e+01 9.918978553584973934e-01
2.586938025001300545e+01 9.603553183893578371e-01
2.591938025001300971e+01 9.580885976152597738e-01
2.596938025001301398e+01 9.655272728316661723e-01
2.601938025001301114e+01 9.737960148104184421e-01
2.606938025001300829e+01 9.785529358715537862e-01
2.611938025001300545e+01 9.954416019208198740e-01
2.616938025001300971e+01 9.471700271259424486e-01
2.621938025001301398e+01 9.681771013422317829e-01
2.626938025001301114e+01 9.653357189634326208e-01
2.631938025001300829e+01 1.032826531871085196e+00
2.636938025001300545e+01 9.478085400200544353e-01
2.641938025001300971e+01 9.796703334362499849e-01
2.646938025001301398e+01 9.554068434599888304e-01
2.651938025001301114e+01 1.006870982725426966e+00
2.656938025001300829e+01 9.645375778457923044e-01
2.661938025001300545e+01 9.365707130836808947e-01
2.666938025001300971e+01 1.007158313527777516e+00
2.671938025001301398e+01 9.529485688176573266e-01
2.676938025001301114e+01 1.016959486452398753e+00
2.681938025001300829e+01 1.016736006939459536e+00
2.686938025001301256e+01 9.640906188199138693e-01
2.691938025001300971e+01 1.012649524417141844e+00
2.696938025001301398e+01 9.994642331537262336e-01
2.701938025001301114e+01 1.019641240607669808e+00
2.706938025001300829e+01 1.066955046061379031e+00
2.711938025001301256e+01 1.016225196624169991e+00
2.716938025001300971e+01 1.013607293758310046e+00
2.721938025001301398e+01 1.020790563817071561e+00
2.726938025001301114e+01 1.053929383021491306e+00
2.731938025001300829e+01 1.058335121990865213e+00
2.736938025001301256e+01 1.074074464830729436e+00
2.741938025001300971e+01 1.021205597198244552e+00
2.746938025001301398e+01 1.046458782160379464e+00
2.751938025001301114e+01 1.027654577428777305e+00
2.756938025001300829e+01 1.072701662108388243e+00
2.761938025001301256e+01 1.028261164678183626e+00
2.766938025001300971e+01 1.011468275563034425e+00
2.771938025001301398e+01 1.014309657941833365e+00
2.776938025001301114e+01 1.063570927722584880e+00
2.781938025001300829e+01 1.039562842903968498e+00
2.786938025001301256e+01 1.037008791327519885e+00
2.791938025001300971e+01 1.004444633727801017e+00
2.796938025001301398e+01 1.002688723268992499e+00
2.801938025001301114e+01 1.008052231579534608e+00
2.806938025001300829e+01 1.042787333019234763e+00
2.811938025001301256e+01 1.020407456080604236e+00
2.816938025001300971e+01 1.016193270979464325e+00
2.821938025001301398e+01 1.011372498628917649e+00
2.826938025001301114e+01 1.016927560807693087e+00
2.831938025001300829e+01 1.013064557798314835e+00
2.836938025001301256e+01 9.568434974717411334e-01
2.841938025001300971e+01 9.951542711184693246e-01
2.846938025001301398e+01 1.012777226995964286e+00
2.851938025001301114e+01 9.800215155280117552e-01
2.856938025001300829e+01 9.898226884526329927e-01
2.861938025001301256e+01 1.021652556224122987e+00
2.866938025001300971e+01 9.681771013422317829e-01
2.871938025001301398e+01 9.626220391634560114e-01
2.876938025001301114e+01 9.550556613682272822e-01
2.881938025001300829e+01 9.706353759845632867e-01
2.886938025001301256e+01 9.767012484786286031e-01
2.891938025001300971e+01 9.350063564931061499e-01
2.896938025001301398e+01 9.636436597940355453e-01
2.901938025001301114e+01 9.828309722621051403e-01
2.906938025001300829e+01 9.443605703918489525e-01
2.911938025001301256e+01 9.363472335707416772e-01
2.916938025001300971e+01 9.670277781328298072e-01
2.921938025001301398e+01 9.718166248386708173e-01
2.926938025001301114e+01 9.892161012032264500e-01
2.931938025001300829e+01 9.906527552149786420e-01
2.936938025001301256e+01 9.877475215467684810e-01
2.941938025001300971e+01 9.713058145233810503e-01
2.946938025001301398e+01 9.620473775587551346e-01
2.951938025001301114e+01 9.541936689611757449e-01
2.956938025001300829e+01 1.021748333158239763e+00
2.961938025001301256e+01 9.785529358715537862e-01
2.966938025001300971e+01 9.812666156715305066e-01
2.971938025001301398e+01 9.340166615072322820e-01
2.976938025001301114e+01 9.749772636645258617e-01
2.981938025001300829e+01 9.871090086526563834e-01
2.986938025001301256e+01 9.507137736882648182e-01
2.991938025001300971e+01 9.751688175327594132e-01
2.996938025001301398e+01 9.723912864433716940e-01
3.001938025001301114e+01 9.930152529231938141e-01
3.006938025001300829e+01 9.861512393114881814e-01
3.011938025001301256e+01 1.041222976428660019e+00
3.016938025001300971e+01 9.765735458998061613e-01
3.021938025001301398e+01 9.783294563586144577e-01
3.026938025001301114e+01 9.666765960410681480e-01
3.031938025001300829e+01 9.967505533537496243e-01
3.036938025001301256e+01 9.592379208246616384e-01
3.041938025001300971e+01 9.780101999115585754e-01
3.046938025001301398e+01 1.024845120694683809e+00
3.051938025001301114e+01 9.900142423208667664e-01
3.056938025001300829e+01 9.661019344363672712e-01
3.061938025001301256e+01 9.721678069304323655e-01
3.066938025001300971e+01 9.837568159585676764e-01
3.071938025001301398e+01 9.513522865823766939e-01
3.076938025001301114e+01 1.011564052497151200e+00
3.081938025001300829e+01 9.814262438950583922e-01
3.086938025001301256e+01 1.031294100925216117e+00
3.091938025001300971e+01 1.058622452793215540e+00
3.096938025001301398e+01 1.014596988744183914e+00
3.101938025001301114e+01 1.077969393484813576e+00
3.106938025001300829e+01 1.053514349640318537e+00
3.111938025001301256e+01 1.122473742204429081e+00
3.116938025001300971e+01 1.070371090044878848e+00
3.121938025001301398e+01 1.100093865265798998e+00
3.126938025001301114e+01 1.104435752945761573e+00
3.131938025001300829e+01 1.150568309545363155e+00
3.136938025001301256e+01 1.124644686044410591e+00
3.141938025001300971e+01 1.102169032171663288e+00
3.146938025001301398e+01 1.148556993928909975e+00
3.151938025001301114e+01 1.152707327740638776e+00
3.156938025001300829e+01 1.147758852811269659e+00
3.161938025001301256e+01 1.189230265283853338e+00
3.166938025001300971e+01 1.171256127314596496e+00
3.171938025001301398e+01 1.213142573168352722e+00
3.176938025001301114e+01 1.162859682757021673e+00
3.181938025001300829e+01 1.147854629745386656e+00
3.186938025001301256e+01 1.197083973881432284e+00
3.191938025001300971e+01 1.163530121295839548e+00
3.196938025001301398e+01 1.076277334315416168e+00
3.201938025001301469e+01 1.080363816837733859e+00
3.206938025001301185e+01 1.029538190466408043e+00
3.211938025001300900e+01 1.026984138889959430e+00
3.216938025001300616e+01 9.493728966106291800e-01
3.221938025001301753e+01 9.287170044861015050e-01
3.226938025001301469e+01 8.696864874254346400e-01
3.231938025001301185e+01 8.742518546183364325e-01
3.236938025001300900e+01 8.115818140612303111e-01
3.241938025001300616e+01 7.857858931390999668e-01
3.246938025001301753e+01 7.907343680684690845e-01
3.251938025001301469e+01 7.028430681939334956e-01
3.256938025001301185e+01 7.057802275068493225e-01
3.261938025001300900e+01 7.075680636103633958e-01
3.266938025001300616e+01 7.022364809445270639e-01
3.271938025001301753e+01 7.267553760784329908e-01
3.276938025001301469e+01 7.365884746477600054e-01
3.281938025001301185e+01 7.761124227933012820e-01
3.286938025001300900e+01 7.695676656286518647e-01
3.291938025001300616e+01 8.050689825412864487e-01
3.296938025001301753e+01 8.451675922915286021e-01
3.301938025001301469e+01 9.132330668038823873e-01
3.306938025001301185e+01 9.367622669519144463e-01
3.311938025001300900e+01 9.482235734012273154e-01
3.316938025001300616e+01 1.033784301212253620e+00
3.321938025001301753e+01 1.056451508953234253e+00
3.326938025001301469e+01 1.123399585900891839e+00
3.331938025001301185e+01 1.136010215559606573e+00
3.336938025001300900e+01 1.133168833180807411e+00
3.341938025001300616e+01 1.107819871284555724e+00
3.346938025001301753e+01 1.074457572567196539e+00
3.351938025001301469e+01 1.055014854941482172e+00
3.356938025001301185e+01 1.000326225560777660e+00
3.361938025001300900e+01 9.305367662343212443e-01
3.366938025001300616e+01 9.005585858557564327e-01
3.371938025001301753e+01 8.633013584843132193e-01
3.376938025001301469e+01 8.617370018937385856e-01
3.381938025001301185e+01 8.550326165055611716e-01
3.386938025001300900e+01 8.615773736702104779e-01
3.391938025001300616e+01 9.172237723920830810e-01
3.396938025001301753e+01 8.892569076299716713e-01
3.401938025001301469e+01 1.020599009948838010e+00
3.406938025001301185e+01 1.137351092637242100e+00
3.411938025001300900e+01 1.269746741231393417e+00
3.416938025001300616e+01 1.451818692987469017e+00
3.421938025001301753e+01 1.668945002630300767e+00
3.426938025001301469e+01 1.823975933320727272e+00
3.431938025001301185e+01 1.929394412138641046e+00
3.436938025001300900e+01 2.053010508438750659e+00
3.441938025001300616e+01 2.110157412461786564e+00
3.446938025001301753e+01 2.085670442972586081e+00
3.451938025001301469e+01 1.940855718587953804e+00
3.456938025001301185e+01 1.762487141617728792e+00
3.461938025001300900e+01 1.519245654605710261e+00
3.466938025001300616e+01 1.331171681644980564e+00
3.471938025001301753e+01 1.059867552936734292e+00
3.476938025001301469e+01 8.367711477339541126e-01
3.481938025001301185e+01 6.382255633097854153e-01
3.486938025001300900e+01 5.346587718847969350e-01
3.491938025001300616e+01 4.337098833256682884e-01
3.496938025001301753e+01 3.618133314486418062e-01
3.501938025001301469e+01 3.265035684042406627e-01
3.506938025001301185e+01 3.162554364537409346e-01
3.511938025001300900e+01 2.977066368797833817e-01
3.516938025001300616e+01 2.855748918916527490e-01
3.521938025001301753e+01 2.779127371623071330e-01
3.526938025001301469e+01 2.560436705389664835e-01
3.531938025001301185e+01 2.364732503344295356e-01
3.536938025001300900e+01 2.338553474685697853e-01
3.541938025001300616e+01 2.636738996236064891e-01
3.546938025001301753e+01 3.641758291568567008e-01
3.551938025001301469e+01 5.595288491104646322e-01
3.556938025001301185e+01 9.457014474694845907e-01
3.561938025001300900e+01 1.502835873227028607e+00
3.566938025001300616e+01 2.253152375098199212e+00
3.571938025001301753e+01 3.029009392733855499e+00
3.576938025001301469e+01 3.912487758672112292e+00
3.581938025001301185e+01 4.523033788022136292e+00
3.586938025001300900e+01 4.782301948676368930e+00
3.591938025001300616e+01 4.560674123130047164e+00
3.596938025001301753e+01 4.151674688806518354e+00
3.601938025001301469e+01 3.554218173785792967e+00
3.606938025001301185e+01 2.783724664460678344e+00
3.611938025001300900e+01 2.052435846834049560e+00
3.616938025001300616e+01 1.428576823641787064e+00
3.621938025001301753e+01 9.286850788413960611e-01
3.626938025001301469e+01 5.883896319243332451e-01
3.631938025001301185e+01 3.547896896134083433e-01
3.636938025001300900e+01 2.319717344309389639e-01
3.641938025001300616e+01 1.389723314035063717e-01
3.646938025001301753e+01 9.102001305568496736e-02
3.651938025001301469e+01 5.896666577125574821e-02
3.656938025001301185e+01 4.383391018079813017e-02
3.661938025001300900e+01 2.822226991975640767e-02
3.666938025001300616e+01 2.330572063509296285e-02
3.671938025001301753e+01 1.462194527516791007e-02
3.676938025001301469e+01 1.270640659283150432e-02
3.681938025001301185e+01 1.008850372697174709e-02
3.686938025001300900e+01 1.034390888461660107e-02
3.691938025001300616e+01 1.111012435755116129e-02
3.696938025001301753e+01 1.225944756695300682e-02
3.701938025001301469e+01 1.360032464458849413e-02
3.706938025001301185e+01 1.120590129166798392e-02
3.711938025001300900e+01 9.354213898742790370e-03
3.716938025001300616e+01 7.119418769350314112e-03
3.721938025001301753e+01 6.832087966999853164e-03
3.726938025001301469e+01 5.459285244658762352e-03
3.731938025001301185e+01 4.533441548196164711e-03
3.736938025001300900e+01 3.575672207027961406e-03
3.741938025001300616e+01 3.479895272911140078e-03
3.746938025001301753e+01 1.660133524691553277e-03
3.751938025001301469e+01 1.308951432929878617e-03
3.756938025001301185e+01 7.662154729345629261e-04
3.761938025001300900e+01 6.704385388177425738e-04
3.766938025001300616e+01 3.192564470560679672e-04
3.771938025001301753e+01 2.234795129392475879e-04
3.776938025001301469e+01 9.577693411682036576e-05
3.781938025001301185e+01 9.577693411682036576e-05
3.786938025001300900e+01 6.385128941121357717e-05
3.791938025001300616e+01 0.000000000000000000e+00
3.796938025001301753e+01 0.000000000000000000e+00
3.801938025001301469e+01 0.000000000000000000e+00
3.806938025001301185e+01 0.000000000000000000e+00
3.811938025001300900e+01 0.000000000000000000e+00
3.816938025001300616e+01 0.000000000000000000e+00
3.821938025001301753e+01 0.000000000000000000e+00
3.826938025001301469e+01 0.000000000000000000e+00
3.831938025001301185e+01 0.000000000000000000e+00
3.836938025001300900e+01 0.000000000000000000e+00
