-1.155752339113582927e+01 4.513834823024333309e-02
-1.150752339113583034e+01 6.582409763137322956e-02
-1.145752339113582963e+01 8.887210853818770795e-02
-1.140752339113582892e+01 1.114093602005298556e-01
-1.135752339113582998e+01 1.242421862178974823e-01
-1.130752339113582927e+01 1.257744639513145024e-01
-1.125752339113583034e+01 1.169638669841665951e-01
-1.120752339113582963e+01 1.123670337839155209e-01
-1.115752339113582892e+01 8.721214099365259820e-02
-1.110752339113582998e+01 6.588794253693226743e-02
-1.105752339113582927e+01 4.667062596366036015e-02
-1.100752339113583034e+01 2.783637882374270095e-02
-1.095752339113582963e+01 1.615276110643785318e-02
-1.090752339113582892e+01 8.044458100439404180e-03
-1.085752339113582998e+01 4.724523011369174269e-03
-1.080752339113582927e+01 1.596122638976072523e-03
-1.075752339113583034e+01 1.085363394503729376e-03
-1.070752339113582963e+01 3.192245277952144395e-04
-1.065752339113582892e+01 1.276898111180857867e-04
-1.060752339113582998e+01 6.384490555904289333e-05
-1.055752339113582927e+01 6.384490555904289333e-05
-1.050752339113583034e+01 1.915347166771286529e-04
-1.045752339113582963e+01 0.000000000000000000e+00
-1.040752339113582892e+01 0.000000000000000000e+00
-1.035752339113582998e+01 0.000000000000000000e+00
-1.030752339113582927e+01 0.000000000000000000e+00
-1.025752339113583034e+01 6.384490555904289333e-05
-1.020752339113582963e+01 0.000000000000000000e+00
-1.015752339113582892e+01 0.000000000000000000e+00
-1.010752339113582998e+01 0.000000000000000000e+00
-1.005752339113582927e+01 0.000000000000000000e+00
-1.000752339113583034e+01 0.000000000000000000e+00
-9.957523391135829627e+00 0.000000000000000000e+00
-9.907523391135828916e+00 0.000000000000000000e+00
-9.857523391135829982e+00 0.000000000000000000e+00
-9.807523391135829272e+00 0.000000000000000000e+00
-9.757523391135830337e+00 0.000000000000000000e+00
-9.707523391135829627e+00 0.000000000000000000e+00
-9.657523391135828916e+00 0.000000000000000000e+00
-9.607523391135829982e+00 0.000000000000000000e+00
-9.557523391135829272e+00 0.000000000000000000e+00
-9.507523391135830337e+00 0.000000000000000000e+00
-9.457523391135829627e+00 0.000000000000000000e+00
-9.407523391135828916e+00 0.000000000000000000e+00
-9.357523391135829982e+00 0.000000000000000000e+00
-9.307523391135829272e+00 0.000000000000000000e+00
-9.257523391135830337e+00 0.000000000000000000e+00
-9.207523391135829627e+00 0.000000000000000000e+00
-9.157523391135828916e+00 0.000000000000000000e+00
-9.107523391135829982e+00 0.000000000000000000e+00
-9.057523391135829272e+00 0.000000000000000000e+00
-9.007523391135830337e+00 0.000000000000000000e+00
-8.957523391135829627e+00 0.000000000000000000e+00
-8.907523391135828916e+00 0.000000000000000000e+00
-8.857523391135829982e+00 0.000000000000000000e+00
-8.807523391135829272e+00 0.000000000000000000e+00
-8.757523391135830337e+00 0.000000000000000000e+00
-8.707523391135829627e+00 0.000000000000000000e+00
-8.657523391135828916e+00 0.000000000000000000e+00
-8.607523391135829982e+00 0.000000000000000000e+00
-8.557523391135829272e+00 0.000000000000000000e+00
-8.507523391135830337e+00 0.000000000000000000e+00
-8.457523391135829627e+00 0.000000000000000000e+00
-8.407523391135828916e+00 0.000000000000000000e+00
-8.357523391135829982e+00 0.000000000000000000e+00
-8.307523391135829272e+00 0.000000000000000000e+00
-8.257523391135830337e+00 0.000000000000000000e+00
-8.207523391135829627e+00 0.000000000000000000e+00
-8.157523391135828916e+00 0.000000000000000000e+00
-8.107523391135829982e+00 0.000000000000000000e+00
-8.057523391135829272e+00 0.000000000000000000e+00
-8.007523391135830337e+00 0.000000000000000000e+00
-7.957523391135829627e+00 0.000000000000000000e+00
-7.907523391135828916e+00 0.000000000000000000e+00
-7.857523391135829982e+00 0.000000000000000000e+00
-7.807523391135829272e+00 0.000000000000000000e+00
-7.757523391135829449e+00 0.000000000000000000e+00
-7.707523391135829627e+00 0.000000000000000000e+00
-7.657523391135828916e+00 0.000000000000000000e+00
-7.607523391135829982e+00 0.000000000000000000e+00
-7.557523391135829272e+00 0.000000000000000000e+00
-7.507523391135829449e+00 0.000000000000000000e+00
-7.457523391135829627e+00 0.000000000000000000e+00
-7.407523391135828916e+00 0.000000000000000000e+00
-7.357523391135829982e+00 0.000000000000000000e+00
-7.307523391135829272e+00 0.000000000000000000e+00
-7.257523391135829449e+00 0.000000000000000000e+00
-7.207523391135829627e+00 0.000000000000000000e+00
-7.157523391135828916e+00 0.000000000000000000e+00
-7.107523391135829982e+00 0.000000000000000000e+00
-7.057523391135829272e+00 0.000000000000000000e+00
-7.007523391135829449e+00 0.000000000000000000e+00
-6.957523391135829627e+00 0.000000000000000000e+00
-6.907523391135828916e+00 0.000000000000000000e+00
-6.857523391135829982e+00 0.000000000000000000e+00
-6.807523391135829272e+00 0.000000000000000000e+00
-6.757523391135828561e+00 0.000000000000000000e+00
-6.707523391135829627e+00 0.000000000000000000e+00
-6.657523391135828916e+00 0.000000000000000000e+00
-6.607523391135829982e+00 0.000000000000000000e+00
-6.557523391135829272e+00 0.000000000000000000e+00
-6.507523391135828561e+00 0.000000000000000000e+00
-6.457523391135829627e+00 0.000000000000000000e+00
-6.407523391135828916e+00 0.000000000000000000e+00
-6.357523391135829982e+00 0.000000000000000000e+00
-6.307523391135829272e+00 0.000000000000000000e+00
-6.257523391135828561e+00 0.000000000000000000e+00
-6.207523391135829627e+00 0.000000000000000000e+00
-6.157523391135828916e+00 0.000000000000000000e+00
-6.107523391135829982e+00 0.000000000000000000e+00
-6.057523391135829272e+00 0.000000000000000000e+00
-6.007523391135828561e+00 0.000000000000000000e+00
-5.957523391135829627e+00 0.000000000000000000e+00
-5.907523391135828916e+00 0.000000000000000000e+00
-5.857523391135829982e+00 0.000000000000000000e+00
-5.807523391135829272e+00 0.000000000000000000e+00
-5.757523391135828561e+00 0.000000000000000000e+00
-5.707523391135829627e+00 0.000000000000000000e+00
-5.657523391135828916e+00 0.000000000000000000e+00
-5.607523391135829982e+00 0.000000000000000000e+00
-5.557523391135829272e+00 0.000000000000000000e+00
-5.507523391135828561e+00 0.000000000000000000e+00
-5.457523391135829627e+00 0.000000000000000000e+00
-5.407523391135828916e+00 0.000000000000000000e+00
-5.357523391135829982e+00 0.000000000000000000e+00
-5.307523391135829272e+00 0.000000000000000000e+00
-5.257523391135828561e+00 0.000000000000000000e+00
-5.207523391135829627e+00 0.000000000000000000e+00
-5.157523391135828916e+00 0.000000000000000000e+00
-5.107523391135829982e+00 0.000000000000000000e+00
-5.057523391135829272e+00 0.000000000000000000e+00
-5.007523391135828561e+00 0.000000000000000000e+00
-4.957523391135829627e+00 0.000000000000000000e+00
-4.907523391135828916e+00 0.000000000000000000e+00
-4.857523391135829982e+00 0.000000000000000000e+00
-4.807523391135829272e+00 0.000000000000000000e+00
-4.757523391135828561e+00 0.000000000000000000e+00
-4.707523391135829627e+00 0.000000000000000000e+00
-4.657523391135828916e+00 0.000000000000000000e+00
-4.607523391135829982e+00 0.000000000000000000e+00
-4.557523391135829272e+00 0.000000000000000000e+00
-4.507523391135828561e+00 0.000000000000000000e+00
-4.457523391135829627e+00 0.000000000000000000e+00
-4.407523391135828916e+00 0.000000000000000000e+00
-4.357523391135829982e+00 0.000000000000000000e+00
-4.307523391135829272e+00 0.000000000000000000e+00
-4.257523391135828561e+00 0.000000000000000000e+00
-4.207523391135829627e+00 0.000000000000000000e+00
-4.157523391135828916e+00 0.000000000000000000e+00
-4.107523391135829982e+00 0.000000000000000000e+00
-4.057523391135829272e+00 0.000000000000000000e+00
-4.007523391135828561e+00 0.000000000000000000e+00
-3.957523391135829627e+00 0.000000000000000000e+00
-3.907523391135828916e+00 0.000000000000000000e+00
-3.857523391135829982e+00 0.000000000000000000e+00
-3.807523391135829272e+00 0.000000000000000000e+00
-3.757523391135828561e+00 0.000000000000000000e+00
-3.707523391135829627e+00 0.000000000000000000e+00
-3.657523391135828916e+00 0.000000000000000000e+00
-3.607523391135829982e+00 0.000000000000000000e+00
-3.557523391135829272e+00 0.000000000000000000e+00
-3.507523391135830337e+00 0.000000000000000000e+00
-3.457523391135829627e+00 0.000000000000000000e+00
-3.407523391135828916e+00 0.000000000000000000e+00
-3.357523391135828206e+00 0.000000000000000000e+00
-3.307523391135829272e+00 0.000000000000000000e+00
-3.257523391135830337e+00 0.000000000000000000e+00
-3.207523391135829627e+00 0.000000000000000000e+00
-3.157523391135828916e+00 0.000000000000000000e+00
-3.107523391135828206e+00 0.000000000000000000e+00
-3.057523391135829272e+00 0.000000000000000000e+00
-3.007523391135830337e+00 0.000000000000000000e+00
-2.957523391135829627e+00 0.000000000000000000e+00
-2.907523391135828916e+00 0.000000000000000000e+00
-2.857523391135828206e+00 0.000000000000000000e+00
-2.807523391135829272e+00 0.000000000000000000e+00
-2.757523391135830337e+00 0.000000000000000000e+00
-2.707523391135829627e+00 0.000000000000000000e+00
-2.657523391135828916e+00 0.000000000000000000e+00
-2.607523391135828206e+00 0.000000000000000000e+00
-2.557523391135829272e+00 0.000000000000000000e+00
-2.507523391135830337e+00 0.000000000000000000e+00
-2.457523391135829627e+00 0.000000000000000000e+00
-2.407523391135828916e+00 0.000000000000000000e+00
-2.357523391135828206e+00 0.000000000000000000e+00
-2.307523391135829272e+00 0.000000000000000000e+00
-2.257523391135830337e+00 0.000000000000000000e+00
-2.207523391135829627e+00 0.000000000000000000e+00
-2.157523391135828916e+00 0.000000000000000000e+00
-2.107523391135828206e+00 0.000000000000000000e+00
-2.057523391135829272e+00 0.000000000000000000e+00
-2.007523391135828561e+00 0.000000000000000000e+00
-1.957523391135829627e+00 0.000000000000000000e+00
-1.907523391135828916e+00 0.000000000000000000e+00
-1.857523391135828206e+00 0.000000000000000000e+00
-1.807523391135829272e+00 0.000000000000000000e+00
-1.757523391135828561e+00 0.000000000000000000e+00
-1.707523391135829627e+00 0.000000000000000000e+00
-1.657523391135828916e+00 0.000000000000000000e+00
-1.607523391135828206e+00 0.000000000000000000e+00
-1.557523391135829272e+00 0.000000000000000000e+00
-1.507523391135828561e+00 0.000000000000000000e+00
-1.457523391135829627e+00 0.000000000000000000e+00
-1.407523391135828916e+00 0.000000000000000000e+00
-1.357523391135828206e+00 0.000000000000000000e+00
-1.307523391135829272e+00 0.000000000000000000e+00
-1.257523391135828561e+00 0.000000000000000000e+00
-1.207523391135829627e+00 0.000000000000000000e+00
-1.157523391135828916e+00 0.000000000000000000e+00
-1.107523391135828206e+00 0.000000000000000000e+00
-1.057523391135829272e+00 0.000000000000000000e+00
-1.007523391135828561e+00 0.000000000000000000e+00
-9.575233911358296268e-01 0.000000000000000000e+00
-9.075233911358289163e-01 0.000000000000000000e+00
-8.575233911358282057e-01 0.000000000000000000e+00
-8.075233911358292715e-01 0.000000000000000000e+00
-7.575233911358285610e-01 0.000000000000000000e+00
-7.075233911358296268e-01 0.000000000000000000e+00
-6.575233911358289163e-01 0.000000000000000000e+00
-6.075233911358282057e-01 0.000000000000000000e+00
-5.575233911358292715e-01 0.000000000000000000e+00
-5.075233911358285610e-01 0.000000000000000000e+00
-4.575233911358296268e-01 0.000000000000000000e+00
-4.075233911358289163e-01 0.000000000000000000e+00
-3.575233911358282057e-01 0.000000000000000000e+00
-3.075233911358292715e-01 0.000000000000000000e+00
-2.575233911358285610e-01 0.000000000000000000e+00
-2.075233911358296268e-01 0.000000000000000000e+00
-1.575233911358289163e-01 6.384490555904289333e-05
-1.075233911358282057e-01 1.276898111180857867e-04
-5.752339113582927155e-02 6.384490555904289333e-05
-7.523391135828561005e-03 3.192245277952144395e-04
4.247660886417037318e-02 1.532277733417029223e-03
9.247660886417108372e-02 1.213053205621815109e-03
1.424766088641717943e-01 4.660678105810131186e-03
1.924766088641707285e-01 8.363682628234621330e-03
2.424766088641714390e-01 1.570584676752455333e-02
2.924766088641703732e-01 2.617641127920758426e-02
3.424766088641710837e-01 4.181841314117309971e-02
3.924766088641717943e-01 6.148264405335831378e-02
4.424766088641707285e-01 9.142590476054943127e-02
4.924766088641714390e-01 1.060463881335702574e-01
5.424766088641703732e-01 1.285197948903533671e-01
5.924766088641710837e-01 1.430125884522560897e-01
6.424766088641717943e-01 1.368196326130289298e-01
6.924766088641707285e-01 1.296690031904161045e-01
7.424766088641714390e-01 1.114093602005298556e-01
7.924766088641703732e-01 8.714829608809356032e-02
8.424766088641710837e-01 6.729253045923122567e-02
8.924766088641717943e-01 4.277608672455873728e-02
9.424766088641707285e-01 3.217783240175761672e-02
9.924766088641714390e-01 1.621660601199689800e-02
1.042476608864170373e+00 1.123670337839155139e-02
1.092476608864171084e+00 5.809886405872904079e-03
1.142476608864171794e+00 3.703004522424487976e-03
1.192476608864170728e+00 2.745330939038844766e-03
1.242476608864171439e+00 1.723812450094158255e-03
1.292476608864170373e+00 1.979192072330329937e-03
1.342476608864171084e+00 2.298416600125544485e-03
1.392476608864171794e+00 1.979192072330329937e-03
1.442476608864170728e+00 3.894539239101616791e-03
1.492476608864171439e+00 1.034287470056495170e-02
1.542476608864170373e+00 1.723812450094158386e-02
1.592476608864171084e+00 3.830694333542573882e-02
1.642476608864171794e+00 6.671792630919981537e-02
1.692476608864170728e+00 1.395011186465087427e-01
1.742476608864171439e+00 2.606787493975721293e-01
1.792476608864170373e+00 5.345733942458662513e-01
1.842476608864171084e+00 9.698041154418615140e-01
1.892476608864171794e+00 1.633599598539230646e+00
1.942476608864170728e+00 2.546134833694630561e+00
1.992476608864171439e+00 3.522961888747986769e+00
2.042476608864170373e+00 4.694835130284219282e+00
2.092476608864171084e+00 5.387935425033188785e+00
2.142476608864171794e+00 5.520796673501557450e+00
2.192476608864170728e+00 5.134981909208261364e+00
2.242476608864171439e+00 4.148961187754402147e+00
2.292476608864170373e+00 3.287438032140677535e+00
2.342476608864171084e+00 2.078853969907995758e+00
2.392476608864171794e+00 1.304096040949010327e+00
2.442476608864170728e+00 7.524122120133205360e-01
2.492476608864171439e+00 3.948807408826803256e-01
2.542476608864170373e+00 3.031356115943356633e-01
2.592476608864171084e+00 2.629133210921386632e-01
2.642476608864171794e+00 2.618918026031940016e-01
2.692476608864170728e+00 2.821306376654105774e-01
2.742476608864171439e+00 2.966872761328723240e-01
2.792476608864170373e+00 3.076047549834686756e-01
2.842476608864171084e+00 3.178837847784745652e-01
2.892476608864171794e+00 3.256090183511187730e-01
2.942476608864170728e+00 3.054340281944611935e-01
2.992476608864171439e+00 3.422086937964698983e-01
3.042476608864170373e+00 3.674912763978509522e-01
3.092476608864171084e+00 4.495958249467801870e-01
3.142476608864171794e+00 5.210382742673490553e-01
3.192476608864170728e+00 6.540272125468354902e-01
3.242476608864171439e+00 7.696503365142621789e-01
3.292476608864170373e+00 9.882552931484250847e-01
3.342476608864171084e+00 1.218224642972097538e+00
3.392476608864171794e+00 1.453940034296083983e+00
3.442476608864170728e+00 1.738177553844942880e+00
3.492476608864171439e+00 2.010795300582056022e+00
3.542476608864170373e+00 2.060211257484755087e+00
3.592476608864171084e+00 2.247532210394987295e+00
3.642476608864171794e+00 2.155723236201083637e+00
3.692476608864170728e+00 2.071001046524233224e+00
3.742476608864171439e+00 1.984938113830643669e+00
3.792476608864170373e+00 1.740667505161745732e+00
3.842476608864171084e+00 1.594271136714860093e+00
3.892476608864171794e+00 1.327080206950265850e+00
3.942476608864170728e+00 1.163445714002438791e+00
3.992476608864171439e+00 1.075084364708723372e+00
4.042476608864170373e+00 9.042353974327246302e-01
4.092476608864171084e+00 8.862949789706333625e-01
4.142476608864171794e+00 8.570540122245918768e-01
4.192476608864170728e+00 7.941029353433755045e-01
4.242476608864171439e+00 7.818447134760395656e-01
4.292476608864170373e+00 8.721852548420850892e-01
4.342476608864171084e+00 7.580944086080753097e-01
4.392476608864171794e+00 7.789078478203232958e-01
4.442476608864168952e+00 8.172786360613081280e-01
4.492476608864173215e+00 7.968482662824143414e-01
4.542476608864170373e+00 8.546917507189072394e-01
4.592476608864171084e+00 7.927621923266356951e-01
4.642476608864171794e+00 8.560324937356471597e-01
4.692476608864168952e+00 7.646065889750979228e-01
4.742476608864173215e+00 8.382836099902333249e-01
4.792476608864170373e+00 8.162571175723634109e-01
4.842476608864171084e+00 8.373897813124067113e-01
4.892476608864171794e+00 7.976782500546819588e-01
4.942476608864168952e+00 7.177444282947602616e-01
4.992476608864173215e+00 7.136583543389816153e-01
5.042476608864170373e+00 6.574109925414646227e-01
5.092476608864171084e+00 6.157841141169687615e-01
5.142476608864171794e+00 6.528141593412137844e-01
5.192476608864168952e+00 6.332776182401466114e-01
5.242476608864173215e+00 5.970137118826100986e-01
5.292476608864170373e+00 6.464296687853092749e-01
5.342476608864171084e+00 6.546018166968669005e-01
5.392476608864171794e+00 6.335329978623827074e-01
5.442476608864168952e+00 6.989101811548426024e-01
5.492476608864173215e+00 6.966756094602761795e-01
5.542476608864170373e+00 6.913764822988756054e-01
5.592476608864171084e+00 7.234266248895150353e-01
5.642476608864171794e+00 8.068719164551840795e-01
5.692476608864168952e+00 8.543725261911121471e-01
5.742476608864173215e+00 9.137482883610219542e-01
5.792476608864170373e+00 9.593973958357376874e-01
5.842476608864171084e+00 9.834030803259379283e-01
5.892476608864171794e+00 1.066720682080488869e+00
5.942476608864168952e+00 1.079745042814533651e+00
5.992476608864173215e+00 1.180300769070026234e+00
6.042476608864170373e+00 1.193452819615188787e+00
6.092476608864171084e+00 1.177683127942105390e+00
6.142476608864171794e+00 1.343360657867821661e+00
6.192476608864168952e+00 1.328548639778123874e+00
6.242476608864173215e+00 1.386647503836852868e+00
6.292476608864170373e+00 1.443916384123314245e+00
6.342476608864171084e+00 1.327271741666942617e+00
6.392476608864171794e+00 1.317056556777495890e+00
6.442476608864168952e+00 1.396160394765149970e+00
6.492476608864173215e+00 1.358300365768637663e+00
6.542476608864170373e+00 1.392968149487198160e+00
6.592476608864171084e+00 1.265533717991348395e+00
6.642476608864171794e+00 1.223013010889025587e+00
6.692476608864168952e+00 1.209286356193831624e+00
6.742476608864173215e+00 1.253786255368484204e+00
6.792476608864170373e+00 1.187515243398197917e+00
6.842476608864171084e+00 1.173469364175208307e+00
6.892476608864171794e+00 1.116647398227660348e+00
6.942476608864168952e+00 1.118881969922226771e+00
6.992476608864173215e+00 1.025668407806024307e+00
7.042476608864170373e+00 1.127884101606051903e+00
7.092476608864171084e+00 1.017304725177789582e+00
7.142476608864171794e+00 1.015389378011018362e+00
7.192476608864168952e+00 9.722302218531052587e-01
7.242476608864173215e+00 9.544174932021323166e-01
7.292476608864170373e+00 9.531405950909515035e-01
7.342476608864171084e+00 9.514806275464162688e-01
7.392476608864171794e+00 8.888487751929953218e-01
7.442476608864168952e+00 9.456707411405433916e-01
7.492476608864173215e+00 8.875080321762554014e-01
7.542476608864170373e+00 8.775482269090445486e-01
7.592476608864174636e+00 9.378816626623400765e-01
7.642476608864171794e+00 8.605654820303392238e-01
7.692476608864168952e+00 8.544363710966711434e-01
7.742476608864173215e+00 8.364959526345800978e-01
7.792476608864170373e+00 8.907002774542074341e-01
7.842476608864174636e+00 8.841242521816260469e-01
7.892476608864171794e+00 8.753136552144781257e-01
7.942476608864168952e+00 9.084491611996213800e-01
7.992476608864173215e+00 8.836134929371537439e-01
8.042476608864170373e+00 8.692483891863690415e-01
8.092476608864174636e+00 9.002131683825048691e-01
8.142476608864171794e+00 9.309864128619635970e-01
8.192476608864168952e+00 8.762713287978638466e-01
8.242476608864173215e+00 9.102368185552746072e-01
8.292476608864170373e+00 9.222396608003746721e-01
8.342476608864174636e+00 9.170682234500922014e-01
8.392476608864171794e+00 9.069168834662043599e-01
8.442476608864168952e+00 9.653988169582877754e-01
8.492476608864173215e+00 9.176428276001236117e-01
8.542476608864170373e+00 9.390947158679618934e-01
8.592476608864174636e+00 9.433723245404179725e-01
8.642476608864171794e+00 9.579289630078796636e-01
8.692476608864168952e+00 9.150890313777617635e-01
8.742476608864173215e+00 9.920859874819675239e-01
8.792476608864170373e+00 9.532682849020696070e-01
8.842476608864174636e+00 9.636111596026344372e-01
8.892476608864171794e+00 9.634196248859572265e-01
8.942476608864168952e+00 9.585035671579111849e-01
8.992476608864173215e+00 9.907452444652276036e-01
9.042476608864170373e+00 1.003897295010390600e+00
9.092476608864174636e+00 1.031605984023015177e+00
9.142476608864171794e+00 1.020369280644623622e+00
9.192476608864168952e+00 1.045013414190413936e+00
9.242476608864173215e+00 1.042140393440257107e+00
9.292476608864170373e+00 1.029307567422889536e+00
9.342476608864174636e+00 1.061613089635765395e+00
9.392476608864171794e+00 1.027009150822764116e+00
9.442476608864168952e+00 1.076233573008786193e+00
9.492476608864173215e+00 1.044183430418146763e+00
9.542476608864170373e+00 1.072019809241889332e+00
9.592476608864174636e+00 1.063209212274741411e+00
9.642476608864171794e+00 1.070040617169558894e+00
9.692476608864168952e+00 1.074573605464251180e+00
9.742476608864173215e+00 1.084788790353698129e+00
9.792476608864170373e+00 1.126734893305989083e+00
9.842476608864174636e+00 1.085937998653760728e+00
9.892476608864171794e+00 1.063911506235890814e+00
9.942476608864168952e+00 1.082298839036895055e+00
9.992476608864173215e+00 1.071955964336330336e+00
1.004247660886417037e+01 1.078085075269998416e+00
1.009247660886417464e+01 1.007344919910578840e+00
1.014247660886417179e+01 1.054526305118711704e+00
1.019247660886416895e+01 1.067614510758315483e+00
1.024247660886417322e+01 1.062123848880237809e+00
1.029247660886417037e+01 1.069466013019527706e+00
1.034247660886417464e+01 1.083192667714721891e+00
1.039247660886417179e+01 1.081341165453509445e+00
1.044247660886416895e+01 1.005557262554925613e+00
1.049247660886417322e+01 1.040288891179045105e+00
1.054247660886417037e+01 1.050567920974050828e+00
1.059247660886417464e+01 9.634196248859572265e-01
1.064247660886417179e+01 1.033202106661991415e+00
1.069247660886416895e+01 9.977043391711633014e-01
1.074247660886417322e+01 9.953420776654787749e-01
1.079247660886417037e+01 9.890214320151335947e-01
1.084247660886417464e+01 9.549920973521636158e-01
1.089247660886417179e+01 9.713363931752785341e-01
1.094247660886416895e+01 8.967655434823165184e-01
1.099247660886417322e+01 9.625896411136898312e-01
1.104247660886417037e+01 9.353917113455374466e-01
1.109247660886417464e+01 9.059592098828186391e-01
1.114247660886417179e+01 9.406908385069380207e-01
1.119247660886416895e+01 9.669310946917047955e-01
1.124247660886417322e+01 9.726771361920185655e-01
1.129247660886417037e+01 8.947863514099861915e-01
1.134247660886417464e+01 8.975955272545841357e-01
1.139247660886417179e+01 9.272195634339799319e-01
1.144247660886416895e+01 9.491822109462906276e-01
1.149247660886417322e+01 9.532044399965104997e-01
1.154247660886417037e+01 9.751032426032621991e-01
1.159247660886417464e+01 9.053846057327873398e-01
1.164247660886417179e+01 9.865314806983307427e-01
1.169247660886416895e+01 9.532044399965104997e-01
1.174247660886417322e+01 9.821261822147568932e-01
1.179247660886417037e+01 9.078107121440310845e-01
1.184247660886417464e+01 8.986808906490878490e-01
1.189247660886417179e+01 9.775293490145058328e-01
1.194247660886416895e+01 9.475222434017556150e-01
1.199247660886417322e+01 9.657180414860828677e-01
1.204247660886417037e+01 9.243465426838231025e-01
1.209247660886417464e+01 9.975128044544863126e-01
1.214247660886417179e+01 9.844884437204415306e-01
1.219247660886416895e+01 9.754863120366165097e-01
1.224247660886417322e+01 9.880637584317479849e-01
1.229247660886417037e+01 1.058037774924458940e+00
1.234247660886417464e+01 9.414569773736465308e-01
1.239247660886417179e+01 1.033840555717581822e+00
1.244247660886416895e+01 1.009834871227381470e+00
1.249247660886417322e+01 9.774655041089468366e-01
1.254247660886417037e+01 1.003833450104831604e+00
1.259247660886417464e+01 1.063719971519213825e+00
1.264247660886417179e+01 1.039267372690100277e+00
1.269247660886416895e+01 9.969382003044547913e-01
1.274247660886417322e+01 1.053440941724207658e+00
1.279247660886417037e+01 1.017943174233379988e+00
1.284247660886417464e+01 9.696764256307435215e-01
1.289247660886417179e+01 1.042395773062493314e+00
1.294247660886416895e+01 1.003067311238122983e+00
1.299247660886417322e+01 1.011367148960798490e+00
1.304247660886417037e+01 1.024583044411520483e+00
1.309247660886417464e+01 1.007664144438374043e+00
1.314247660886417179e+01 9.979597187933996194e-01
1.319247660886416895e+01 1.051078680218523242e+00
1.324247660886417322e+01 1.023433836111457662e+00
1.329247660886417037e+01 1.033968245528699814e+00
1.334247660886417464e+01 9.585035671579111849e-01
1.339247660886417179e+01 9.531405950909515035e-01
1.344247660886416895e+01 9.982150984156357154e-01
1.349247660886417322e+01 9.772101244867106296e-01
1.354247660886417037e+01 1.030648310439629567e+00
1.359247660886417464e+01 9.744009486421127963e-01
1.364247660886417179e+01 1.014240169710955541e+00
1.369247660886416895e+01 9.221758158948156758e-01
1.374247660886417322e+01 9.664841803527913777e-01
1.379247660886417037e+01 9.762524509033250197e-01
1.384247660886417464e+01 9.819346474980796824e-01
1.389247660886417179e+01 9.281772370173657638e-01
1.394247660886416895e+01 9.928521263486760340e-01
1.399247660886417322e+01 9.784870225978914426e-01
1.404247660886417037e+01 9.646326780915791543e-01
1.409247660886417464e+01 9.712087033641605416e-01
1.414247660886417179e+01 9.578651181023205563e-01
1.419247660886416895e+01 9.480968475517870253e-01
1.424247660886417322e+01 9.304756536174911830e-01
1.429247660886417037e+01 9.962359063433054995e-01
1.434247660886417464e+01 9.514806275464162688e-01
1.439247660886417179e+01 9.750393976977032029e-01
1.444247660886416895e+01 1.011558683677475701e+00
1.449247660886417322e+01 9.583758773467929704e-01
1.454247660886417037e+01 9.878083788095116669e-01
1.459247660886417464e+01 9.998750659601708390e-01
1.464247660886417179e+01 9.835307701370559208e-01
1.469247660886416895e+01 9.403077690735838212e-01
1.474247660886417322e+01 9.983427882267538189e-01
1.479247660886417037e+01 9.977681840767225196e-01
1.484247660886417464e+01 9.579928079134386598e-01
1.489247660886417179e+01 9.858930316427404472e-01
1.494247660886416895e+01 1.015580912727695573e+00
1.499247660886417322e+01 1.055100909268743115e+00
1.504247660886417037e+01 1.029690636856243735e+00
1.509247660886417464e+01 1.025221493467110889e+00
1.514247660886417179e+01 1.042459617968052532e+00
1.519247660886416895e+01 1.008111058777287461e+00
1.524247660886417322e+01 1.032946727039754986e+00
1.529247660886417037e+01 9.820623373091980080e-01
1.534247660886417464e+01 9.714640829863967486e-01
1.539247660886417179e+01 1.053057872290853680e+00
1.544247660886416895e+01 9.849992029649137226e-01
1.549247660886417322e+01 9.879999135261887666e-01
1.554247660886417037e+01 9.555028565966361409e-01
1.559247660886417464e+01 9.578012731967615601e-01
1.564247660886417179e+01 9.219204362725794688e-01
1.569247660886416895e+01 9.600358448913280940e-01
1.574247660886417322e+01 1.027966824406149726e+00
1.579247660886417037e+01 9.781677980700963504e-01
1.584247660886417464e+01 9.650157475249333539e-01
1.589247660886417179e+01 9.779124184478600323e-01
1.594247660886416895e+01 9.913836935208181211e-01
1.599247660886417322e+01 9.258788204172401226e-01
1.604247660886417037e+01 9.747840180754669959e-01
1.609247660886417464e+01 9.914475384263772284e-01
1.614247660886417179e+01 9.699956501585387247e-01
1.619247660886416895e+01 9.906175546541096111e-01
1.624247660886417322e+01 1.009579491605145485e+00
1.629247660886417037e+01 9.869145501316851643e-01
1.634247660886417464e+01 1.005110348216012417e+00
1.639247660886417179e+01 9.761886059977659125e-01
1.644247660886416895e+01 1.017687794611143781e+00
1.649247660886417322e+01 1.009962561038499684e+00
1.654247660886417037e+01 1.011877908205270904e+00
1.659247660886417464e+01 1.017815484422261996e+00
1.664247660886417179e+01 9.601635347024461975e-01
1.669247660886416895e+01 1.051653284368554653e+00
1.674247660886417322e+01 1.012388667449743318e+00
1.679247660886417037e+01 1.011047924433003509e+00
1.684247660886417464e+01 1.034223625150935799e+00
1.689247660886417179e+01 9.827007863647883035e-01
1.694247660886416895e+01 1.020688505172418825e+00
1.699247660886417322e+01 1.037352025523328836e+00
1.704247660886417037e+01 9.737624995865222788e-01
1.709247660886417464e+01 1.020496970455741614e+00
1.714247660886417179e+01 1.055994737946569506e+00
1.719247660886416895e+01 1.044055740607028548e+00
1.724247660886417322e+01 9.738901893976403823e-01
1.729247660886417037e+01 9.614404328136270106e-01
1.734247660886417464e+01 9.579289630078796636e-01
1.739247660886417179e+01 9.650157475249333539e-01
1.744247660886416895e+01 9.454792064238661808e-01
1.749247660886417322e+01 1.009260267077350059e+00
1.754247660886417037e+01 1.007344919910578840e+00
1.759247660886417464e+01 9.777847286367420399e-01
1.764247660886417179e+01 9.788700920312456422e-01
1.769247660886416895e+01 9.585674120634700701e-01
1.774247660886417322e+01 9.969382003044547913e-01
1.779247660886417037e+01 9.932351957820304555e-01
1.784247660886417464e+01 1.012452512355302314e+00
1.789247660886417179e+01 9.962997512488646068e-01
1.794247660886416895e+01 9.993643067156985360e-01
1.799247660886417322e+01 1.019603141777915223e+00
1.804247660886417037e+01 9.510975581130620693e-01
1.809247660886417464e+01 9.658457312972008602e-01
1.814247660886417179e+01 9.745286384532307888e-01
1.819247660886416895e+01 9.834669252314967025e-01
1.824247660886417322e+01 1.002556551993650569e+00
1.829247660886417037e+01 9.739540343031994896e-01
1.834247660886417464e+01 9.174512928834465120e-01
1.839247660886417179e+01 1.015708602538813565e+00
1.844247660886416895e+01 9.445215328404805710e-01
1.849247660886417322e+01 9.595250856468556799e-01
1.854247660886417037e+01 9.937459550265026476e-01
1.859247660886417464e+01 9.865314806983307427e-01
1.864247660886417179e+01 9.515444724519752651e-01
1.869247660886416895e+01 9.892768116373696907e-01
1.874247660886417322e+01 9.831477007037016103e-01
1.879247660886417037e+01 1.009132577266232067e+00
1.884247660886417464e+01 9.761247610922069162e-01
1.889247660886417179e+01 1.004408054254862792e+00
1.894247660886416895e+01 9.680164580862083978e-01
1.899247660886417322e+01 1.044438810040382748e+00
1.904247660886417037e+01 9.359663154955688569e-01
1.909247660886417464e+01 9.982789433211948227e-01
1.914247660886417179e+01 9.933628855931484480e-01
1.919247660886416895e+01 1.003833450104831604e+00
1.924247660886417322e+01 9.924690569153218345e-01
1.929247660886417037e+01 1.048716418712838605e+00
1.934247660886417464e+01 9.761247610922069162e-01
1.939247660886417179e+01 9.615681226247451141e-01
1.944247660886416895e+01 9.972574248322502166e-01
1.949247660886417322e+01 9.722940667586643659e-01
1.954247660886417037e+01 9.790616267479229640e-01
1.959247660886417464e+01 9.553751667855179264e-01
1.964247660886417179e+01 9.752947773199394099e-01
1.969247660886416895e+01 1.024008440261489294e+00
1.974247660886417322e+01 1.032435967795282572e+00
1.979247660886417037e+01 1.039458907406777488e+00
1.984247660886417464e+01 9.961720614377462812e-01
1.989247660886417179e+01 1.023114611583662459e+00
1.994247660886416895e+01 1.048907953429515816e+00
1.999247660886417322e+01 1.010409475377412880e+00
2.004247660886417037e+01 9.495014354740860529e-01
2.009247660886417464e+01 1.030903690061865774e+00
2.014247660886417179e+01 1.001343498788028974e+00
2.019247660886416895e+01 1.043608826268115131e+00
2.024247660886417322e+01 1.003258845954800194e+00
2.029247660886417037e+01 9.860207214538585507e-01
2.034247660886417464e+01 1.010601010094090091e+00
2.039247660886417179e+01 9.417762019014418451e-01
2.044247660886417606e+01 9.588866365912652734e-01
2.049247660886417322e+01 1.037479715334447050e+00
2.054247660886417037e+01 1.003961139915949596e+00
2.059247660886416753e+01 1.021710023661363653e+00
2.064247660886417179e+01 9.818069576869616899e-01
2.069247660886417606e+01 9.730602056253728760e-01
2.074247660886417322e+01 1.008685662927318871e+00
2.079247660886417037e+01 9.821261822147568932e-01
2.084247660886416753e+01 1.003450380671477404e+00
2.089247660886417179e+01 9.477776230239918220e-01
2.094247660886417606e+01 1.001918102938060162e+00
2.099247660886417322e+01 9.315610170119948963e-01
2.104247660886417037e+01 1.025413028183787878e+00
2.109247660886416753e+01 9.883191380539839699e-01
2.114247660886417179e+01 9.737624995865222788e-01
2.119247660886417606e+01 9.633557799803983412e-01
2.124247660886417322e+01 1.007919524060610250e+00
2.129247660886417037e+01 1.026817616106086906e+00
2.134247660886416753e+01 9.776570388256238253e-01
2.139247660886417179e+01 9.894683463540467905e-01
2.144247660886417606e+01 9.696125807251845252e-01
2.149247660886417322e+01 1.044055740607028548e+00
2.154247660886417037e+01 9.613765879080680143e-01
2.159247660886416753e+01 1.049993316824019640e+00
2.164247660886417179e+01 1.059889277185671164e+00
2.169247660886417606e+01 9.827646312703472997e-01
2.174247660886417322e+01 9.637388494137526518e-01
2.179247660886417037e+01 9.917029180486134354e-01
2.184247660886416753e+01 1.029626791950684739e+00
2.189247660886417179e+01 1.011686373488593693e+00
2.194247660886417606e+01 9.786785573145685424e-01
2.199247660886417322e+01 9.703148746863339280e-01
2.204247660886417037e+01 1.043736516079233345e+00
2.209247660886416753e+01 9.763801407144430122e-01
2.214247660886417179e+01 9.878722237150707741e-01
2.219247660886417606e+01 9.254319060783267048e-01
2.224247660886417322e+01 1.023369991205898666e+00
2.229247660886417037e+01 1.038692768540068867e+00
2.234247660886416753e+01 9.987897025656671257e-01
2.239247660886417179e+01 9.313694822953179075e-01
2.244247660886417606e+01 9.634834697915163337e-01
2.249247660886417322e+01 9.789339369368048605e-01
2.254247660886417037e+01 9.604189143246821825e-01
2.259247660886416753e+01 9.442661532182444750e-01
2.264247660886417179e+01 1.012771736883097518e+00
2.269247660886417606e+01 9.348171071955060363e-01
2.274247660886417322e+01 9.698679603474207322e-01
2.279247660886417037e+01 1.019730831589033215e+00
2.284247660886416753e+01 9.521829215075656716e-01
2.289247660886417179e+01 9.370516788900726812e-01
2.294247660886417606e+01 9.455430513294253991e-01
2.299247660886417322e+01 9.678249233695312981e-01
2.304247660886417037e+01 1.011239459149680497e+00
2.309247660886416753e+01 9.609935184747137038e-01
2.314247660886417179e+01 9.780401082589782469e-01
2.319247660886417606e+01 9.947036286098884794e-01
2.324247660886417322e+01 9.788062471256866459e-01
2.329247660886417037e+01 1.039841976840131910e+00
2.334247660886416753e+01 1.006323401421634012e+00
2.339247660886417179e+01 1.038628923634510093e+00
2.344247660886417606e+01 1.037926629673360246e+00
2.349247660886417322e+01 9.881914482428659774e-01
2.354247660886417037e+01 1.047694900223893999e+00
2.359247660886416753e+01 1.035500523262116612e+00
2.364247660886417179e+01 1.016857810838876164e+00
2.369247660886417606e+01 1.049993316824019640e+00
2.374247660886417322e+01 1.020369280644623622e+00
2.379247660886417037e+01 9.801469901424265663e-01
2.384247660886416753e+01 1.004982658404894202e+00
2.389247660886417179e+01 1.051653284368554653e+00
2.394247660886417606e+01 1.058229309641136151e+00
2.399247660886417322e+01 1.005748797271602601e+00
2.404247660886417037e+01 1.027072995728322891e+00
2.409247660886416753e+01 1.010601010094090091e+00
2.414247660886417179e+01 1.038884303256746078e+00
2.419247660886417606e+01 1.044183430418146763e+00
2.424247660886417322e+01 1.024838424033756468e+00
2.429247660886417037e+01 9.802746799535446698e-01
2.434247660886416753e+01 1.014814773860986952e+00
2.439247660886417179e+01 9.959805267210691815e-01
2.444247660886417606e+01 1.020816194983536818e+00
2.449247660886417322e+01 1.059953122091230382e+00
2.454247660886417037e+01 9.913198486152590139e-01
2.459247660886416753e+01 9.519913867908885718e-01
2.464247660886417179e+01 9.705702543085701350e-01
2.469247660886417606e+01 9.886383625817793952e-01
2.474247660886417322e+01 9.511614030186211766e-01
2.479247660886417037e+01 9.370516788900726812e-01
2.484247660886416753e+01 9.991089270934623290e-01
2.489247660886417179e+01 9.819984924036386786e-01
2.494247660886417606e+01 1.062953832652505204e+00
2.499247660886417322e+01 9.861484112649766542e-01
2.504247660886417037e+01 9.750393976977032029e-01
2.509247660886416753e+01 9.553751667855179264e-01
2.514247660886417179e+01 9.484160720795824506e-01
2.519247660886417606e+01 9.902344852207554116e-01
2.524247660886417322e+01 1.060144656807907371e+00
2.529247660886417037e+01 9.613127430025090181e-01
2.534247660886416753e+01 1.019028537627883813e+00
2.539247660886417179e+01 1.057973930018899944e+00
2.544247660886417606e+01 9.613127430025090181e-01
2.549247660886417322e+01 9.749117078865849884e-01
2.554247660886417037e+01 1.024263819883725057e+00
2.559247660886416753e+01 9.777208837311829326e-01
2.564247660886417179e+01 1.046098777584917983e+00
2.569247660886417606e+01 9.470753290628424192e-01
2.574247660886417322e+01 1.000641204826879571e+00
2.579247660886417037e+01 1.005940331988280034e+00
2.584247660886416753e+01 1.031095224778542985e+00
2.589247660886417179e+01 1.010856389716326076e+00
2.594247660886417606e+01 1.021773868566922427e+00
2.599247660886417322e+01 1.049418712673988008e+00
2.604247660886417037e+01 1.009324111982909056e+00
2.609247660886416753e+01 1.020113901022387415e+00
2.614247660886417179e+01 1.003450380671477404e+00
2.619247660886417606e+01 1.012260977638625103e+00
2.624247660886417322e+01 9.894683463540467905e-01
2.629247660886417037e+01 9.834030803259379283e-01
2.634247660886416753e+01 1.009579491605145485e+00
2.639247660886417179e+01 9.579289630078796636e-01
2.644247660886417606e+01 9.489906762296136389e-01
2.649247660886417322e+01 9.713363931752785341e-01
2.654247660886417037e+01 9.189835706168635321e-01
2.659247660886416753e+01 1.023944595355930076e+00
2.664247660886417179e+01 1.017751639516702777e+00
2.669247660886417606e+01 9.634196248859572265e-01
2.674247660886417322e+01 9.581204977245567633e-01
2.679247660886417037e+01 9.422231162403550409e-01
2.684247660886417464e+01 1.010664854999649087e+00
2.689247660886417179e+01 1.000768894637997342e+00
2.694247660886417606e+01 9.779124184478600323e-01
2.699247660886417322e+01 9.074276427106766629e-01
2.704247660886417037e+01 1.006451091232752226e+00
2.709247660886417464e+01 9.712087033641605416e-01
2.714247660886417179e+01 1.007089540288342633e+00
2.719247660886417606e+01 1.010473320282972098e+00
2.724247660886417322e+01 1.014623239144309741e+00
2.729247660886417037e+01 1.020433125550182618e+00
2.734247660886417464e+01 9.751032426032621991e-01
2.739247660886417179e+01 1.011877908205270904e+00
2.744247660886417606e+01 1.021710023661363653e+00
2.749247660886417322e+01 9.911283138985818031e-01
2.754247660886417037e+01 1.017177035366671589e+00
2.759247660886417464e+01 1.018773158005647606e+00
2.764247660886417179e+01 1.042587307779170525e+00
2.769247660886417606e+01 1.043864205890351338e+00
2.774247660886417322e+01 1.014687084049868737e+00
2.779247660886417037e+01 1.033457486284227400e+00
2.784247660886417464e+01 1.018837002911206602e+00
2.789247660886417179e+01 9.681441478973265014e-01
2.794247660886417606e+01 1.066976061702724854e+00
2.799247660886417322e+01 1.072913637919715724e+00
2.804247660886417037e+01 1.055356288890978878e+00
2.809247660886417464e+01 1.040480425895722094e+00
2.814247660886417179e+01 1.095195509959821845e+00
2.819247660886417606e+01 1.061676934541324391e+00
2.824247660886417322e+01 1.044949569284855162e+00
2.829247660886417037e+01 1.088236415253886147e+00
2.834247660886417464e+01 1.042970377212524724e+00
2.839247660886417179e+01 1.050312541351814843e+00
2.844247660886417606e+01 1.004471899160422010e+00
2.849247660886417322e+01 1.027072995728322891e+00
2.854247660886417037e+01 1.045651863246004565e+00
2.859247660886417464e+01 9.742094139254355856e-01
2.864247660886417179e+01 1.033649021000904389e+00
2.869247660886417606e+01 9.927882814431170377e-01
2.874247660886417322e+01 9.861484112649766542e-01
2.879247660886417037e+01 9.847438233426775156e-01
2.884247660886417464e+01 9.752309324143803027e-01
2.889247660886417179e+01 9.067891936550863674e-01
2.894247660886417606e+01 9.888937422040154912e-01
2.899247660886417322e+01 9.452238268016300848e-01
2.904247660886417037e+01 9.669310946917047955e-01
2.909247660886417464e+01 9.568435996133760613e-01
2.914247660886417179e+01 9.943844040820931651e-01
2.919247660886417606e+01 9.364132298344822747e-01
2.924247660886417322e+01 9.408823732236151205e-01
2.929247660886417037e+01 9.869145501316851643e-01
2.934247660886417464e+01 9.859568765482995545e-01
2.939247660886417179e+01 9.396054751124344184e-01
2.944247660886417606e+01 9.936821101209436513e-01
2.949247660886417322e+01 9.889575871095745985e-01
2.954247660886417037e+01 9.329656049342938129e-01
2.959247660886417464e+01 9.336040539898843305e-01
2.964247660886417179e+01 9.655265067694057679e-01
2.969247660886417606e+01 9.928521263486760340e-01
2.974247660886417322e+01 9.301564290896959797e-01
2.979247660886417037e+01 9.462453452905748019e-01
2.984247660886417464e+01 9.673780090306181023e-01
2.989247660886417179e+01 9.305394985230501792e-01
2.994247660886417606e+01 9.193027951446586243e-01
2.999247660886417322e+01 9.745286384532307888e-01
3.004247660886417037e+01 9.563328403689035362e-01
3.009247660886417464e+01 9.164936193000607911e-01
3.014247660886417179e+01 9.763801407144430122e-01
3.019247660886417606e+01 9.473945535906376225e-01
3.024247660886417322e+01 9.200050891058081382e-01
3.029247660886417037e+01 9.263895796617125367e-01
3.034247660886417464e+01 9.176428276001236117e-01
3.039247660886417179e+01 9.882552931484250847e-01
3.044247660886417606e+01 9.945759387987702649e-01
3.049247660886417322e+01 9.447769124627168891e-01
3.054247660886417037e+01 9.646965229971382616e-01
3.059247660886417464e+01 9.500121947185582449e-01
3.064247660886417179e+01 1.025987632333819288e+00
3.069247660886417606e+01 9.454792064238661808e-01
3.074247660886417322e+01 1.021135419511332243e+00
3.079247660886417037e+01 1.073615931880865570e+00
3.084247660886417464e+01 1.053440941724207658e+00
3.089247660886417179e+01 1.076744332253258385e+00
3.094247660886417606e+01 1.114987430683125114e+00
3.099247660886417322e+01 1.075212054519841365e+00
3.104247660886417037e+01 1.119903488411171377e+00
3.109247660886417464e+01 1.072147499053007325e+00
3.114247660886417179e+01 1.114157446910857718e+00
3.119247660886417606e+01 1.125074925761454070e+00
3.124247660886417322e+01 1.159742709480014344e+00
3.129247660886417037e+01 1.152655924962960654e+00
3.134247660886417464e+01 1.169191755502752450e+00
3.139247660886417179e+01 1.240889584445557858e+00
3.144247660886417606e+01 1.274280470052937320e+00
3.149247660886417322e+01 1.275238143636322707e+00
3.154247660886417037e+01 1.233802799928504168e+00
3.159247660886417464e+01 1.211840152416193028e+00
3.164247660886417179e+01 1.275685057975236347e+00
3.169247660886417606e+01 1.206349490538115354e+00
3.174247660886417322e+01 1.227801378805954080e+00
3.179247660886417037e+01 1.216181605994208104e+00
3.184247660886417464e+01 1.159615019668896130e+00
3.189247660886417179e+01 1.103942262021410770e+00
3.194247660886417606e+01 1.170532498519492481e+00
3.199247660886417322e+01 1.064422265480363228e+00
3.204247660886417037e+01 1.042331928156934318e+00
3.209247660886417464e+01 1.012260977638625103e+00
3.214247660886417179e+01 9.786785573145685424e-01
3.219247660886417606e+01 9.369878339845136850e-01
3.224247660886417322e+01 8.817619906759415205e-01
3.229247660886417037e+01 8.688653197530148420e-01
3.234247660886417464e+01 8.235992817116533082e-01
3.239247660886417179e+01 7.662665565196329354e-01
3.244247660886417606e+01 7.602651353970828474e-01
3.249247660886417322e+01 7.476238440963922649e-01
3.254247660886417037e+01 6.843535426873808003e-01
3.259247660886417464e+01 6.740745128923748553e-01
3.264247660886417179e+01 7.261719558285539833e-01
3.269247660886417606e+01 7.086784517053762444e-01
3.274247660886417322e+01 7.428354761794642158e-01
3.279247660886417037e+01 7.526037467299977468e-01
3.284247660886417464e+01 7.689480425531125540e-01
3.289247660886417179e+01 7.918045187432499743e-01
3.294247660886417606e+01 8.956801800878128050e-01
3.299247660886417322e+01 9.192389502390996281e-01
3.304247660886417037e+01 9.136844434554629579e-01
3.309247660886417464e+01 1.005365727838248624e+00
3.314247660886417179e+01 9.936821101209436513e-01
3.319247660886417606e+01 1.017368570083348578e+00
3.324247660886417322e+01 1.026370701767173710e+00
3.329247660886417037e+01 1.011558683677475701e+00
3.334247660886417464e+01 9.988535474712261220e-01
3.339247660886417179e+01 1.004280364443744800e+00
3.344247660886417606e+01 9.856376520205043512e-01
3.349247660886417322e+01 9.347532622899470400e-01
3.354247660886417037e+01 8.694399239030461413e-01
3.359247660886417464e+01 7.991466828825399826e-01
3.364247660886417179e+01 8.309414458509433166e-01
3.369247660886417606e+01 8.248761798228342323e-01
3.374247660886417322e+01 8.610762412748114158e-01
3.379247660886417037e+01 8.415397001737444649e-01
3.384247660886417464e+01 8.790805046424615687e-01
3.389247660886417179e+01 9.662288007305551707e-01
3.394247660886417606e+01 1.043481136456997138e+00
3.399247660886417322e+01 1.175959315492011381e+00
3.404247660886417037e+01 1.363535648024478908e+00
3.409247660886417464e+01 1.479158771991905930e+00
3.414247660886417179e+01 1.685441661853173345e+00
3.419247660886417606e+01 1.862036670629486412e+00
3.424247660886417322e+01 1.957484804440255299e+00
3.429247660886417037e+01 2.096602853653410037e+00
3.434247660886417464e+01 2.061615845407054337e+00
3.439247660886417179e+01 1.947971913511957753e+00
3.444247660886417606e+01 1.801703234876190773e+00
3.449247660886417322e+01 1.501887558370925468e+00
3.454247660886417037e+01 1.300201501709908669e+00
3.459247660886417464e+01 1.045077259095973155e+00
3.464247660886417179e+01 8.025943077827282224e-01
3.469247660886417606e+01 6.652639159252270451e-01
3.474247660886417322e+01 5.364248965070784747e-01
3.479247660886417037e+01 4.430197996741986888e-01
3.484247660886417464e+01 3.947530510715623331e-01
3.489247660886417179e+01 3.592552835807344414e-01
3.494247660886417606e+01 3.185222338340649717e-01
3.499247660886417322e+01 3.188414583618602860e-01
3.504247660886417037e+01 3.069024610223192173e-01
3.509247660886417464e+01 2.977726395273760374e-01
3.514247660886417179e+01 2.903666304825270883e-01
3.519247660886417606e+01 2.790660821985765372e-01
3.524247660886417322e+01 2.587634022308008541e-01
3.529247660886417037e+01 2.535281199749593872e-01
3.534247660886417464e+01 2.687232074980115959e-01
3.539247660886417179e+01 3.262474674067092351e-01
3.544247660886417606e+01 5.511092247856583803e-01
3.549247660886417322e+01 9.330932947454119164e-01
3.554247660886417037e+01 1.593121928414797495e+00
3.559247660886417464e+01 2.534642750694002800e+00
3.564247660886417179e+01 3.728414794836987234e+00
3.569247660886417606e+01 4.709583303468358295e+00
3.574247660886417322e+01 5.538481712341411622e+00
3.579247660886417037e+01 5.563381225509439254e+00
3.584247660886417464e+01 5.098590313039607302e+00
3.589247660886417179e+01 4.113782644791370124e+00
3.594247660886417606e+01 3.030143062737735260e+00
3.599247660886417322e+01 2.058487445034661079e+00
3.604247660886417037e+01 1.312523568482804048e+00
3.609247660886417464e+01 7.433462354239364078e-01
3.614247660886417179e+01 3.985837454051048834e-01
3.619247660886417606e+01 1.891724551714440983e-01
3.624247660886417322e+01 1.085363394503729428e-01
3.629247660886417037e+01 5.356587576403699230e-02
3.634247660886417464e+01 2.541027241249907073e-02
3.639247660886417179e+01 1.621660601199689800e-02
3.644247660886417606e+01 1.066209922836016365e-02
3.649247660886417322e+01 6.767559989258547723e-03
3.654247660886417037e+01 5.362972066959603365e-03
3.659247660886417464e+01 5.043747539164389684e-03
3.664247660886417179e+01 5.299127161400561149e-03
3.669247660886417606e+01 4.916057728046303518e-03
3.674247660886417322e+01 4.277608672455874422e-03
3.679247660886417037e+01 4.341453578014917505e-03
3.684247660886417464e+01 6.001421122550034196e-03
3.689247660886417179e+01 9.193666400502177941e-03
3.694247660886417606e+01 9.257511306061219289e-03
3.699247660886417322e+01 1.213053205621815109e-02
3.704247660886417037e+01 1.149208300062772199e-02
3.709247660886417464e+01 9.321356211620262372e-03
3.714247660886417179e+01 7.661388667085147416e-03
3.719247660886417606e+01 8.491372439352707496e-03
3.724247660886417322e+01 6.384490555904290092e-03
3.729247660886417037e+01 7.022939611494720055e-03
3.734247660886417464e+01 4.916057728046303518e-03
3.739247660886417179e+01 4.022229050219702090e-03
3.744247660886417606e+01 2.426106411243630218e-03
3.749247660886417322e+01 2.106881883448415670e-03
3.754247660886417037e+01 1.085363394503729376e-03
3.759247660886417464e+01 5.107592444723431466e-04
3.764247660886417179e+01 3.830694333542573058e-04
3.769247660886417606e+01 6.384490555904289333e-05
3.774247660886417322e+01 2.553796222361715733e-04
3.779247660886417037e+01 0.000000000000000000e+00
3.784247660886417464e+01 0.000000000000000000e+00
3.789247660886417179e+01 0.000000000000000000e+00
3.794247660886417606e+01 0.000000000000000000e+00
3.799247660886417322e+01 0.000000000000000000e+00
3.804247660886417037e+01 0.000000000000000000e+00
3.809247660886417464e+01 0.000000000000000000e+00
3.814247660886417179e+01 0.000000000000000000e+00
3.819247660886417606e+01 0.000000000000000000e+00
3.824247660886417322e+01 0.000000000000000000e+00
3.829247660886417037e+01 0.000000000000000000e+00
3.834247660886417464e+01 0.000000000000000000e+00
