-1.266835350798253579e+01 2.422612857797993918e-04
-1.261835350798253685e+01 3.230150477063992252e-04
-1.256835350798253614e+01 3.499329683485991787e-04
-1.251835350798253543e+01 1.884254444953995661e-04
-1.246835350798253650e+01 2.960971270641993259e-04
-1.241835350798253579e+01 3.499329683485991787e-04
-1.236835350798253685e+01 3.768508889907991322e-04
-1.231835350798253614e+01 4.037688096329990315e-04
-1.226835350798253543e+01 4.845225715595987835e-04
-1.221835350798253650e+01 3.768508889907991322e-04
-1.216835350798253579e+01 4.037688096329990315e-04
-1.211835350798253685e+01 8.075376192659980629e-05
-1.206835350798253614e+01 1.076716825687997462e-04
-1.201835350798253543e+01 5.383584128439987312e-05
-1.196835350798253650e+01 0.000000000000000000e+00
-1.191835350798253579e+01 0.000000000000000000e+00
-1.186835350798253685e+01 0.000000000000000000e+00
-1.181835350798253614e+01 0.000000000000000000e+00
-1.176835350798253543e+01 0.000000000000000000e+00
-1.171835350798253650e+01 0.000000000000000000e+00
-1.166835350798253579e+01 0.000000000000000000e+00
-1.161835350798253685e+01 0.000000000000000000e+00
-1.156835350798253614e+01 0.000000000000000000e+00
-1.151835350798253543e+01 0.000000000000000000e+00
-1.146835350798253650e+01 0.000000000000000000e+00
-1.141835350798253579e+01 0.000000000000000000e+00
-1.136835350798253685e+01 0.000000000000000000e+00
-1.131835350798253614e+01 0.000000000000000000e+00
-1.126835350798253543e+01 0.000000000000000000e+00
-1.121835350798253650e+01 0.000000000000000000e+00
-1.116835350798253579e+01 0.000000000000000000e+00
-1.111835350798253685e+01 0.000000000000000000e+00
-1.106835350798253614e+01 0.000000000000000000e+00
-1.101835350798253543e+01 0.000000000000000000e+00
-1.096835350798253650e+01 0.000000000000000000e+00
-1.091835350798253579e+01 0.000000000000000000e+00
-1.086835350798253685e+01 0.000000000000000000e+00
-1.081835350798253614e+01 0.000000000000000000e+00
-1.076835350798253543e+01 0.000000000000000000e+00
-1.071835350798253650e+01 0.000000000000000000e+00
-1.066835350798253579e+01 0.000000000000000000e+00
-1.061835350798253685e+01 0.000000000000000000e+00
-1.056835350798253614e+01 0.000000000000000000e+00
-1.051835350798253543e+01 0.000000000000000000e+00
-1.046835350798253650e+01 0.000000000000000000e+00
-1.041835350798253579e+01 0.000000000000000000e+00
-1.036835350798253685e+01 0.000000000000000000e+00
-1.031835350798253614e+01 0.000000000000000000e+00
-1.026835350798253543e+01 0.000000000000000000e+00
-1.021835350798253650e+01 0.000000000000000000e+00
-1.016835350798253579e+01 0.000000000000000000e+00
-1.011835350798253685e+01 0.000000000000000000e+00
-1.006835350798253614e+01 0.000000000000000000e+00
-1.001835350798253543e+01 0.000000000000000000e+00
-9.968353507982536499e+00 0.000000000000000000e+00
-9.918353507982535788e+00 0.000000000000000000e+00
-9.868353507982536854e+00 0.000000000000000000e+00
-9.818353507982536144e+00 0.000000000000000000e+00
-9.768353507982535433e+00 0.000000000000000000e+00
-9.718353507982536499e+00 0.000000000000000000e+00
-9.668353507982535788e+00 0.000000000000000000e+00
-9.618353507982536854e+00 0.000000000000000000e+00
-9.568353507982536144e+00 0.000000000000000000e+00
-9.518353507982535433e+00 0.000000000000000000e+00
-9.468353507982536499e+00 0.000000000000000000e+00
-9.418353507982535788e+00 0.000000000000000000e+00
-9.368353507982536854e+00 0.000000000000000000e+00
-9.318353507982536144e+00 0.000000000000000000e+00
-9.268353507982535433e+00 0.000000000000000000e+00
-9.218353507982536499e+00 0.000000000000000000e+00
-9.168353507982535788e+00 0.000000000000000000e+00
-9.118353507982536854e+00 0.000000000000000000e+00
-9.068353507982536144e+00 0.000000000000000000e+00
-9.018353507982535433e+00 0.000000000000000000e+00
-8.968353507982536499e+00 0.000000000000000000e+00
-8.918353507982535788e+00 0.000000000000000000e+00
-8.868353507982536854e+00 0.000000000000000000e+00
-8.818353507982536144e+00 0.000000000000000000e+00
-8.768353507982535433e+00 0.000000000000000000e+00
-8.718353507982536499e+00 0.000000000000000000e+00
-8.668353507982535788e+00 0.000000000000000000e+00
-8.618353507982536854e+00 0.000000000000000000e+00
-8.568353507982536144e+00 0.000000000000000000e+00
-8.518353507982535433e+00 0.000000000000000000e+00
-8.468353507982536499e+00 0.000000000000000000e+00
-8.418353507982535788e+00 0.000000000000000000e+00
-8.368353507982536854e+00 0.000000000000000000e+00
-8.318353507982536144e+00 0.000000000000000000e+00
-8.268353507982535433e+00 0.000000000000000000e+00
-8.218353507982536499e+00 0.000000000000000000e+00
-8.168353507982535788e+00 0.000000000000000000e+00
-8.118353507982536854e+00 0.000000000000000000e+00
-8.068353507982536144e+00 0.000000000000000000e+00
-8.018353507982535433e+00 0.000000000000000000e+00
-7.968353507982536499e+00 0.000000000000000000e+00
-7.918353507982535788e+00 0.000000000000000000e+00
-7.868353507982535078e+00 0.000000000000000000e+00
-7.818353507982536144e+00 0.000000000000000000e+00
-7.768353507982535433e+00 0.000000000000000000e+00
-7.718353507982536499e+00 0.000000000000000000e+00
-7.668353507982535788e+00 0.000000000000000000e+00
-7.618353507982535078e+00 0.000000000000000000e+00
-7.568353507982536144e+00 0.000000000000000000e+00
-7.518353507982535433e+00 0.000000000000000000e+00
-7.468353507982536499e+00 0.000000000000000000e+00
-7.418353507982535788e+00 0.000000000000000000e+00
-7.368353507982535078e+00 0.000000000000000000e+00
-7.318353507982536144e+00 0.000000000000000000e+00
-7.268353507982535433e+00 0.000000000000000000e+00
-7.218353507982536499e+00 0.000000000000000000e+00
-7.168353507982535788e+00 0.000000000000000000e+00
-7.118353507982535078e+00 0.000000000000000000e+00
-7.068353507982536144e+00 0.000000000000000000e+00
-7.018353507982535433e+00 0.000000000000000000e+00
-6.968353507982536499e+00 0.000000000000000000e+00
-6.918353507982535788e+00 0.000000000000000000e+00
-6.868353507982535078e+00 0.000000000000000000e+00
-6.818353507982536144e+00 0.000000000000000000e+00
-6.768353507982535433e+00 0.000000000000000000e+00
-6.718353507982536499e+00 0.000000000000000000e+00
-6.668353507982535788e+00 0.000000000000000000e+00
-6.618353507982535078e+00 0.000000000000000000e+00
-6.568353507982536144e+00 0.000000000000000000e+00
-6.518353507982535433e+00 0.000000000000000000e+00
-6.468353507982536499e+00 0.000000000000000000e+00
-6.418353507982535788e+00 0.000000000000000000e+00
-6.368353507982535078e+00 0.000000000000000000e+00
-6.318353507982536144e+00 0.000000000000000000e+00
-6.268353507982535433e+00 0.000000000000000000e+00
-6.218353507982536499e+00 0.000000000000000000e+00
-6.168353507982535788e+00 0.000000000000000000e+00
-6.118353507982535078e+00 0.000000000000000000e+00
-6.068353507982536144e+00 0.000000000000000000e+00
-6.018353507982535433e+00 0.000000000000000000e+00
-5.968353507982536499e+00 0.000000000000000000e+00
-5.918353507982535788e+00 0.000000000000000000e+00
-5.868353507982535078e+00 0.000000000000000000e+00
-5.818353507982536144e+00 0.000000000000000000e+00
-5.768353507982535433e+00 0.000000000000000000e+00
-5.718353507982536499e+00 0.000000000000000000e+00
-5.668353507982535788e+00 0.000000000000000000e+00
-5.618353507982535078e+00 0.000000000000000000e+00
-5.568353507982536144e+00 0.000000000000000000e+00
-5.518353507982535433e+00 0.000000000000000000e+00
-5.468353507982536499e+00 0.000000000000000000e+00
-5.418353507982535788e+00 0.000000000000000000e+00
-5.368353507982535078e+00 0.000000000000000000e+00
-5.318353507982536144e+00 0.000000000000000000e+00
-5.268353507982535433e+00 0.000000000000000000e+00
-5.218353507982536499e+00 0.000000000000000000e+00
-5.168353507982535788e+00 0.000000000000000000e+00
-5.118353507982535078e+00 0.000000000000000000e+00
-5.068353507982536144e+00 0.000000000000000000e+00
-5.018353507982535433e+00 0.000000000000000000e+00
-4.968353507982536499e+00 0.000000000000000000e+00
-4.918353507982535788e+00 0.000000000000000000e+00
-4.868353507982535078e+00 0.000000000000000000e+00
-4.818353507982536144e+00 0.000000000000000000e+00
-4.768353507982535433e+00 0.000000000000000000e+00
-4.718353507982536499e+00 0.000000000000000000e+00
-4.668353507982535788e+00 0.000000000000000000e+00
-4.618353507982536854e+00 0.000000000000000000e+00
-4.568353507982536144e+00 0.000000000000000000e+00
-4.518353507982535433e+00 0.000000000000000000e+00
-4.468353507982534722e+00 0.000000000000000000e+00
-4.418353507982535788e+00 0.000000000000000000e+00
-4.368353507982536854e+00 0.000000000000000000e+00
-4.318353507982536144e+00 0.000000000000000000e+00
-4.268353507982535433e+00 0.000000000000000000e+00
-4.218353507982534722e+00 0.000000000000000000e+00
-4.168353507982535788e+00 0.000000000000000000e+00
-4.118353507982536854e+00 0.000000000000000000e+00
-4.068353507982536144e+00 0.000000000000000000e+00
-4.018353507982535433e+00 0.000000000000000000e+00
-3.968353507982534722e+00 0.000000000000000000e+00
-3.918353507982535788e+00 0.000000000000000000e+00
-3.868353507982536854e+00 0.000000000000000000e+00
-3.818353507982536144e+00 0.000000000000000000e+00
-3.768353507982535433e+00 0.000000000000000000e+00
-3.718353507982534722e+00 0.000000000000000000e+00
-3.668353507982535788e+00 0.000000000000000000e+00
-3.618353507982536854e+00 0.000000000000000000e+00
-3.568353507982536144e+00 0.000000000000000000e+00
-3.518353507982535433e+00 0.000000000000000000e+00
-3.468353507982534722e+00 0.000000000000000000e+00
-3.418353507982535788e+00 0.000000000000000000e+00
-3.368353507982536854e+00 0.000000000000000000e+00
-3.318353507982536144e+00 0.000000000000000000e+00
-3.268353507982535433e+00 0.000000000000000000e+00
-3.218353507982534722e+00 0.000000000000000000e+00
-3.168353507982535788e+00 0.000000000000000000e+00
-3.118353507982535078e+00 0.000000000000000000e+00
-3.068353507982536144e+00 0.000000000000000000e+00
-3.018353507982535433e+00 0.000000000000000000e+00
-2.968353507982534722e+00 0.000000000000000000e+00
-2.918353507982535788e+00 0.000000000000000000e+00
-2.868353507982535078e+00 0.000000000000000000e+00
-2.818353507982536144e+00 0.000000000000000000e+00
-2.768353507982535433e+00 0.000000000000000000e+00
-2.718353507982534722e+00 0.000000000000000000e+00
-2.668353507982535788e+00 0.000000000000000000e+00
-2.618353507982535078e+00 0.000000000000000000e+00
-2.568353507982536144e+00 0.000000000000000000e+00
-2.518353507982535433e+00 0.000000000000000000e+00
-2.468353507982534722e+00 0.000000000000000000e+00
-2.418353507982535788e+00 0.000000000000000000e+00
-2.368353507982535078e+00 0.000000000000000000e+00
-2.318353507982536144e+00 0.000000000000000000e+00
-2.268353507982535433e+00 0.000000000000000000e+00
-2.218353507982534722e+00 0.000000000000000000e+00
-2.168353507982535788e+00 0.000000000000000000e+00
-2.118353507982535078e+00 0.000000000000000000e+00
-2.068353507982536144e+00 0.000000000000000000e+00
-2.018353507982535433e+00 0.000000000000000000e+00
-1.968353507982534722e+00 0.000000000000000000e+00
-1.918353507982535788e+00 0.000000000000000000e+00
-1.868353507982535078e+00 0.000000000000000000e+00
-1.818353507982536144e+00 0.000000000000000000e+00
-1.768353507982535433e+00 0.000000000000000000e+00
-1.718353507982534722e+00 0.000000000000000000e+00
-1.668353507982535788e+00 0.000000000000000000e+00
-1.618353507982535078e+00 0.000000000000000000e+00
-1.568353507982536144e+00 0.000000000000000000e+00
-1.518353507982535433e+00 0.000000000000000000e+00
-1.468353507982534722e+00 0.000000000000000000e+00
-1.418353507982535788e+00 0.000000000000000000e+00
-1.368353507982535078e+00 0.000000000000000000e+00
-1.318353507982536144e+00 0.000000000000000000e+00
-1.268353507982535433e+00 0.000000000000000000e+00
-1.218353507982534722e+00 0.000000000000000000e+00
-1.168353507982535788e+00 0.000000000000000000e+00
-1.118353507982535078e+00 0.000000000000000000e+00
-1.068353507982536144e+00 0.000000000000000000e+00
-1.018353507982535433e+00 0.000000000000000000e+00
-9.683535079825347225e-01 0.000000000000000000e+00
-9.183535079825357883e-01 0.000000000000000000e+00
-8.683535079825350778e-01 0.000000000000000000e+00
-8.183535079825361436e-01 0.000000000000000000e+00
-7.683535079825354330e-01 0.000000000000000000e+00
-7.183535079825347225e-01 0.000000000000000000e+00
-6.683535079825357883e-01 0.000000000000000000e+00
-6.183535079825350778e-01 0.000000000000000000e+00
-5.683535079825361436e-01 0.000000000000000000e+00
-5.183535079825354330e-01 0.000000000000000000e+00
-4.683535079825347225e-01 0.000000000000000000e+00
-4.183535079825357883e-01 0.000000000000000000e+00
-3.683535079825350778e-01 0.000000000000000000e+00
-3.183535079825361436e-01 0.000000000000000000e+00
-2.683535079825354330e-01 0.000000000000000000e+00
-2.183535079825347225e-01 0.000000000000000000e+00
-1.683535079825357883e-01 0.000000000000000000e+00
-1.183535079825350778e-01 0.000000000000000000e+00
-6.835350798253614357e-02 0.000000000000000000e+00
-1.835350798253543303e-02 0.000000000000000000e+00
3.164649201746527751e-02 0.000000000000000000e+00
8.164649201746421170e-02 0.000000000000000000e+00
1.316464920174649222e-01 0.000000000000000000e+00
1.816464920174638564e-01 0.000000000000000000e+00
2.316464920174645670e-01 0.000000000000000000e+00
2.816464920174652775e-01 0.000000000000000000e+00
3.316464920174642117e-01 0.000000000000000000e+00
3.816464920174649222e-01 0.000000000000000000e+00
4.316464920174638564e-01 0.000000000000000000e+00
4.816464920174645670e-01 2.691792064219993656e-05
5.316464920174652775e-01 2.691792064219993656e-05
5.816464920174642117e-01 0.000000000000000000e+00
6.316464920174649222e-01 1.076716825687997462e-04
6.816464920174638564e-01 3.768508889907991322e-04
7.316464920174645670e-01 9.421272224769977220e-04
7.816464920174652775e-01 1.938090286238395134e-03
8.316464920174642117e-01 5.033651160091388160e-03
8.816464920174649222e-01 1.057874281238457490e-02
9.316464920174638564e-01 2.096906018027374502e-02
9.816464920174645670e-01 3.687755127981390962e-02
1.031646492017465278e+00 6.565280844632563617e-02
1.081646492017464212e+00 1.193271422068723081e-01
1.131646492017464922e+00 2.029611216421875475e-01
1.181646492017463856e+00 3.429343089816271894e-01
1.231646492017464567e+00 6.130018067848191921e-01
1.281646492017465278e+00 1.045653545266898687e+00
1.331646492017464212e+00 1.697255650252632586e+00
1.381646492017464922e+00 2.570176898758533834e+00
1.431646492017463856e+00 3.447889537138747684e+00
1.481646492017464567e+00 4.421295383401981027e+00
1.531646492017465278e+00 4.930097919380845184e+00
1.581646492017464212e+00 5.073462764721200280e+00
1.631646492017464922e+00 4.773973979656084943e+00
1.681646492017463856e+00 4.110285728302003783e+00
1.731646492017464567e+00 3.043878466219968715e+00
1.781646492017465278e+00 2.206004350390211144e+00
1.831646492017464212e+00 1.473783073081088579e+00
1.881646492017464922e+00 8.572550186921412685e-01
1.931646492017463856e+00 4.910097904343690423e-01
1.981646492017464567e+00 2.758279328206227343e-01
2.031646492017465278e+00 1.661643241243001834e-01
2.081646492017464212e+00 8.567974140412240591e-02
2.131646492017464922e+00 7.493949106788461156e-02
2.181646492017463856e+00 7.617771541742579533e-02
2.231646492017464567e+00 8.632577149953518658e-02
2.281646492017465278e+00 1.105788179981573444e-01
2.331646492017464212e+00 1.402154486252194521e-01
2.381646492017464922e+00 1.698789971729237902e-01
2.431646492017463856e+00 1.870526305426473412e-01
2.481646492017464567e+00 1.916017591311791612e-01
2.531646492017465278e+00 1.838763159068677877e-01
2.581646492017464212e+00 1.724631175545749961e-01
2.631646492017464922e+00 1.500674075802646279e-01
2.681646492017463856e+00 1.311441093687981119e-01
2.731646492017464567e+00 1.207537920009089105e-01
2.781646492017465278e+00 1.078870259339373416e-01
2.831646492017464212e+00 9.900411212201136457e-02
2.881646492017464922e+00 8.904448148439739197e-02
2.931646492017463856e+00 8.258418053026940486e-02
2.981646492017464567e+00 8.080759776788419557e-02
3.031646492017465278e+00 7.491257314724242278e-02
3.081646492017464212e+00 7.138632554311423462e-02
3.131646492017464922e+00 7.722751432247161596e-02
3.181646492017463856e+00 7.962320925962740326e-02
3.231646492017464567e+00 9.973089597935075323e-02
3.281646492017465278e+00 1.492867878816408478e-01
3.331646492017462435e+00 2.403231954935610148e-01
3.381646492017466699e+00 3.897176550577707288e-01
3.431646492017463856e+00 6.116289928320668423e-01
3.481646492017464567e+00 8.970935412425973254e-01
3.531646492017465278e+00 1.178735744921935336e+00
3.581646492017462435e+00 1.571495125012274396e+00
3.631646492017466699e+00 1.928669014013625560e+00
3.681646492017463856e+00 2.323016551421854370e+00
3.731646492017464567e+00 2.500486402215878368e+00
3.781646492017465278e+00 2.672626504722747320e+00
3.831646492017462435e+00 2.785170330927784654e+00
3.881646492017466699e+00 2.841886389720900130e+00
3.931646492017463856e+00 2.900567456720896331e+00
3.981646492017464567e+00 2.770715407542923447e+00
4.031646492017465278e+00 2.630446123076419784e+00
4.081646492017462435e+00 2.464927829047532715e+00
4.131646492017466699e+00 2.264254730659931880e+00
4.181646492017463856e+00 2.090445717073246890e+00
4.231646492017464567e+00 1.885492669303536539e+00
4.281646492017465278e+00 1.642989122237957567e+00
4.331646492017462435e+00 1.489045534085216005e+00
4.381646492017466699e+00 1.321723739373301454e+00
4.431646492017463856e+00 1.235263378270555101e+00
4.481646492017464567e+00 1.107053322251756677e+00
4.531646492017465278e+00 1.085895836626987521e+00
4.581646492017462435e+00 9.384933031903007761e-01
4.631646492017466699e+00 9.811582074081877103e-01
4.681646492017463856e+00 9.426117450485572702e-01
4.731646492017464567e+00 9.094488668173670298e-01
4.781646492017465278e+00 9.187355494389261024e-01
4.831646492017462435e+00 8.583855713591137526e-01
4.881646492017466699e+00 8.669723880439755836e-01
4.931646492017463856e+00 8.527058901036095317e-01
4.981646492017464567e+00 8.744824879031493081e-01
5.031646492017465278e+00 8.327597109077393700e-01
5.081646492017462435e+00 8.210773333490246628e-01
5.131646492017466699e+00 8.327058750664549924e-01
5.181646492017463856e+00 7.786816083375597275e-01
5.231646492017464567e+00 7.856802677045318095e-01
5.281646492017465278e+00 7.662993648421477788e-01
5.331646492017462435e+00 7.345093005637097772e-01
5.381646492017466699e+00 7.853841705774675663e-01
5.431646492017463856e+00 7.316021651343520560e-01
5.481646492017464567e+00 7.595698846815978067e-01
5.531646492017465278e+00 7.504447095838919779e-01
5.581646492017462435e+00 7.611849599201298000e-01
5.631646492017466699e+00 7.397313771682965111e-01
5.681646492017463856e+00 7.464070214875618836e-01
5.731646492017464567e+00 7.283450967366458251e-01
5.781646492017465278e+00 7.824770351481098452e-01
5.831646492017462435e+00 7.327596357219666734e-01
5.881646492017466699e+00 7.534595166958184542e-01
5.931646492017463856e+00 7.546977410453594715e-01
5.981646492017464567e+00 7.647919612861846517e-01
6.031646492017465278e+00 7.924635837063662702e-01
6.081646492017462435e+00 8.193007505866395368e-01
6.131646492017466699e+00 8.552361746439763879e-01
6.181646492017463856e+00 8.649266260751682367e-01
6.231646492017464567e+00 8.596237957086549919e-01
6.281646492017465278e+00 8.816695727146166561e-01
6.331646492017462435e+00 9.238499543609439701e-01
6.381646492017466699e+00 9.186817135976416138e-01
6.431646492017463856e+00 9.134596369930548798e-01
6.481646492017468120e+00 9.531904878609419596e-01
6.531646492017465278e+00 9.463802539384652546e-01
6.581646492017462435e+00 1.004765223811397101e+00
6.631646492017466699e+00 9.930020924907556612e-01
6.681646492017463856e+00 1.009368188241213327e+00
6.731646492017468120e+00 9.896911882517650527e-01
6.781646492017465278e+00 9.717907710247021269e-01
6.831646492017462435e+00 1.007295508351763846e+00
6.881646492017466699e+00 1.030283412580202729e+00
6.931646492017463856e+00 1.022773312721028560e+00
6.981646492017468120e+00 1.070310360575153830e+00
7.031646492017465278e+00 1.026918672499927521e+00
7.081646492017462435e+00 1.059543192318273874e+00
7.131646492017466699e+00 1.088614546611849754e+00
7.181646492017463856e+00 1.110283472728820664e+00
7.231646492017468120e+00 1.161319850266431697e+00
7.281646492017465278e+00 1.164388493219642662e+00
7.331646492017462435e+00 1.124846067796251070e+00
7.381646492017466699e+00 1.152679197740285488e+00
7.431646492017463856e+00 1.181804387875145856e+00
7.481646492017468120e+00 1.133809735370103544e+00
7.531646492017465278e+00 1.179597118382485599e+00
7.581646492017462435e+00 1.137443654656800307e+00
7.631646492017466699e+00 1.175774773651293348e+00
7.681646492017463856e+00 1.158870319487991685e+00
7.731646492017468120e+00 1.131656301718727331e+00
7.781646492017465278e+00 1.122881059589370345e+00
7.831646492017462435e+00 1.086703374246253739e+00
7.881646492017466699e+00 1.054374951554971629e+00
7.931646492017463856e+00 1.078627998053593551e+00
7.981646492017468120e+00 1.000350684826076364e+00
8.031646492017465278e+00 1.024765238848551530e+00
8.081646492017462435e+00 9.909294126013061810e-01
8.131646492017466699e+00 9.846037012503893182e-01
8.181646492017463856e+00 1.012194569908644093e+00
8.231646492017468120e+00 9.591124304022259350e-01
8.281646492017465278e+00 9.707409721196563757e-01
8.331646492017462435e+00 9.524906219242447181e-01
8.381646492017466699e+00 9.256265371233290962e-01
8.431646492017463856e+00 9.613196998948863037e-01
8.481646492017468120e+00 9.334596520302094191e-01
8.531646492017465278e+00 9.251958503930540756e-01
8.581646492017462435e+00 8.934596219559003405e-01
8.631646492017466699e+00 9.570935863540609434e-01
8.681646492017463856e+00 9.105525015636972697e-01
8.731646492017468120e+00 8.880491199068180075e-01
8.781646492017465278e+00 9.177126684545223734e-01
8.831646492017462435e+00 9.464340897797497432e-01
8.881646492017466699e+00 9.114677108655321325e-01
8.931646492017463856e+00 9.415619461435116300e-01
8.981646492017468120e+00 9.261110596948887164e-01
9.031646492017465278e+00 8.758014660146171693e-01
9.081646492017462435e+00 9.164206082636967565e-01
9.131646492017466699e+00 9.062456342609452875e-01
9.181646492017463856e+00 9.173627354861737526e-01
9.231646492017468120e+00 9.209159010109442267e-01
9.281646492017465278e+00 9.403506397146126350e-01
9.331646492017462435e+00 9.229885809003935959e-01
9.381646492017466699e+00 9.474300528435111168e-01
9.431646492017463856e+00 9.604044905930514409e-01
9.481646492017468120e+00 9.859765152031413349e-01
9.531646492017465278e+00 1.021777349657267298e+00
9.581646492017462435e+00 9.676992470870876550e-01
9.631646492017466699e+00 9.779549748517657459e-01
9.681646492017463856e+00 9.855727463935083366e-01
9.731646492017468120e+00 1.001212058286626627e+00
9.781646492017465278e+00 1.039893110249467956e+00
9.831646492017462435e+00 1.007860784685250088e+00
9.881646492017466699e+00 1.003257820255433863e+00
9.931646492017463856e+00 9.956131307930489172e-01
9.981646492017468120e+00 9.724098831994726355e-01
1.003164649201746528e+01 9.997046547306632780e-01
1.008164649201746244e+01 1.012813682083414601e+00
1.013164649201746670e+01 1.010229561701763590e+00
1.018164649201746386e+01 1.017201303148093317e+00
1.023164649201746812e+01 9.790316916774538525e-01
1.028164649201746528e+01 1.011979226543506583e+00
1.033164649201746244e+01 9.974704673173608871e-01
1.038164649201746670e+01 1.019973848974240038e+00
1.043164649201746386e+01 9.983587586985533946e-01
1.048164649201746812e+01 1.009125926955433350e+00
1.053164649201746528e+01 1.014105742274240329e+00
1.058164649201746244e+01 1.032383010390294009e+00
1.063164649201746670e+01 9.640922457210328034e-01
1.068164649201746386e+01 1.006999411224699603e+00
1.073164649201746812e+01 1.015101705338001814e+00
1.078164649201746528e+01 1.035747750470568995e+00
1.083164649201746244e+01 1.013728891385249575e+00
1.088164649201746670e+01 1.002450282636167866e+00
1.093164649201746386e+01 1.040539140344880709e+00
1.098164649201746812e+01 1.025788119832955037e+00
1.103164649201746528e+01 1.016609108893964830e+00
1.108164649201746244e+01 1.036716795613688458e+00
1.113164649201746670e+01 1.025626612309102015e+00
1.118164649201746386e+01 1.018008840767359313e+00
1.123164649201746812e+01 1.019004803831120798e+00
1.128164649201746528e+01 1.033755824343046470e+00
1.133164649201746244e+01 1.012921353765983579e+00
1.138164649201746670e+01 1.026891754579285276e+00
1.143164649201746386e+01 1.037901184121945208e+00
1.148164649201746812e+01 1.022073446784331541e+00
1.153164649201746528e+01 9.960438175233242708e-01
1.158164649201746244e+01 9.832308872976370795e-01
1.163164649201746670e+01 1.017820415322864047e+00
1.168164649201746386e+01 9.858957614412149351e-01
1.173164649201746812e+01 9.860303510444258235e-01
1.178164649201746528e+01 9.613196998948863037e-01
1.183164649201746244e+01 9.855189105522239590e-01
1.188164649201746670e+01 9.657342388802071520e-01
1.193164649201746386e+01 9.692604864843351598e-01
1.198164649201746812e+01 9.301487477912186996e-01
1.203164649201746528e+01 9.720061143898396372e-01
1.208164649201746244e+01 9.809159461224079557e-01
1.213164649201746670e+01 9.246844099008522111e-01
1.218164649201746386e+01 9.620195658315834342e-01
1.223164649201746812e+01 9.504179420347953489e-01
1.228164649201746528e+01 9.616157970219505469e-01
1.233164649201746244e+01 9.305255986802095647e-01
1.238164649201746670e+01 9.343479434114020377e-01
1.243164649201746386e+01 9.346978763797504364e-01
1.248164649201746812e+01 1.002450282636167866e+00
1.253164649201746528e+01 9.856804180760772027e-01
1.258164649201746244e+01 9.652766342292896651e-01
1.263164649201746670e+01 9.486144413517678675e-01
1.268164649201746386e+01 9.554785111155289501e-01
1.273164649201746812e+01 9.858150076792882022e-01
1.278164649201746528e+01 9.893143373627741877e-01
1.283164649201746244e+01 9.671070528329592797e-01
1.288164649201746670e+01 1.001158222445342139e+00
1.293164649201746386e+01 1.000646781953140385e+00
1.298164649201746812e+01 9.804583414714904688e-01
1.303164649201746528e+01 9.739980405173622735e-01
1.308164649201746244e+01 9.534327491467218252e-01
1.313164649201746670e+01 1.005922694399011608e+00
1.318164649201746386e+01 9.995700651274523896e-01
1.323164649201746812e+01 9.922483907127741531e-01
1.328164649201746528e+01 1.013163615051763333e+00
1.333164649201746244e+01 9.860572689650680678e-01
1.338164649201746670e+01 1.040135371535247710e+00
1.343164649201746386e+01 1.015640063750845812e+00
1.348164649201746812e+01 1.007268590431121602e+00
1.353164649201746528e+01 1.007457015875616868e+00
1.358164649201746244e+01 1.012086898226075338e+00
1.363164649201746670e+01 9.972012881109387772e-01
1.368164649201746386e+01 9.985202662224067494e-01
1.373164649201746812e+01 9.759092128829587320e-01
1.378164649201746528e+01 9.673762320393812786e-01
1.383164649201746244e+01 1.002907887287085131e+00
1.388164649201746670e+01 9.990317067146083918e-01
1.393164649201746386e+01 1.002907887287085131e+00
1.398164649201746812e+01 1.014482593163231083e+00
1.403164649201746528e+01 1.039516259360477202e+00
1.408164649201746244e+01 9.867302169811230650e-01
1.413164649201746670e+01 1.016259175925616320e+00
1.418164649201746386e+01 1.011198606844882830e+00
1.423164649201746812e+01 1.020915976196717034e+00
1.428164649201746528e+01 1.003392409858644641e+00
1.433164649201746244e+01 9.922483907127741531e-01
1.438164649201746670e+01 9.732174208187385211e-01
1.443164649201746386e+01 9.904987258710311604e-01
1.448164649201746812e+01 9.765821608990137292e-01
1.453164649201746528e+01 9.663264331343355273e-01
1.458164649201746244e+01 9.839845890756186986e-01
1.463164649201746670e+01 9.557746082425931933e-01
1.468164649201746386e+01 1.003823096588920105e+00
1.473164649201746812e+01 9.511716438127769679e-01
1.478164649201746528e+01 9.900949570613979400e-01
1.483164649201746244e+01 9.910640022045171804e-01
1.488164649201746670e+01 9.569859146714920772e-01
1.493164649201746386e+01 9.592201020847946902e-01
1.498164649201746812e+01 9.715215918182801280e-01
1.503164649201746528e+01 9.927329132843337733e-01
1.508164649201746244e+01 9.493412252091073533e-01
1.513164649201746670e+01 9.971743701902966439e-01
1.518164649201746386e+01 9.878607696480955491e-01
1.523164649201746812e+01 9.833116410595637014e-01
1.528164649201746528e+01 9.655188955150695307e-01
1.533164649201746244e+01 9.811582074081877103e-01
1.538164649201746670e+01 9.930020924907556612e-01
1.543164649201746386e+01 1.008264553494882865e+00
1.548164649201746812e+01 9.744825630889220047e-01
1.553164649201746528e+01 1.008587568542589352e+00
1.558164649201746244e+01 9.987625275081862819e-01
1.563164649201746670e+01 1.007968456367818622e+00
1.568164649201746386e+01 9.592201020847946902e-01
1.573164649201746812e+01 9.749940035811238692e-01
1.578164649201746528e+01 9.862187764889213115e-01
1.583164649201746244e+01 9.756669515971788664e-01
1.588164649201746670e+01 9.721945398343351252e-01
1.593164649201746386e+01 9.684529488650692741e-01
1.598164649201746812e+01 9.716292635008488832e-01
1.603164649201746528e+01 9.436077081123186439e-01
1.608164649201746244e+01 9.723560473581883690e-01
1.613164649201746670e+01 9.889644043944256779e-01
1.618164649201746386e+01 9.930828462526821721e-01
1.623164649201746812e+01 9.376857655710346684e-01
1.628164649201746528e+01 9.649267012609410443e-01
1.633164649201746244e+01 9.757477053591054883e-01
1.638164649201746670e+01 9.842806862026829418e-01
1.643164649201746386e+01 9.919253756650676657e-01
1.648164649201746812e+01 9.842806862026829418e-01
1.653164649201746528e+01 9.473223811609422507e-01
1.658164649201746244e+01 9.727059803265369897e-01
1.663164649201746670e+01 9.569859146714920772e-01
1.668164649201746386e+01 9.681030158967206534e-01
1.673164649201746812e+01 9.733789283425918759e-01
1.678164649201746528e+01 9.663533510549777716e-01
1.683164649201746244e+01 9.558284440838773488e-01
1.688164649201746670e+01 9.745902347714908709e-01
1.693164649201746386e+01 1.023042491927450781e+00
1.698164649201746812e+01 9.616696328632348134e-01
1.703164649201746528e+01 9.560437874490151922e-01
1.708164649201746244e+01 1.009099009034791106e+00
1.713164649201746670e+01 9.983049228572689060e-01
1.718164649201746386e+01 1.006003448160938341e+00
1.723164649201746812e+01 9.949132648563518977e-01
1.728164649201746528e+01 9.729751595329588776e-01
1.733164649201746244e+01 1.005492007668736365e+00
1.738164649201746670e+01 1.022504133514606783e+00
1.743164649201746386e+01 9.812120432494720879e-01
1.748164649201746812e+01 1.027214769626991542e+00
1.753164649201746528e+01 9.997584905719478776e-01
1.758164649201746244e+01 1.002557954318736622e+00
1.763164649201746670e+01 9.689643893572710276e-01
1.768164649201746386e+01 1.002880969366442887e+00
1.773164649201746812e+01 9.647113578958034230e-01
1.778164649201746528e+01 9.767705863435092173e-01
1.783164649201746244e+01 9.745094810095642490e-01
1.788164649201746670e+01 1.007349344193048113e+00
1.793164649201746386e+01 1.024415305880202798e+00
1.798164649201746812e+01 1.043769290821944695e+00
1.803164649201746528e+01 1.028264568532037515e+00
1.808164649201746244e+01 1.016124586322405321e+00
1.813164649201746670e+01 1.010121890019194613e+00
1.818164649201746386e+01 1.019031721751762820e+00
1.823164649201746812e+01 1.035290145819651730e+00
1.828164649201746528e+01 1.025330515182037550e+00
1.833164649201746244e+01 1.025761201912312792e+00
1.838164649201746670e+01 1.015936160877910055e+00
1.843164649201746386e+01 1.013486630099469821e+00
1.848164649201746812e+01 1.008560650621947108e+00
1.853164649201746528e+01 9.981434153334157733e-01
1.858164649201746244e+01 1.014132660194882574e+00
1.863164649201746670e+01 9.956938845549756500e-01
1.868164649201746386e+01 1.028722173182954780e+00
1.873164649201746812e+01 9.778203852485547465e-01
1.878164649201746528e+01 1.003419327779287107e+00
1.883164649201746244e+01 9.802968339476371140e-01
1.888164649201746670e+01 9.912255097283705352e-01
1.893164649201746386e+01 9.714139201357113729e-01
1.898164649201746812e+01 9.718984427072708820e-01
1.903164649201746528e+01 9.797584755347933383e-01
1.908164649201746244e+01 9.606736697994735508e-01
1.913164649201746670e+01 9.756400336765367332e-01
1.918164649201746386e+01 9.833385589802058346e-01
1.923164649201746812e+01 9.853843209490130706e-01
1.928164649201746528e+01 9.444690815728691291e-01
1.933164649201746954e+01 9.541326150834188446e-01
1.938164649201746670e+01 9.532981595435107147e-01
1.943164649201746386e+01 9.781164823756189897e-01
1.948164649201746101e+01 9.539980254802078452e-01
1.953164649201746528e+01 9.994354755242413901e-01
1.958164649201746954e+01 9.699334345003902680e-01
1.963164649201746670e+01 9.445498353347957510e-01
1.968164649201746386e+01 9.672954782774546567e-01
1.973164649201746101e+01 9.828809543292884587e-01
1.978164649201746528e+01 9.937019584274529027e-01
1.983164649201746954e+01 9.724637190407571241e-01
1.988164649201746670e+01 9.584125644655285825e-01
1.993164649201746386e+01 9.902564645852511838e-01
1.998164649201746101e+01 9.783587436613988553e-01
2.003164649201746528e+01 9.454650446366306138e-01
2.008164649201746954e+01 9.875108366797469284e-01
2.013164649201746670e+01 9.474031349228689836e-01
2.018164649201746386e+01 9.818580733448849518e-01
2.023164649201746101e+01 9.861918585682789562e-01
2.028164649201746528e+01 9.763937354545182412e-01
2.033164649201746954e+01 9.892066656802054325e-01
2.038164649201746670e+01 1.000081505619654143e+00
2.043164649201746386e+01 1.008237635574240842e+00
2.048164649201746101e+01 1.002531036398094599e+00
2.053164649201746528e+01 1.017712743640295070e+00
2.058164649201746954e+01 9.754516082320412451e-01
2.063164649201746670e+01 9.970936164283700220e-01
2.068164649201746386e+01 1.003580835303140351e+00
2.073164649201746101e+01 1.014132660194882574e+00
2.078164649201746528e+01 1.009125926955433350e+00
2.083164649201746954e+01 1.036178437200844460e+00
2.088164649201746670e+01 9.957477203962601386e-01
2.093164649201746386e+01 1.046891769616439927e+00
2.098164649201746101e+01 1.040862155392587196e+00
2.103164649201746528e+01 1.074428802433410102e+00
2.108164649201746954e+01 1.025949627356808280e+00
2.113164649201746670e+01 1.014482593163231083e+00
2.118164649201746386e+01 1.034078839390752735e+00
2.123164649201746101e+01 1.011602375654515829e+00
2.128164649201746528e+01 1.065626642383410871e+00
2.133164649201746954e+01 1.054025018586622897e+00
2.138164649201746670e+01 1.032329174549009743e+00
2.143164649201746386e+01 1.026487985769652278e+00
2.148164649201746101e+01 1.031629308612312279e+00
2.153164649201746528e+01 1.041373595884788950e+00
2.158164649201746954e+01 1.045653545266898687e+00
2.163164649201746670e+01 1.066811030891667622e+00
2.168164649201746386e+01 9.909294126013061810e-01
2.173164649201746101e+01 9.992201321591038798e-01
2.178164649201746528e+01 1.007134000827910381e+00
2.183164649201746954e+01 1.016851370179744807e+00
2.188164649201746670e+01 9.869993961875450639e-01
2.193164649201746386e+01 1.006057284002222385e+00
2.198164649201746101e+01 9.809428640430499780e-01
2.203164649201746528e+01 9.792470350425914738e-01
2.208164649201746954e+01 9.885067997435081910e-01
2.213164649201746670e+01 9.524906219242447181e-01
2.218164649201746386e+01 9.486144413517678675e-01
2.223164649201746101e+01 9.662456793724087944e-01
2.228164649201746528e+01 9.566628996237857008e-01
2.233164649201746954e+01 9.661380076898400393e-01
2.238164649201746670e+01 9.430424317788326238e-01
2.243164649201746386e+01 8.804044304444331726e-01
2.248164649201746101e+01 8.858418504141576388e-01
2.253164649201746528e+01 8.930827710669095865e-01
2.258164649201746954e+01 9.145901896600272529e-01
2.263164649201746670e+01 9.157207423269996260e-01
2.268164649201746386e+01 8.887220679228731157e-01
2.273164649201746101e+01 9.050881636733305591e-01
2.278164649201746528e+01 9.046574769430555385e-01
2.283164649201746954e+01 9.132712115485595028e-01
2.288164649201746670e+01 8.669185522026912061e-01
2.293164649201746386e+01 8.866493880334236355e-01
2.298164649201746101e+01 9.049535740701196707e-01
2.303164649201746528e+01 8.998122512274593365e-01
2.308164649201746954e+01 9.232308421861733505e-01
2.313164649201746670e+01 9.323829352045214236e-01
2.318164649201746386e+01 9.147786151045227410e-01
2.323164649201746101e+01 9.679145904522252764e-01
2.328164649201746528e+01 9.362591157769981631e-01
2.333164649201746954e+01 9.799469009792887153e-01
2.338164649201746670e+01 9.558553620045195931e-01
2.343164649201746386e+01 9.990317067146083918e-01
2.348164649201746101e+01 9.782510719788301001e-01
2.353164649201746528e+01 9.839307532343343210e-01
2.358164649201746954e+01 1.001885006302681624e+00
2.363164649201746670e+01 1.021400498768276544e+00
2.368164649201746386e+01 1.026380314087083523e+00
2.373164649201746101e+01 1.036770631454972724e+00
2.378164649201746528e+01 1.063446290811392858e+00
2.383164649201746954e+01 1.093971212819647709e+00
2.388164649201746670e+01 1.076743743608639559e+00
2.393164649201746386e+01 1.101346723075610434e+00
2.398164649201746101e+01 1.080135401609556789e+00
2.403164649201746528e+01 1.140216200482947029e+00
2.408164649201746954e+01 1.127968546590746080e+00
2.413164649201746670e+01 1.153782832486615950e+00
2.418164649201746386e+01 1.139866267514598519e+00
2.423164649201746101e+01 1.122423454938452858e+00
2.428164649201746528e+01 1.167376382410926894e+00
2.433164649201746954e+01 1.133109869433406525e+00
2.438164649201746670e+01 1.110121965204967420e+00
2.443164649201746386e+01 1.139354827022396766e+00
2.448164649201746101e+01 1.102746454949004917e+00
2.453164649201746528e+01 1.092759906390748492e+00
2.458164649201746954e+01 1.093325182724234956e+00
2.463164649201746670e+01 1.093405936486161245e+00
2.468164649201746386e+01 1.098870274376527956e+00
2.473164649201746101e+01 1.071252487797631048e+00
2.478164649201746528e+01 1.076016959751300295e+00
2.483164649201746954e+01 1.051790831173320173e+00
2.488164649201746670e+01 9.816427299797472195e-01
2.493164649201746386e+01 9.972282060315809105e-01
2.498164649201746101e+01 1.001131304524700116e+00
2.503164649201746528e+01 1.014078824353598085e+00
2.508164649201746954e+01 9.434462005884656222e-01
2.513164649201746670e+01 9.746171526921330042e-01
2.518164649201746386e+01 9.356938394435119211e-01
2.523164649201746101e+01 9.377665193329614013e-01
2.528164649201746528e+01 9.673762320393812786e-01
2.533164649201746954e+01 9.541864509247033332e-01
2.538164649201746670e+01 9.433923647471811336e-01
2.543164649201746386e+01 9.327059502522278001e-01
2.548164649201746101e+01 9.292335384893839478e-01
2.553164649201746528e+01 9.289105234416774604e-01
2.558164649201746954e+01 8.862994550650750147e-01
2.563164649201746670e+01 8.702832922829661921e-01
2.568164649201746386e+01 8.469992909274631776e-01
2.573164649201746812e+01 8.453842156889311843e-01
2.578164649201746528e+01 8.133518901247132060e-01
2.583164649201746954e+01 7.889373361022378184e-01
2.588164649201746670e+01 8.025039681059066288e-01
2.593164649201746386e+01 7.986277875334300003e-01
2.598164649201746812e+01 7.496640898852682255e-01
2.603164649201746528e+01 7.597313922054510504e-01
2.608164649201746954e+01 7.409696015178377504e-01
2.613164649201746670e+01 7.729211733201289958e-01
2.618164649201746386e+01 7.597852280467354280e-01
2.623164649201746812e+01 7.639036699049921442e-01
2.628164649201746528e+01 7.473491487100389907e-01
2.633164649201746954e+01 7.165281295747201185e-01
2.638164649201746670e+01 7.453572225825162434e-01
2.643164649201746386e+01 7.416694674545347699e-01
2.648164649201746812e+01 7.593545413164601854e-01
2.653164649201746528e+01 7.837421774182933287e-01
2.658164649201746954e+01 7.929750241985679127e-01
2.663164649201746670e+01 8.105524263779244620e-01
2.668164649201746386e+01 8.411581021481057130e-01
2.673164649201746812e+01 8.061378873926037247e-01
2.678164649201746528e+01 8.290719557797581185e-01
2.683164649201746954e+01 8.342401965430603639e-01
2.688164649201746670e+01 8.187893100944376723e-01
2.693164649201746386e+01 8.629346999476454894e-01
2.698164649201746812e+01 8.811312143017726584e-01
2.703164649201746528e+01 8.834730733976441375e-01
2.708164649201746954e+01 8.888835754467262484e-01
2.713164649201746670e+01 9.059226192132388000e-01
2.718164649201746386e+01 9.169051308352564877e-01
2.723164649201746812e+01 9.191662361692011229e-01
2.728164649201746528e+01 9.602160651485562859e-01
2.733164649201746954e+01 1.001238976207268649e+00
2.738164649201746670e+01 1.060485319540751092e+00
2.743164649201746386e+01 1.138197356434782037e+00
2.748164649201746812e+01 1.213702123836152946e+00
2.753164649201746528e+01 1.378897402817333750e+00
2.758164649201746954e+01 1.520862516284296362e+00
2.763164649201746670e+01 1.663096808957680750e+00
2.768164649201746386e+01 1.899436152196196215e+00
2.773164649201746812e+01 2.070741799163156482e+00
2.778164649201746528e+01 2.305358395480570977e+00
2.783164649201746954e+01 2.554268407658994544e+00
2.788164649201746670e+01 2.615399005437430091e+00
2.793164649201746386e+01 2.721859381577331316e+00
2.798164649201746812e+01 2.832653542940625879e+00
2.803164649201746528e+01 2.755399110697512199e+00
2.808164649201746954e+01 2.676206588168160039e+00
2.813164649201746670e+01 2.586677584112202499e+00
2.818164649201746386e+01 2.360647804479650169e+00
2.823164649201746812e+01 2.109530522808567010e+00
2.828164649201746528e+01 1.831845253463632250e+00
2.833164649201746954e+01 1.510472198916407383e+00
2.838164649201746670e+01 1.130552666972397313e+00
2.843164649201746386e+01 8.328404646696661029e-01
2.848164649201746812e+01 5.916289777949123030e-01
2.853164649201746528e+01 4.090716399995124597e-01
2.858164649201746954e+01 2.513864608775052134e-01
2.863164649201746670e+01 1.659220628385204566e-01
2.868164649201746386e+01 1.079677796958639358e-01
2.873164649201746812e+01 9.179010938990177226e-02
2.878164649201746528e+01 7.547784948072862321e-02
2.883164649201746954e+01 7.345900543256361770e-02
2.888164649201746670e+01 7.437421473439842501e-02
2.893164649201746386e+01 7.736210392568261540e-02
2.898164649201746812e+01 8.258418053026940486e-02
2.903164649201746528e+01 9.257072908852556625e-02
2.908164649201746954e+01 9.588163332751617474e-02
2.913164649201746670e+01 9.970397805870855057e-02
2.918164649201746386e+01 1.137282147132947369e-01
2.923164649201746812e+01 1.298789670986146838e-01
2.928164649201746528e+01 1.501750792628334386e-01
2.933164649201746954e+01 1.770391640637489494e-01
2.938164649201746670e+01 1.885600340986105516e-01
2.943164649201746386e+01 1.979005525614538907e-01
2.948164649201746812e+01 1.906057960674177598e-01
2.953164649201746528e+01 1.787349930642075924e-01
2.958164649201746954e+01 1.469449287857694519e-01
2.963164649201746670e+01 1.183311791431109206e-01
2.968164649201746386e+01 1.038493378376073584e-01
2.973164649201746812e+01 9.507409570825017808e-02
2.978164649201746528e+01 9.496642402568138130e-02
2.983164649201746954e+01 1.355048125128344716e-01
2.988164649201746670e+01 2.053029807380589156e-01
2.993164649201746386e+01 3.548858657467639510e-01
2.998164649201746812e+01 6.303100297577536315e-01
3.003164649201746528e+01 9.929482566494712836e-01
3.008164649201746954e+01 1.610606863705390746e+00
3.013164649201746670e+01 2.348696247714513241e+00
3.018164649201746386e+01 3.386597431836458227e+00
3.023164649201746812e+01 4.100433769346958357e+00
3.028164649201746528e+01 4.738765339456087133e+00
3.033164649201746954e+01 5.052386032858358078e+00
3.038164649201746670e+01 4.730851470787280633e+00
3.043164649201746386e+01 4.145575122263927881e+00
3.048164649201746812e+01 3.245063005099771303e+00
3.053164649201746528e+01 2.374887384499373866e+00
3.058164649201746954e+01 1.538036149654019802e+00
3.063164649201746670e+01 9.694489119288307588e-01
3.068164649201746386e+01 5.985738013205998964e-01
3.073164649201746812e+01 3.316826181531876139e-01
3.078164649201746528e+01 2.034725621343893009e-01
3.083164649201746954e+01 1.193540601275145108e-01
3.088164649201746670e+01 6.643342814494943016e-02
3.093164649201746386e+01 3.776584266100650733e-02
3.098164649201746812e+01 2.024227632293434942e-02
3.103164649201746528e+01 8.775242129357180287e-03
3.108164649201746954e+01 5.141322842660187541e-03
3.113164649201746670e+01 1.965008206880595413e-03
3.118164649201746386e+01 7.806196986237980010e-04
3.123164649201746812e+01 3.768508889907991322e-04
3.128164649201746528e+01 1.076716825687997462e-04
3.133164649201746954e+01 2.691792064219993656e-05
3.138164649201746670e+01 0.000000000000000000e+00
3.143164649201746386e+01 0.000000000000000000e+00
3.148164649201746812e+01 0.000000000000000000e+00
3.153164649201746528e+01 0.000000000000000000e+00
3.158164649201746954e+01 0.000000000000000000e+00
3.163164649201746670e+01 0.000000000000000000e+00
3.168164649201746386e+01 0.000000000000000000e+00
3.173164649201746812e+01 0.000000000000000000e+00
3.178164649201746528e+01 0.000000000000000000e+00
3.183164649201746954e+01 0.000000000000000000e+00
3.188164649201746670e+01 0.000000000000000000e+00
3.193164649201746386e+01 0.000000000000000000e+00
3.198164649201746812e+01 0.000000000000000000e+00
3.203164649201746528e+01 0.000000000000000000e+00
3.208164649201746954e+01 0.000000000000000000e+00
3.213164649201746670e+01 0.000000000000000000e+00
3.218164649201746386e+01 0.000000000000000000e+00
3.223164649201746812e+01 0.000000000000000000e+00
3.228164649201746528e+01 0.000000000000000000e+00
3.233164649201746954e+01 0.000000000000000000e+00
3.238164649201746670e+01 0.000000000000000000e+00
3.243164649201746386e+01 0.000000000000000000e+00
3.248164649201746812e+01 0.000000000000000000e+00
3.253164649201746528e+01 0.000000000000000000e+00
3.258164649201746954e+01 0.000000000000000000e+00
3.263164649201746670e+01 0.000000000000000000e+00
3.268164649201746386e+01 0.000000000000000000e+00
3.273164649201746812e+01 0.000000000000000000e+00
3.278164649201746528e+01 0.000000000000000000e+00
3.283164649201746954e+01 0.000000000000000000e+00
3.288164649201746670e+01 0.000000000000000000e+00
3.293164649201746386e+01 0.000000000000000000e+00
3.298164649201746812e+01 0.000000000000000000e+00
3.303164649201746528e+01 0.000000000000000000e+00
3.308164649201746954e+01 0.000000000000000000e+00
3.313164649201746670e+01 0.000000000000000000e+00
3.318164649201746386e+01 0.000000000000000000e+00
3.323164649201746812e+01 0.000000000000000000e+00
3.328164649201746528e+01 0.000000000000000000e+00
3.333164649201746954e+01 0.000000000000000000e+00
3.338164649201746670e+01 0.000000000000000000e+00
3.343164649201746386e+01 0.000000000000000000e+00
3.348164649201746812e+01 0.000000000000000000e+00
3.353164649201746528e+01 0.000000000000000000e+00
3.358164649201746954e+01 0.000000000000000000e+00
3.363164649201746670e+01 0.000000000000000000e+00
3.368164649201746386e+01 0.000000000000000000e+00
3.373164649201746812e+01 0.000000000000000000e+00
3.378164649201746528e+01 0.000000000000000000e+00
3.383164649201746954e+01 0.000000000000000000e+00
3.388164649201746670e+01 0.000000000000000000e+00
3.393164649201746386e+01 0.000000000000000000e+00
3.398164649201746812e+01 0.000000000000000000e+00
3.403164649201746528e+01 0.000000000000000000e+00
3.408164649201746954e+01 0.000000000000000000e+00
3.413164649201746670e+01 0.000000000000000000e+00
3.418164649201746386e+01 0.000000000000000000e+00
3.423164649201746812e+01 0.000000000000000000e+00
3.428164649201746528e+01 0.000000000000000000e+00
3.433164649201746954e+01 0.000000000000000000e+00
3.438164649201746670e+01 0.000000000000000000e+00
3.443164649201746386e+01 0.000000000000000000e+00
3.448164649201746812e+01 0.000000000000000000e+00
3.453164649201746528e+01 0.000000000000000000e+00
3.458164649201746954e+01 0.000000000000000000e+00
3.463164649201746670e+01 0.000000000000000000e+00
3.468164649201746386e+01 0.000000000000000000e+00
3.473164649201746812e+01 0.000000000000000000e+00
3.478164649201746528e+01 0.000000000000000000e+00
3.483164649201746954e+01 0.000000000000000000e+00
3.488164649201746670e+01 0.000000000000000000e+00
3.493164649201746386e+01 0.000000000000000000e+00
3.498164649201746812e+01 0.000000000000000000e+00
3.503164649201746528e+01 0.000000000000000000e+00
3.508164649201746954e+01 0.000000000000000000e+00
3.513164649201746670e+01 0.000000000000000000e+00
3.518164649201746386e+01 0.000000000000000000e+00
3.523164649201746812e+01 0.000000000000000000e+00
3.528164649201746528e+01 0.000000000000000000e+00
3.533164649201746954e+01 0.000000000000000000e+00
3.538164649201746670e+01 0.000000000000000000e+00
3.543164649201746386e+01 0.000000000000000000e+00
3.548164649201746812e+01 0.000000000000000000e+00
3.553164649201746528e+01 0.000000000000000000e+00
3.558164649201746954e+01 0.000000000000000000e+00
3.563164649201746670e+01 0.000000000000000000e+00
3.568164649201746386e+01 0.000000000000000000e+00
3.573164649201746812e+01 0.000000000000000000e+00
3.578164649201746528e+01 0.000000000000000000e+00
3.583164649201746954e+01 0.000000000000000000e+00
3.588164649201746670e+01 0.000000000000000000e+00
3.593164649201746386e+01 0.000000000000000000e+00
3.598164649201746812e+01 0.000000000000000000e+00
3.603164649201746528e+01 0.000000000000000000e+00
3.608164649201746954e+01 0.000000000000000000e+00
3.613164649201746670e+01 0.000000000000000000e+00
3.618164649201746386e+01 0.000000000000000000e+00
3.623164649201746812e+01 0.000000000000000000e+00
3.628164649201746528e+01 0.000000000000000000e+00
3.633164649201746954e+01 0.000000000000000000e+00
3.638164649201746670e+01 0.000000000000000000e+00
3.643164649201746386e+01 0.000000000000000000e+00
3.648164649201746812e+01 0.000000000000000000e+00
3.653164649201746528e+01 0.000000000000000000e+00
3.658164649201746954e+01 0.000000000000000000e+00
3.663164649201746670e+01 0.000000000000000000e+00
3.668164649201746386e+01 0.000000000000000000e+00
3.673164649201746812e+01 0.000000000000000000e+00
3.678164649201746528e+01 0.000000000000000000e+00
3.683164649201746954e+01 0.000000000000000000e+00
3.688164649201746670e+01 0.000000000000000000e+00
3.693164649201746386e+01 0.000000000000000000e+00
3.698164649201746812e+01 0.000000000000000000e+00
3.703164649201746528e+01 0.000000000000000000e+00
3.708164649201746954e+01 0.000000000000000000e+00
3.713164649201746670e+01 0.000000000000000000e+00
3.718164649201746386e+01 0.000000000000000000e+00
3.723164649201746812e+01 0.000000000000000000e+00
