-3.074426910451243344e+01 0.000000000000000000e+00
-3.069426910451243273e+01 0.000000000000000000e+00
-3.064426910451243202e+01 0.000000000000000000e+00
-3.059426910451243131e+01 0.000000000000000000e+00
-3.054426910451243060e+01 0.000000000000000000e+00
-3.049426910451243344e+01 0.000000000000000000e+00
-3.044426910451243273e+01 0.000000000000000000e+00
-3.039426910451243202e+01 0.000000000000000000e+00
-3.034426910451243131e+01 0.000000000000000000e+00
-3.029426910451243060e+01 0.000000000000000000e+00
-3.024426910451243344e+01 0.000000000000000000e+00
-3.019426910451243273e+01 0.000000000000000000e+00
-3.014426910451243202e+01 0.000000000000000000e+00
-3.009426910451243131e+01 0.000000000000000000e+00
-3.004426910451243060e+01 0.000000000000000000e+00
-2.999426910451243344e+01 0.000000000000000000e+00
-2.994426910451243273e+01 0.000000000000000000e+00
-2.989426910451243202e+01 0.000000000000000000e+00
-2.984426910451243131e+01 0.000000000000000000e+00
-2.979426910451243060e+01 0.000000000000000000e+00
-2.974426910451243344e+01 0.000000000000000000e+00
-2.969426910451243273e+01 0.000000000000000000e+00
-2.964426910451243202e+01 0.000000000000000000e+00
-2.959426910451243131e+01 0.000000000000000000e+00
-2.954426910451243060e+01 0.000000000000000000e+00
-2.949426910451243344e+01 0.000000000000000000e+00
-2.944426910451243273e+01 0.000000000000000000e+00
-2.939426910451243202e+01 0.000000000000000000e+00
-2.934426910451243131e+01 0.000000000000000000e+00
-2.929426910451243060e+01 0.000000000000000000e+00
-2.924426910451243344e+01 0.000000000000000000e+00
-2.919426910451243273e+01 0.000000000000000000e+00
-2.914426910451243202e+01 0.000000000000000000e+00
-2.909426910451243131e+01 0.000000000000000000e+00
-2.904426910451243060e+01 0.000000000000000000e+00
-2.899426910451243344e+01 0.000000000000000000e+00
-2.894426910451243273e+01 0.000000000000000000e+00
-2.889426910451243202e+01 0.000000000000000000e+00
-2.884426910451243131e+01 0.000000000000000000e+00
-2.879426910451243060e+01 0.000000000000000000e+00
-2.874426910451243344e+01 0.000000000000000000e+00
-2.869426910451243273e+01 0.000000000000000000e+00
-2.864426910451243202e+01 0.000000000000000000e+00
-2.859426910451243131e+01 0.000000000000000000e+00
-2.854426910451243060e+01 0.000000000000000000e+00
-2.849426910451243344e+01 0.000000000000000000e+00
-2.844426910451243273e+01 0.000000000000000000e+00
-2.839426910451243202e+01 0.000000000000000000e+00
-2.834426910451243131e+01 0.000000000000000000e+00
-2.829426910451243060e+01 0.000000000000000000e+00
-2.824426910451243344e+01 0.000000000000000000e+00
-2.819426910451243273e+01 0.000000000000000000e+00
-2.814426910451243202e+01 0.000000000000000000e+00
-2.809426910451243131e+01 0.000000000000000000e+00
-2.804426910451243060e+01 0.000000000000000000e+00
-2.799426910451243344e+01 0.000000000000000000e+00
-2.794426910451243273e+01 0.000000000000000000e+00
-2.789426910451243202e+01 0.000000000000000000e+00
-2.784426910451243131e+01 0.000000000000000000e+00
-2.779426910451243060e+01 0.000000000000000000e+00
-2.774426910451243344e+01 0.000000000000000000e+00
-2.769426910451243273e+01 0.000000000000000000e+00
-2.764426910451243202e+01 0.000000000000000000e+00
-2.759426910451243131e+01 0.000000000000000000e+00
-2.754426910451243060e+01 0.000000000000000000e+00
-2.749426910451243344e+01 0.000000000000000000e+00
-2.744426910451243273e+01 0.000000000000000000e+00
-2.739426910451243202e+01 0.000000000000000000e+00
-2.734426910451243131e+01 0.000000000000000000e+00
-2.729426910451243060e+01 0.000000000000000000e+00
-2.724426910451243344e+01 0.000000000000000000e+00
-2.719426910451243273e+01 0.000000000000000000e+00
-2.714426910451243202e+01 0.000000000000000000e+00
-2.709426910451243131e+01 0.000000000000000000e+00
-2.704426910451243060e+01 0.000000000000000000e+00
-2.699426910451243344e+01 0.000000000000000000e+00
-2.694426910451243273e+01 0.000000000000000000e+00
-2.689426910451243202e+01 0.000000000000000000e+00
-2.684426910451243131e+01 0.000000000000000000e+00
-2.679426910451243060e+01 0.000000000000000000e+00
-2.674426910451243344e+01 0.000000000000000000e+00
-2.669426910451243273e+01 0.000000000000000000e+00
-2.664426910451243202e+01 0.000000000000000000e+00
-2.659426910451243131e+01 0.000000000000000000e+00
-2.654426910451243060e+01 0.000000000000000000e+00
-2.649426910451243344e+01 0.000000000000000000e+00
-2.644426910451243273e+01 0.000000000000000000e+00
-2.639426910451243202e+01 0.000000000000000000e+00
-2.634426910451243131e+01 0.000000000000000000e+00
-2.629426910451243060e+01 0.000000000000000000e+00
-2.624426910451243344e+01 0.000000000000000000e+00
-2.619426910451243273e+01 0.000000000000000000e+00
-2.614426910451243202e+01 0.000000000000000000e+00
-2.609426910451243131e+01 0.000000000000000000e+00
-2.604426910451243060e+01 0.000000000000000000e+00
-2.599426910451243344e+01 0.000000000000000000e+00
-2.594426910451242918e+01 0.000000000000000000e+00
-2.589426910451243202e+01 0.000000000000000000e+00
-2.584426910451243131e+01 0.000000000000000000e+00
-2.579426910451243060e+01 0.000000000000000000e+00
-2.574426910451243344e+01 0.000000000000000000e+00
-2.569426910451242918e+01 0.000000000000000000e+00
-2.564426910451243202e+01 0.000000000000000000e+00
-2.559426910451243131e+01 0.000000000000000000e+00
-2.554426910451243060e+01 0.000000000000000000e+00
-2.549426910451243344e+01 0.000000000000000000e+00
-2.544426910451242918e+01 0.000000000000000000e+00
-2.539426910451243202e+01 0.000000000000000000e+00
-2.534426910451243131e+01 0.000000000000000000e+00
-2.529426910451243060e+01 0.000000000000000000e+00
-2.524426910451243344e+01 0.000000000000000000e+00
-2.519426910451242918e+01 0.000000000000000000e+00
-2.514426910451243202e+01 0.000000000000000000e+00
-2.509426910451243131e+01 0.000000000000000000e+00
-2.504426910451243060e+01 0.000000000000000000e+00
-2.499426910451243344e+01 0.000000000000000000e+00
-2.494426910451242918e+01 0.000000000000000000e+00
-2.489426910451243202e+01 0.000000000000000000e+00
-2.484426910451243131e+01 0.000000000000000000e+00
-2.479426910451243060e+01 0.000000000000000000e+00
-2.474426910451243344e+01 0.000000000000000000e+00
-2.469426910451242918e+01 0.000000000000000000e+00
-2.464426910451243202e+01 0.000000000000000000e+00
-2.459426910451243131e+01 0.000000000000000000e+00
-2.454426910451243060e+01 0.000000000000000000e+00
-2.449426910451243344e+01 0.000000000000000000e+00
-2.444426910451242918e+01 0.000000000000000000e+00
-2.439426910451243202e+01 0.000000000000000000e+00
-2.434426910451243131e+01 0.000000000000000000e+00
-2.429426910451243060e+01 0.000000000000000000e+00
-2.424426910451243344e+01 0.000000000000000000e+00
-2.419426910451242918e+01 0.000000000000000000e+00
-2.414426910451243202e+01 0.000000000000000000e+00
-2.409426910451243131e+01 0.000000000000000000e+00
-2.404426910451243060e+01 0.000000000000000000e+00
-2.399426910451243344e+01 0.000000000000000000e+00
-2.394426910451242918e+01 0.000000000000000000e+00
-2.389426910451243202e+01 0.000000000000000000e+00
-2.384426910451243131e+01 0.000000000000000000e+00
-2.379426910451243060e+01 0.000000000000000000e+00
-2.374426910451243344e+01 0.000000000000000000e+00
-2.369426910451242918e+01 0.000000000000000000e+00
-2.364426910451243202e+01 0.000000000000000000e+00
-2.359426910451243131e+01 0.000000000000000000e+00
-2.354426910451243060e+01 0.000000000000000000e+00
-2.349426910451243344e+01 0.000000000000000000e+00
-2.344426910451242918e+01 0.000000000000000000e+00
-2.339426910451243202e+01 0.000000000000000000e+00
-2.334426910451243131e+01 0.000000000000000000e+00
-2.329426910451243060e+01 0.000000000000000000e+00
-2.324426910451243344e+01 0.000000000000000000e+00
-2.319426910451242918e+01 0.000000000000000000e+00
-2.314426910451243202e+01 0.000000000000000000e+00
-2.309426910451243131e+01 0.000000000000000000e+00
-2.304426910451243060e+01 0.000000000000000000e+00
-2.299426910451243344e+01 0.000000000000000000e+00
-2.294426910451242918e+01 0.000000000000000000e+00
-2.289426910451243202e+01 0.000000000000000000e+00
-2.284426910451243131e+01 0.000000000000000000e+00
-2.279426910451243060e+01 0.000000000000000000e+00
-2.274426910451243344e+01 0.000000000000000000e+00
-2.269426910451243273e+01 0.000000000000000000e+00
-2.264426910451243202e+01 0.000000000000000000e+00
-2.259426910451243131e+01 0.000000000000000000e+00
-2.254426910451243060e+01 0.000000000000000000e+00
-2.249426910451243344e+01 0.000000000000000000e+00
-2.244426910451243273e+01 0.000000000000000000e+00
-2.239426910451243202e+01 0.000000000000000000e+00
-2.234426910451243131e+01 0.000000000000000000e+00
-2.229426910451243060e+01 0.000000000000000000e+00
-2.224426910451243344e+01 0.000000000000000000e+00
-2.219426910451243273e+01 0.000000000000000000e+00
-2.214426910451243202e+01 0.000000000000000000e+00
-2.209426910451243131e+01 0.000000000000000000e+00
-2.204426910451243060e+01 0.000000000000000000e+00
-2.199426910451243344e+01 0.000000000000000000e+00
-2.194426910451243273e+01 0.000000000000000000e+00
-2.189426910451243202e+01 0.000000000000000000e+00
-2.184426910451243131e+01 0.000000000000000000e+00
-2.179426910451243060e+01 0.000000000000000000e+00
-2.174426910451243344e+01 0.000000000000000000e+00
-2.169426910451243273e+01 0.000000000000000000e+00
-2.164426910451243202e+01 0.000000000000000000e+00
-2.159426910451243131e+01 0.000000000000000000e+00
-2.154426910451243060e+01 0.000000000000000000e+00
-2.149426910451243344e+01 0.000000000000000000e+00
-2.144426910451243273e+01 0.000000000000000000e+00
-2.139426910451243202e+01 0.000000000000000000e+00
-2.134426910451243131e+01 0.000000000000000000e+00
-2.129426910451243060e+01 0.000000000000000000e+00
-2.124426910451243344e+01 0.000000000000000000e+00
-2.119426910451242918e+01 0.000000000000000000e+00
-2.114426910451243202e+01 0.000000000000000000e+00
-2.109426910451243131e+01 0.000000000000000000e+00
-2.104426910451243060e+01 0.000000000000000000e+00
-2.099426910451243344e+01 0.000000000000000000e+00
-2.094426910451242918e+01 0.000000000000000000e+00
-2.089426910451243202e+01 0.000000000000000000e+00
-2.084426910451243131e+01 0.000000000000000000e+00
-2.079426910451243060e+01 0.000000000000000000e+00
-2.074426910451243344e+01 0.000000000000000000e+00
-2.069426910451242918e+01 0.000000000000000000e+00
-2.064426910451243202e+01 0.000000000000000000e+00
-2.059426910451243131e+01 0.000000000000000000e+00
-2.054426910451243060e+01 0.000000000000000000e+00
-2.049426910451243344e+01 0.000000000000000000e+00
-2.044426910451242918e+01 0.000000000000000000e+00
-2.039426910451243202e+01 0.000000000000000000e+00
-2.034426910451243131e+01 0.000000000000000000e+00
-2.029426910451243060e+01 0.000000000000000000e+00
-2.024426910451243344e+01 0.000000000000000000e+00
-2.019426910451242918e+01 0.000000000000000000e+00
-2.014426910451243202e+01 0.000000000000000000e+00
-2.009426910451243131e+01 0.000000000000000000e+00
-2.004426910451243060e+01 0.000000000000000000e+00
-1.999426910451243344e+01 0.000000000000000000e+00
-1.994426910451242918e+01 0.000000000000000000e+00
-1.989426910451243202e+01 0.000000000000000000e+00
-1.984426910451243131e+01 0.000000000000000000e+00
-1.979426910451243060e+01 0.000000000000000000e+00
-1.974426910451243344e+01 0.000000000000000000e+00
-1.969426910451242918e+01 0.000000000000000000e+00
-1.964426910451243202e+01 0.000000000000000000e+00
-1.959426910451243131e+01 0.000000000000000000e+00
-1.954426910451243060e+01 0.000000000000000000e+00
-1.949426910451243344e+01 0.000000000000000000e+00
-1.944426910451242918e+01 0.000000000000000000e+00
-1.939426910451243202e+01 0.000000000000000000e+00
-1.934426910451243131e+01 0.000000000000000000e+00
-1.929426910451243060e+01 0.000000000000000000e+00
-1.924426910451243344e+01 0.000000000000000000e+00
-1.919426910451242918e+01 0.000000000000000000e+00
-1.914426910451243202e+01 0.000000000000000000e+00
-1.909426910451243131e+01 0.000000000000000000e+00
-1.904426910451243060e+01 0.000000000000000000e+00
-1.899426910451243344e+01 0.000000000000000000e+00
-1.894426910451242918e+01 0.000000000000000000e+00
-1.889426910451243202e+01 0.000000000000000000e+00
-1.884426910451243131e+01 0.000000000000000000e+00
-1.879426910451243060e+01 0.000000000000000000e+00
-1.874426910451243344e+01 0.000000000000000000e+00
-1.869426910451242918e+01 0.000000000000000000e+00
-1.864426910451243202e+01 0.000000000000000000e+00
-1.859426910451243131e+01 0.000000000000000000e+00
-1.854426910451243060e+01 0.000000000000000000e+00
-1.849426910451243344e+01 0.000000000000000000e+00
-1.844426910451242918e+01 0.000000000000000000e+00
-1.839426910451243202e+01 0.000000000000000000e+00
-1.834426910451243131e+01 0.000000000000000000e+00
-1.829426910451243060e+01 0.000000000000000000e+00
-1.824426910451243344e+01 0.000000000000000000e+00
-1.819426910451242918e+01 0.000000000000000000e+00
-1.814426910451243202e+01 0.000000000000000000e+00
-1.809426910451243131e+01 0.000000000000000000e+00
-1.804426910451243060e+01 0.000000000000000000e+00
-1.799426910451243344e+01 0.000000000000000000e+00
-1.794426910451242918e+01 0.000000000000000000e+00
-1.789426910451243202e+01 0.000000000000000000e+00
-1.784426910451243131e+01 0.000000000000000000e+00
-1.779426910451243060e+01 0.000000000000000000e+00
-1.774426910451243344e+01 0.000000000000000000e+00
-1.769426910451242918e+01 0.000000000000000000e+00
-1.764426910451243202e+01 0.000000000000000000e+00
-1.759426910451243131e+01 0.000000000000000000e+00
-1.754426910451243060e+01 0.000000000000000000e+00
-1.749426910451243344e+01 0.000000000000000000e+00
-1.744426910451242918e+01 0.000000000000000000e+00
-1.739426910451243202e+01 0.000000000000000000e+00
-1.734426910451243131e+01 0.000000000000000000e+00
-1.729426910451243060e+01 0.000000000000000000e+00
-1.724426910451243344e+01 0.000000000000000000e+00
-1.719426910451242918e+01 0.000000000000000000e+00
-1.714426910451243202e+01 0.000000000000000000e+00
-1.709426910451243131e+01 0.000000000000000000e+00
-1.704426910451243060e+01 0.000000000000000000e+00
-1.699426910451243344e+01 0.000000000000000000e+00
-1.694426910451242918e+01 0.000000000000000000e+00
-1.689426910451243202e+01 0.000000000000000000e+00
-1.684426910451243131e+01 0.000000000000000000e+00
-1.679426910451243060e+01 0.000000000000000000e+00
-1.674426910451243344e+01 0.000000000000000000e+00
-1.669426910451242918e+01 0.000000000000000000e+00
-1.664426910451243202e+01 0.000000000000000000e+00
-1.659426910451243131e+01 0.000000000000000000e+00
-1.654426910451243060e+01 0.000000000000000000e+00
-1.649426910451243344e+01 0.000000000000000000e+00
-1.644426910451242918e+01 0.000000000000000000e+00
-1.639426910451243202e+01 0.000000000000000000e+00
-1.634426910451243131e+01 0.000000000000000000e+00
-1.629426910451243060e+01 0.000000000000000000e+00
-1.624426910451243344e+01 0.000000000000000000e+00
-1.619426910451242918e+01 0.000000000000000000e+00
-1.614426910451243202e+01 0.000000000000000000e+00
-1.609426910451243131e+01 0.000000000000000000e+00
-1.604426910451243060e+01 0.000000000000000000e+00
-1.599426910451243167e+01 0.000000000000000000e+00
-1.594426910451243096e+01 0.000000000000000000e+00
-1.589426910451243202e+01 0.000000000000000000e+00
-1.584426910451243131e+01 0.000000000000000000e+00
-1.579426910451243060e+01 0.000000000000000000e+00
-1.574426910451243167e+01 0.000000000000000000e+00
-1.569426910451243096e+01 0.000000000000000000e+00
-1.564426910451243202e+01 0.000000000000000000e+00
-1.559426910451243131e+01 0.000000000000000000e+00
-1.554426910451243060e+01 0.000000000000000000e+00
-1.549426910451243167e+01 0.000000000000000000e+00
-1.544426910451243096e+01 0.000000000000000000e+00
-1.539426910451243202e+01 0.000000000000000000e+00
-1.534426910451243131e+01 0.000000000000000000e+00
-1.529426910451243060e+01 0.000000000000000000e+00
-1.524426910451243167e+01 0.000000000000000000e+00
-1.519426910451243096e+01 0.000000000000000000e+00
-1.514426910451243202e+01 0.000000000000000000e+00
-1.509426910451243131e+01 0.000000000000000000e+00
-1.504426910451243060e+01 0.000000000000000000e+00
-1.499426910451243167e+01 0.000000000000000000e+00
-1.494426910451243096e+01 0.000000000000000000e+00
-1.489426910451243202e+01 0.000000000000000000e+00
-1.484426910451243131e+01 0.000000000000000000e+00
-1.479426910451243060e+01 0.000000000000000000e+00
-1.474426910451243344e+01 0.000000000000000000e+00
-1.469426910451242918e+01 0.000000000000000000e+00
-1.464426910451243202e+01 0.000000000000000000e+00
-1.459426910451243131e+01 0.000000000000000000e+00
-1.454426910451243060e+01 0.000000000000000000e+00
-1.449426910451243344e+01 0.000000000000000000e+00
-1.444426910451242918e+01 0.000000000000000000e+00
-1.439426910451243202e+01 0.000000000000000000e+00
-1.434426910451243131e+01 0.000000000000000000e+00
-1.429426910451243060e+01 0.000000000000000000e+00
-1.424426910451243344e+01 0.000000000000000000e+00
-1.419426910451242918e+01 0.000000000000000000e+00
-1.414426910451243202e+01 0.000000000000000000e+00
-1.409426910451243131e+01 0.000000000000000000e+00
-1.404426910451243060e+01 0.000000000000000000e+00
-1.399426910451243344e+01 0.000000000000000000e+00
-1.394426910451242918e+01 0.000000000000000000e+00
-1.389426910451243202e+01 0.000000000000000000e+00
-1.384426910451243131e+01 0.000000000000000000e+00
-1.379426910451243060e+01 0.000000000000000000e+00
-1.374426910451243344e+01 0.000000000000000000e+00
-1.369426910451242918e+01 0.000000000000000000e+00
-1.364426910451243202e+01 0.000000000000000000e+00
-1.359426910451243131e+01 0.000000000000000000e+00
-1.354426910451243060e+01 0.000000000000000000e+00
-1.349426910451243344e+01 0.000000000000000000e+00
-1.344426910451242918e+01 0.000000000000000000e+00
-1.339426910451243202e+01 0.000000000000000000e+00
-1.334426910451243131e+01 0.000000000000000000e+00
-1.329426910451243060e+01 0.000000000000000000e+00
-1.324426910451243344e+01 0.000000000000000000e+00
-1.319426910451242918e+01 0.000000000000000000e+00
-1.314426910451243202e+01 0.000000000000000000e+00
-1.309426910451243131e+01 0.000000000000000000e+00
-1.304426910451243060e+01 0.000000000000000000e+00
-1.299426910451243344e+01 0.000000000000000000e+00
-1.294426910451242918e+01 0.000000000000000000e+00
-1.289426910451243202e+01 0.000000000000000000e+00
-1.284426910451243131e+01 0.000000000000000000e+00
-1.279426910451243060e+01 0.000000000000000000e+00
-1.274426910451243344e+01 0.000000000000000000e+00
-1.269426910451242918e+01 0.000000000000000000e+00
-1.264426910451243202e+01 0.000000000000000000e+00
-1.259426910451243131e+01 0.000000000000000000e+00
-1.254426910451243060e+01 0.000000000000000000e+00
-1.249426910451243344e+01 0.000000000000000000e+00
-1.244426910451242918e+01 0.000000000000000000e+00
-1.239426910451243202e+01 0.000000000000000000e+00
-1.234426910451243131e+01 0.000000000000000000e+00
-1.229426910451243060e+01 0.000000000000000000e+00
-1.224426910451243344e+01 0.000000000000000000e+00
-1.219426910451242918e+01 0.000000000000000000e+00
-1.214426910451243202e+01 0.000000000000000000e+00
-1.209426910451243131e+01 0.000000000000000000e+00
-1.204426910451243060e+01 0.000000000000000000e+00
-1.199426910451243344e+01 0.000000000000000000e+00
-1.194426910451242918e+01 0.000000000000000000e+00
-1.189426910451243202e+01 0.000000000000000000e+00
-1.184426910451243131e+01 0.000000000000000000e+00
-1.179426910451243060e+01 0.000000000000000000e+00
-1.174426910451243344e+01 0.000000000000000000e+00
-1.169426910451242918e+01 0.000000000000000000e+00
-1.164426910451243202e+01 0.000000000000000000e+00
-1.159426910451242776e+01 0.000000000000000000e+00
-1.154426910451243060e+01 0.000000000000000000e+00
-1.149426910451243344e+01 0.000000000000000000e+00
-1.144426910451242918e+01 0.000000000000000000e+00
-1.139426910451243202e+01 0.000000000000000000e+00
-1.134426910451242776e+01 0.000000000000000000e+00
-1.129426910451243060e+01 0.000000000000000000e+00
-1.124426910451243344e+01 0.000000000000000000e+00
-1.119426910451242918e+01 0.000000000000000000e+00
-1.114426910451243202e+01 0.000000000000000000e+00
-1.109426910451242776e+01 0.000000000000000000e+00
-1.104426910451243060e+01 0.000000000000000000e+00
-1.099426910451243344e+01 0.000000000000000000e+00
-1.094426910451242918e+01 0.000000000000000000e+00
-1.089426910451243202e+01 0.000000000000000000e+00
-1.084426910451242776e+01 0.000000000000000000e+00
-1.079426910451243060e+01 0.000000000000000000e+00
-1.074426910451243344e+01 0.000000000000000000e+00
-1.069426910451242918e+01 0.000000000000000000e+00
-1.064426910451243202e+01 0.000000000000000000e+00
-1.059426910451242776e+01 0.000000000000000000e+00
-1.054426910451243060e+01 0.000000000000000000e+00
-1.049426910451243344e+01 0.000000000000000000e+00
-1.044426910451242918e+01 0.000000000000000000e+00
-1.039426910451243202e+01 0.000000000000000000e+00
-1.034426910451242776e+01 0.000000000000000000e+00
-1.029426910451243060e+01 0.000000000000000000e+00
-1.024426910451243344e+01 0.000000000000000000e+00
-1.019426910451242918e+01 0.000000000000000000e+00
-1.014426910451243202e+01 0.000000000000000000e+00
-1.009426910451242776e+01 0.000000000000000000e+00
-1.004426910451243060e+01 0.000000000000000000e+00
-9.994269104512433444e+00 0.000000000000000000e+00
-9.944269104512429180e+00 0.000000000000000000e+00
-9.894269104512432023e+00 0.000000000000000000e+00
-9.844269104512427759e+00 0.000000000000000000e+00
-9.794269104512430602e+00 0.000000000000000000e+00
-9.744269104512433444e+00 0.000000000000000000e+00
-9.694269104512429180e+00 0.000000000000000000e+00
-9.644269104512432023e+00 0.000000000000000000e+00
-9.594269104512427759e+00 0.000000000000000000e+00
-9.544269104512430602e+00 0.000000000000000000e+00
-9.494269104512433444e+00 0.000000000000000000e+00
-9.444269104512429180e+00 0.000000000000000000e+00
-9.394269104512432023e+00 0.000000000000000000e+00
-9.344269104512427759e+00 0.000000000000000000e+00
-9.294269104512430602e+00 0.000000000000000000e+00
-9.244269104512433444e+00 0.000000000000000000e+00
-9.194269104512429180e+00 0.000000000000000000e+00
-9.144269104512432023e+00 0.000000000000000000e+00
-9.094269104512427759e+00 0.000000000000000000e+00
-9.044269104512430602e+00 0.000000000000000000e+00
-8.994269104512433444e+00 0.000000000000000000e+00
-8.944269104512429180e+00 0.000000000000000000e+00
-8.894269104512432023e+00 0.000000000000000000e+00
-8.844269104512427759e+00 0.000000000000000000e+00
-8.794269104512430602e+00 0.000000000000000000e+00
-8.744269104512433444e+00 0.000000000000000000e+00
-8.694269104512429180e+00 0.000000000000000000e+00
-8.644269104512432023e+00 0.000000000000000000e+00
-8.594269104512427759e+00 0.000000000000000000e+00
-8.544269104512430602e+00 0.000000000000000000e+00
-8.494269104512433444e+00 0.000000000000000000e+00
-8.444269104512429180e+00 0.000000000000000000e+00
-8.394269104512432023e+00 0.000000000000000000e+00
-8.344269104512427759e+00 0.000000000000000000e+00
-8.294269104512430602e+00 0.000000000000000000e+00
-8.244269104512433444e+00 0.000000000000000000e+00
-8.194269104512429180e+00 0.000000000000000000e+00
-8.144269104512432023e+00 0.000000000000000000e+00
-8.094269104512427759e+00 0.000000000000000000e+00
-8.044269104512430602e+00 0.000000000000000000e+00
-7.994269104512433444e+00 0.000000000000000000e+00
-7.944269104512429180e+00 0.000000000000000000e+00
-7.894269104512432023e+00 0.000000000000000000e+00
-7.844269104512427759e+00 0.000000000000000000e+00
-7.794269104512430602e+00 0.000000000000000000e+00
-7.744269104512433444e+00 0.000000000000000000e+00
-7.694269104512429180e+00 0.000000000000000000e+00
-7.644269104512432023e+00 0.000000000000000000e+00
-7.594269104512427759e+00 0.000000000000000000e+00
-7.544269104512430602e+00 0.000000000000000000e+00
-7.494269104512433444e+00 0.000000000000000000e+00
-7.444269104512429180e+00 0.000000000000000000e+00
-7.394269104512432023e+00 0.000000000000000000e+00
-7.344269104512427759e+00 0.000000000000000000e+00
-7.294269104512430602e+00 0.000000000000000000e+00
-7.244269104512433444e+00 0.000000000000000000e+00
-7.194269104512429180e+00 0.000000000000000000e+00
-7.144269104512432023e+00 0.000000000000000000e+00
-7.094269104512427759e+00 0.000000000000000000e+00
-7.044269104512430602e+00 0.000000000000000000e+00
-6.994269104512433444e+00 0.000000000000000000e+00
-6.944269104512429180e+00 0.000000000000000000e+00
-6.894269104512432023e+00 0.000000000000000000e+00
-6.844269104512427759e+00 0.000000000000000000e+00
-6.794269104512430602e+00 0.000000000000000000e+00
-6.744269104512433444e+00 0.000000000000000000e+00
-6.694269104512429180e+00 0.000000000000000000e+00
-6.644269104512432023e+00 0.000000000000000000e+00
-6.594269104512427759e+00 0.000000000000000000e+00
-6.544269104512430602e+00 0.000000000000000000e+00
-6.494269104512433444e+00 0.000000000000000000e+00
-6.444269104512429180e+00 0.000000000000000000e+00
-6.394269104512432023e+00 0.000000000000000000e+00
-6.344269104512427759e+00 0.000000000000000000e+00
-6.294269104512430602e+00 0.000000000000000000e+00
-6.244269104512433444e+00 0.000000000000000000e+00
-6.194269104512429180e+00 0.000000000000000000e+00
-6.144269104512432023e+00 0.000000000000000000e+00
-6.094269104512427759e+00 0.000000000000000000e+00
-6.044269104512430602e+00 0.000000000000000000e+00
-5.994269104512433444e+00 0.000000000000000000e+00
-5.944269104512429180e+00 0.000000000000000000e+00
-5.894269104512432023e+00 0.000000000000000000e+00
-5.844269104512427759e+00 0.000000000000000000e+00
-5.794269104512430602e+00 0.000000000000000000e+00
-5.744269104512433444e+00 0.000000000000000000e+00
-5.694269104512429180e+00 0.000000000000000000e+00
-5.644269104512432023e+00 0.000000000000000000e+00
-5.594269104512427759e+00 0.000000000000000000e+00
-5.544269104512430602e+00 0.000000000000000000e+00
-5.494269104512433444e+00 0.000000000000000000e+00
-5.444269104512429180e+00 0.000000000000000000e+00
-5.394269104512432023e+00 0.000000000000000000e+00
-5.344269104512427759e+00 0.000000000000000000e+00
-5.294269104512430602e+00 0.000000000000000000e+00
-5.244269104512433444e+00 0.000000000000000000e+00
-5.194269104512429180e+00 0.000000000000000000e+00
-5.144269104512432023e+00 0.000000000000000000e+00
-5.094269104512427759e+00 0.000000000000000000e+00
-5.044269104512430602e+00 0.000000000000000000e+00
-4.994269104512433444e+00 0.000000000000000000e+00
-4.944269104512429180e+00 0.000000000000000000e+00
-4.894269104512432023e+00 0.000000000000000000e+00
-4.844269104512427759e+00 0.000000000000000000e+00
-4.794269104512430602e+00 0.000000000000000000e+00
-4.744269104512433444e+00 0.000000000000000000e+00
-4.694269104512429180e+00 0.000000000000000000e+00
-4.644269104512432023e+00 0.000000000000000000e+00
-4.594269104512427759e+00 0.000000000000000000e+00
-4.544269104512430602e+00 0.000000000000000000e+00
-4.494269104512433444e+00 0.000000000000000000e+00
-4.444269104512429180e+00 0.000000000000000000e+00
-4.394269104512432023e+00 0.000000000000000000e+00
-4.344269104512427759e+00 0.000000000000000000e+00
-4.294269104512430602e+00 0.000000000000000000e+00
-4.244269104512433444e+00 0.000000000000000000e+00
-4.194269104512429180e+00 0.000000000000000000e+00
-4.144269104512432023e+00 0.000000000000000000e+00
-4.094269104512427759e+00 0.000000000000000000e+00
-4.044269104512430602e+00 0.000000000000000000e+00
-3.994269104512433444e+00 0.000000000000000000e+00
-3.944269104512429180e+00 0.000000000000000000e+00
-3.894269104512432023e+00 0.000000000000000000e+00
-3.844269104512427759e+00 0.000000000000000000e+00
-3.794269104512430602e+00 0.000000000000000000e+00
-3.744269104512433444e+00 0.000000000000000000e+00
-3.694269104512429180e+00 0.000000000000000000e+00
-3.644269104512432023e+00 0.000000000000000000e+00
-3.594269104512427759e+00 0.000000000000000000e+00
-3.544269104512430602e+00 0.000000000000000000e+00
-3.494269104512433444e+00 0.000000000000000000e+00
-3.444269104512429180e+00 0.000000000000000000e+00
-3.394269104512432023e+00 0.000000000000000000e+00
-3.344269104512427759e+00 0.000000000000000000e+00
-3.294269104512430602e+00 0.000000000000000000e+00
-3.244269104512433444e+00 0.000000000000000000e+00
-3.194269104512429180e+00 0.000000000000000000e+00
-3.144269104512432023e+00 0.000000000000000000e+00
-3.094269104512427759e+00 0.000000000000000000e+00
-3.044269104512430602e+00 0.000000000000000000e+00
-2.994269104512433444e+00 0.000000000000000000e+00
-2.944269104512429180e+00 0.000000000000000000e+00
-2.894269104512432023e+00 0.000000000000000000e+00
-2.844269104512427759e+00 0.000000000000000000e+00
-2.794269104512430602e+00 0.000000000000000000e+00
-2.744269104512433444e+00 0.000000000000000000e+00
-2.694269104512429180e+00 0.000000000000000000e+00
-2.644269104512432023e+00 0.000000000000000000e+00
-2.594269104512427759e+00 0.000000000000000000e+00
-2.544269104512430602e+00 0.000000000000000000e+00
-2.494269104512433444e+00 0.000000000000000000e+00
-2.444269104512429180e+00 0.000000000000000000e+00
-2.394269104512432023e+00 0.000000000000000000e+00
-2.344269104512427759e+00 0.000000000000000000e+00
-2.294269104512430602e+00 0.000000000000000000e+00
-2.244269104512433444e+00 0.000000000000000000e+00
-2.194269104512429180e+00 0.000000000000000000e+00
-2.144269104512432023e+00 0.000000000000000000e+00
-2.094269104512427759e+00 0.000000000000000000e+00
-2.044269104512430602e+00 0.000000000000000000e+00
-1.994269104512433444e+00 0.000000000000000000e+00
-1.944269104512429180e+00 0.000000000000000000e+00
-1.894269104512432023e+00 0.000000000000000000e+00
-1.844269104512427759e+00 0.000000000000000000e+00
-1.794269104512430602e+00 0.000000000000000000e+00
-1.744269104512433444e+00 0.000000000000000000e+00
-1.694269104512429180e+00 0.000000000000000000e+00
-1.644269104512432023e+00 0.000000000000000000e+00
-1.594269104512427759e+00 0.000000000000000000e+00
-1.544269104512430602e+00 0.000000000000000000e+00
-1.494269104512433444e+00 0.000000000000000000e+00
-1.444269104512429180e+00 0.000000000000000000e+00
-1.394269104512432023e+00 0.000000000000000000e+00
-1.344269104512427759e+00 0.000000000000000000e+00
-1.294269104512430602e+00 0.000000000000000000e+00
-1.244269104512433444e+00 0.000000000000000000e+00
-1.194269104512429180e+00 0.000000000000000000e+00
-1.144269104512432023e+00 0.000000000000000000e+00
-1.094269104512427759e+00 0.000000000000000000e+00
-1.044269104512430602e+00 0.000000000000000000e+00
-9.942691045124334437e-01 0.000000000000000000e+00
-9.442691045124291804e-01 0.000000000000000000e+00
-8.942691045124320226e-01 0.000000000000000000e+00
-8.442691045124277593e-01 0.000000000000000000e+00
-7.942691045124306015e-01 0.000000000000000000e+00
-7.442691045124334437e-01 0.000000000000000000e+00
-6.942691045124291804e-01 0.000000000000000000e+00
-6.442691045124320226e-01 0.000000000000000000e+00
-5.942691045124277593e-01 0.000000000000000000e+00
-5.442691045124306015e-01 0.000000000000000000e+00
-4.942691045124334437e-01 0.000000000000000000e+00
-4.442691045124291804e-01 0.000000000000000000e+00
-3.942691045124320226e-01 0.000000000000000000e+00
-3.442691045124277593e-01 0.000000000000000000e+00
-2.942691045124306015e-01 0.000000000000000000e+00
-2.442691045124334437e-01 0.000000000000000000e+00
-1.942691045124291804e-01 0.000000000000000000e+00
-1.442691045124320226e-01 0.000000000000000000e+00
-9.426910451242775935e-02 0.000000000000000000e+00
-4.426910451243060152e-02 0.000000000000000000e+00
5.730895487566556312e-03 0.000000000000000000e+00
5.573089548757081957e-02 0.000000000000000000e+00
1.057308954875679774e-01 0.000000000000000000e+00
1.557308954875722407e-01 0.000000000000000000e+00
2.057308954875693985e-01 0.000000000000000000e+00
2.557308954875665563e-01 0.000000000000000000e+00
3.057308954875708196e-01 0.000000000000000000e+00
3.557308954875679774e-01 0.000000000000000000e+00
4.057308954875722407e-01 0.000000000000000000e+00
4.557308954875693985e-01 0.000000000000000000e+00
5.057308954875665563e-01 0.000000000000000000e+00
5.557308954875708196e-01 0.000000000000000000e+00
6.057308954875679774e-01 0.000000000000000000e+00
6.557308954875722407e-01 0.000000000000000000e+00
7.057308954875693985e-01 0.000000000000000000e+00
7.557308954875665563e-01 0.000000000000000000e+00
8.057308954875708196e-01 0.000000000000000000e+00
8.557308954875679774e-01 0.000000000000000000e+00
9.057308954875722407e-01 0.000000000000000000e+00
9.557308954875693985e-01 0.000000000000000000e+00
1.005730895487566556e+00 0.000000000000000000e+00
1.055730895487570820e+00 0.000000000000000000e+00
1.105730895487567977e+00 0.000000000000000000e+00
1.155730895487572241e+00 0.000000000000000000e+00
1.205730895487569398e+00 0.000000000000000000e+00
1.255730895487573662e+00 0.000000000000000000e+00
1.305730895487570820e+00 0.000000000000000000e+00
1.355730895487567977e+00 0.000000000000000000e+00
1.405730895487565135e+00 0.000000000000000000e+00
1.455730895487569398e+00 5.709582365315859072e-05
1.505730895487573662e+00 1.712874709594757925e-04
1.555730895487570820e+00 3.425749419189515850e-04
1.605730895487567977e+00 1.484491414982123426e-03
1.655730895487565135e+00 2.512216240738978507e-03
1.705730895487569398e+00 5.766678188969018293e-03
1.755730895487573662e+00 1.644359721210967434e-02
1.805730895487570820e+00 8.621469371626945544e-02
1.855730895487567977e+00 2.490519827750777848e-01
1.905730895487565135e+00 8.399366617616160768e-01
1.955730895487569398e+00 1.700484915862022106e+00
2.005730895487573662e+00 3.044463508833723075e+00
2.055730895487570820e+00 4.220922955207055516e+00
2.105730895487567977e+00 4.744548753930172502e+00
2.155730895487565135e+00 4.490586530320923586e+00
2.205730895487569398e+00 3.389550666993412786e+00
2.255730895487573662e+00 2.387347674409520337e+00
2.305730895487570820e+00 1.559572423086026616e+00
2.355730895487567977e+00 9.247810557102097428e-01
2.405730895487565135e+00 6.063576471965441694e-01
2.455730895487569398e+00 4.176559500228550492e-01
2.505730895487573662e+00 3.267023029433734349e-01
2.555730895487570820e+00 3.240187992316750365e-01
2.605730895487567977e+00 3.361802096697977804e-01
2.655730895487565135e+00 3.412046421512757166e-01
2.705730895487569398e+00 3.368653595536357237e-01
2.755730895487573662e+00 3.162537672148454382e-01
2.805730895487570820e+00 2.931299586353162123e-01
2.855730895487567977e+00 2.604140516820563911e-01
2.905730895487565135e+00 2.366050932186891942e-01
2.955730895487569398e+00 2.111974516930336110e-01
3.005730895487573662e+00 1.956673876593744976e-01
3.055730895487570820e+00 1.874455890533196500e-01
3.105730895487567977e+00 2.272413781395711818e-01
3.155730895487565135e+00 2.721757913546069552e-01
3.205730895487569398e+00 3.727786326314724841e-01
3.255730895487573662e+00 4.921089040665738712e-01
3.305730895487570820e+00 6.784125766468303009e-01
3.355730895487567977e+00 9.381414784450488042e-01
3.405730895487565135e+00 1.178001033611968174e+00
3.455730895487569398e+00 1.434418377638303266e+00
3.505730895487573662e+00 1.677418203106146422e+00
3.555730895487570820e+00 1.986477896540693733e+00
3.605730895487567977e+00 2.114600924818381689e+00
3.655730895487565135e+00 2.203499122246349362e+00
3.705730895487569398e+00 2.232275417367541426e+00
3.755730895487573662e+00 2.172724473297297010e+00
3.805730895487570820e+00 2.150457102072565352e+00
3.855730895487567977e+00 2.024560810917350295e+00
3.905730895487565135e+00 1.953647797940127662e+00
3.955730895487569398e+00 1.839513246457463502e+00
4.005730895487573662e+00 1.725321599151146357e+00
4.055730895487570820e+00 1.544898796407164987e+00
4.105730895487567977e+00 1.441555355594948074e+00
4.155730895487565135e+00 1.304982145416592854e+00
4.205730895487569398e+00 1.105831912514375626e+00
4.255730895487573662e+00 1.051134113454649466e+00
4.305730895487570820e+00 9.499032181175994793e-01
4.355730895487567977e+00 8.477016937784455086e-01
4.405730895487565135e+00 7.711361942595600372e-01
4.455730895487569398e+00 7.436160072587374437e-01
4.505730895487573662e+00 7.433305281404717357e-01
4.555730895487570820e+00 6.643099082045000880e-01
4.605730895487567977e+00 6.782983849995238845e-01
4.655730895487565135e+00 6.773848518210734415e-01
4.705730895487569398e+00 6.942852156224086357e-01
4.755730895487573662e+00 7.994557227915266573e-01
4.805730895487570820e+00 7.753041893862405720e-01
4.855730895487567977e+00 7.601167002945002915e-01
4.905730895487565135e+00 8.458175315978913034e-01
4.955730895487569398e+00 8.820733796176470909e-01
5.005730895487573662e+00 9.740547515228854536e-01
5.055730895487570820e+00 1.048793184684870150e+00
5.105730895487567977e+00 1.029152221348183627e+00
5.155730895487565135e+00 1.162413873754655880e+00
5.205730895487569398e+00 1.161043573986979993e+00
5.255730895487573662e+00 1.155505279092623683e+00
5.305730895487570820e+00 1.255936832898529421e+00
5.355730895487567977e+00 1.226075717127927511e+00
5.405730895487565135e+00 1.278204204123261523e+00
5.455730895487569398e+00 1.193474001821974051e+00
5.505730895487573662e+00 1.316401310147224724e+00
5.555730895487570820e+00 1.279403216419977785e+00
5.605730895487567977e+00 1.259819348906944469e+00
5.655730895487565135e+00 1.237894552624131617e+00
5.705730895487569398e+00 1.245887967935573659e+00
5.755730895487573662e+00 1.273979113172927446e+00
5.805730895487570820e+00 1.264900877212075336e+00
5.855730895487567977e+00 1.252225604361074218e+00
5.905730895487565135e+00 1.238351319213356838e+00
5.955730895487569398e+00 1.232070778611509265e+00
6.005730895487573662e+00 1.284770223843374692e+00
6.055730895487570820e+00 1.221051284646449409e+00
6.105730895487567977e+00 1.233155599260919333e+00
6.155730895487565135e+00 1.180741633147319503e+00
6.205730895487569398e+00 1.116565927361169441e+00
6.255730895487573662e+00 1.114224998591390126e+00
6.305730895487570820e+00 1.045196147794721142e+00
6.355730895487567977e+00 1.067520614843106230e+00
6.405730895487565135e+00 1.010481887013600755e+00
6.455730895487569398e+00 1.021672668449619792e+00
6.505730895487573662e+00 9.697725647488987244e-01
6.555730895487570820e+00 9.935244273886125743e-01
6.605730895487567977e+00 9.466487561693693875e-01
6.655730895487565135e+00 8.978318269459188983e-01
6.705730895487569398e+00 9.443078273995898497e-01
6.755730895487573662e+00 9.522441468873789061e-01
6.805730895487570820e+00 8.980602102405315090e-01
6.855730895487567977e+00 9.425378568663421719e-01
6.905730895487565135e+00 9.427662401609546716e-01
6.955730895487569398e+00 9.776517884130344616e-01
7.005730895487573662e+00 9.698867563962049188e-01
7.055730895487570820e+00 9.372850410902513474e-01
7.105730895487567977e+00 1.018132727383123992e+00
7.155730895487565135e+00 1.041085248491693704e+00
7.205730895487569398e+00 1.056786599996312415e+00
7.255730895487573662e+00 1.052561509045978561e+00
7.305730895487570820e+00 1.112569219705448420e+00
7.355730895487567977e+00 1.108915086991646204e+00
7.405730895487565135e+00 1.125415780027408941e+00
7.455730895487569398e+00 1.191761127112379359e+00
7.505730895487573662e+00 1.130896979098112265e+00
7.555730895487570820e+00 1.157046866331258972e+00
7.605730895487567977e+00 1.188392473516842962e+00
7.655730895487572241e+00 1.202438046135519967e+00
7.705730895487569398e+00 1.175603009018535205e+00
7.755730895487573662e+00 1.133865961928076427e+00
7.805730895487570820e+00 1.249085334060150654e+00
7.855730895487567977e+00 1.180399058205400697e+00
7.905730895487572241e+00 1.156076237329155099e+00
7.955730895487569398e+00 1.185994448923410438e+00
8.005730895487573662e+00 1.164412227582516390e+00
8.055730895487570820e+00 1.211915952861944312e+00
8.105730895487567977e+00 1.152993062851884742e+00
8.155730895487572241e+00 1.149110546843469693e+00
8.205730895487569398e+00 1.156247524800114723e+00
8.255730895487573662e+00 1.132838237102319567e+00
8.305730895487570820e+00 1.087960919710937002e+00
8.355730895487567977e+00 1.086019661706729478e+00
8.405730895487572241e+00 1.037316924130585072e+00
8.455730895487569398e+00 1.066664177488308773e+00
8.505730895487573662e+00 1.043483273085126450e+00
8.555730895487570820e+00 1.000147542932378952e+00
8.605730895487567977e+00 1.026697100931097895e+00
8.655730895487572241e+00 1.026126142694566035e+00
8.705730895487569398e+00 1.006941945947104955e+00
8.755730895487573662e+00 9.242100974736779939e-01
8.805730895487570820e+00 9.859306828427425451e-01
8.855730895487567977e+00 9.627497784395601110e-01
8.905730895487572241e+00 1.003287813233302739e+00
8.955730895487569398e+00 9.911264027951799394e-01
9.005730895487573662e+00 1.060954595122992838e+00
9.055730895487570820e+00 1.004772304648284820e+00
9.105730895487567977e+00 1.085220320175585229e+00
9.155730895487572241e+00 1.067292231548493397e+00
9.205730895487569398e+00 1.063295523892772376e+00
9.255730895487573662e+00 1.047651268211806874e+00
9.305730895487570820e+00 1.081623283285436221e+00
9.355730895487567977e+00 1.039201086311139388e+00
9.405730895487572241e+00 1.090016369362450721e+00
9.455730895487569398e+00 1.095212089314888004e+00
9.505730895487573662e+00 1.102463258918839228e+00
9.555730895487570820e+00 1.096582389082563891e+00
9.605730895487567977e+00 1.141916473063171678e+00
9.655730895487572241e+00 1.149453121785388721e+00
9.705730895487569398e+00 1.133980153575382621e+00
9.755730895487573662e+00 1.100293617620019315e+00
9.805730895487570820e+00 1.162185490460043047e+00
9.855730895487567977e+00 1.153335637793803770e+00
9.905730895487572241e+00 1.124445151025305289e+00
9.955730895487569398e+00 1.156019141505501890e+00
1.000573089548757366e+01 1.091729244072045413e+00
1.005573089548757082e+01 1.030522521115859291e+00
1.010573089548756798e+01 1.068662531316169284e+00
1.015573089548757224e+01 1.135693028284977313e+00
1.020573089548756940e+01 1.134494015988261273e+00
1.025573089548757366e+01 1.066492890017349371e+00
1.030573089548757082e+01 1.079168162868350489e+00
1.035573089548756798e+01 1.061240074241258879e+00
1.040573089548757224e+01 1.010253503718988144e+00
1.045573089548756940e+01 1.021843955920579194e+00
1.050573089548757366e+01 1.077854958924327811e+00
1.055573089548757082e+01 1.041998781670144147e+00
1.060573089548756798e+01 1.082479720640233678e+00
1.065573089548757224e+01 1.029323508819143029e+00
1.070573089548756940e+01 1.010367695366294338e+00
1.075573089548757366e+01 1.067463519019452800e+00
1.080573089548757082e+01 1.087161578179792754e+00
1.085573089548756798e+01 1.061696840830484101e+00
1.090573089548757224e+01 1.076713042451264535e+00
1.095573089548756940e+01 1.032863449885639051e+00
1.100573089548757366e+01 1.032178300001800997e+00
1.105573089548757082e+01 1.023385543159214706e+00
1.110573089548756798e+01 1.059070432942438522e+00
1.115573089548757224e+01 1.042512644083022577e+00
1.120573089548756940e+01 1.011052845250132393e+00
1.125573089548757366e+01 1.047365789093541277e+00
1.130573089548757082e+01 1.026069046870913049e+00
1.135573089548756798e+01 1.082365528992927484e+00
1.140573089548757224e+01 1.070147022731151365e+00
1.145573089548756940e+01 1.089331219478612889e+00
1.150573089548757366e+01 1.081337804167170402e+00
1.155573089548757082e+01 1.042512644083022577e+00
1.160573089548756798e+01 1.095783047551419642e+00
1.165573089548757224e+01 1.058271091411294496e+00
1.170573089548756940e+01 1.145741893247933296e+00
1.175573089548757366e+01 1.102349067271532812e+00
1.180573089548757082e+01 1.089902177715144305e+00
1.185573089548756798e+01 1.109999907641056049e+00
1.190573089548757224e+01 1.066435794193696163e+00
1.195573089548756940e+01 1.101606821564041772e+00
1.200573089548757366e+01 1.112283740587182379e+00
1.205573089548757082e+01 1.107887362165889344e+00
1.210573089548756798e+01 1.125872546616634384e+00
1.215573089548757224e+01 1.076884329922224159e+00
1.220573089548756940e+01 1.053246658929816615e+00
1.225573089548757366e+01 1.097210443142748737e+00
1.230573089548757082e+01 1.087161578179792754e+00
1.235573089548756798e+01 1.111256015761425520e+00
1.240573089548757224e+01 1.082536816463886886e+00
1.245573089548756940e+01 1.050049292805239398e+00
1.250573089548757366e+01 1.077455288158755575e+00
1.255573089548757082e+01 1.119934580956705616e+00
1.260573089548756798e+01 1.079053971221044295e+00
1.265573089548757224e+01 1.125929642440287370e+00
1.270573089548756940e+01 1.074257922034178803e+00
1.275573089548757366e+01 1.037545307425197905e+00
1.280573089548757082e+01 1.056786599996312415e+00
1.285573089548756798e+01 1.097267538966401723e+00
1.290573089548757224e+01 9.959224519820453203e-01
1.295573089548756940e+01 1.076084988391079911e+00
1.300573089548757366e+01 1.045938393502212405e+00
1.305573089548757082e+01 1.123474522023201860e+00
1.310573089548756798e+01 1.035033091184458964e+00
1.315573089548757224e+01 1.088931548713040431e+00
1.320573089548756940e+01 1.042284260788410188e+00
1.325573089548757366e+01 1.047251597446234861e+00
1.330573089548757082e+01 1.118906856130948757e+00
1.335573089548756798e+01 1.128670241975638922e+00
1.340573089548757224e+01 1.056444025054393387e+00
1.345573089548756940e+01 1.076142084214733119e+00
1.350573089548757366e+01 1.087447057298058573e+00
1.355573089548757082e+01 1.031036383528737943e+00
1.360573089548756798e+01 1.107830266342236136e+00
1.365573089548757224e+01 1.115538202535412360e+00
1.370573089548756940e+01 1.008140958243821217e+00
1.375573089548757366e+01 1.127299942207963035e+00
1.380573089548757082e+01 1.093898885370865326e+00
1.385573089548756798e+01 1.086761907414220518e+00
1.390573089548757224e+01 1.080823941754291972e+00
1.395573089548756940e+01 1.106003199985335028e+00
1.400573089548757366e+01 1.037431115777891710e+00
1.405573089548757082e+01 1.088588973771121848e+00
1.410573089548756798e+01 1.055245012757676903e+00
1.415573089548757224e+01 1.048165130624685526e+00
1.420573089548756940e+01 1.088931548713040431e+00
1.425573089548757366e+01 1.073344388855728360e+00
1.430573089548757082e+01 1.067520614843106230e+00
1.435573089548756798e+01 1.061240074241258879e+00
1.440573089548757224e+01 1.061240074241258879e+00
1.445573089548756940e+01 1.074200826210525594e+00
1.450573089548757366e+01 1.133751770280770010e+00
1.455573089548757082e+01 1.077284000687796173e+00
1.460573089548756798e+01 1.068319956374250257e+00
1.465573089548757224e+01 1.057072079114578012e+00
1.470573089548756940e+01 1.051705071691181104e+00
1.475573089548757366e+01 1.084706457762706799e+00
1.480573089548757082e+01 1.115024340122534152e+00
1.485573089548756798e+01 1.061868128301443504e+00
1.490573089548757224e+01 1.071003460085948822e+00
1.495573089548756940e+01 1.005457454532122874e+00
1.500573089548757366e+01 1.048793184684870150e+00
1.505573089548757082e+01 1.068833818787128909e+00
1.510573089548756798e+01 1.081337804167170402e+00
1.515573089548757224e+01 1.061925224125096712e+00
1.520573089548756940e+01 1.020302368681944127e+00
1.525573089548757366e+01 1.098637838734077610e+00
1.530573089548757082e+01 1.013165390725299320e+00
1.535573089548756798e+01 1.088474782123815432e+00
1.540573089548757224e+01 1.063695194658344612e+00
1.545573089548756940e+01 1.044225518792617491e+00
1.550573089548757366e+01 1.082936487229459122e+00
1.555573089548757082e+01 1.055359204404983542e+00
1.560573089548756798e+01 1.101663917387694980e+00
1.565573089548757224e+01 1.154648841737826226e+00
1.570573089548756940e+01 1.085448703470197840e+00
1.575573089548757366e+01 1.092014723190311232e+00
1.580573089548757082e+01 1.059812678649929785e+00
1.585573089548756798e+01 1.111198919937772311e+00
1.590573089548757224e+01 1.105717720867069431e+00
1.595573089548756940e+01 1.065350973544286095e+00
1.600573089548757366e+01 1.093442118781640104e+00
1.605573089548757082e+01 1.019617218798106073e+00
1.610573089548756798e+01 1.125587067498368565e+00
1.615573089548757224e+01 1.017790152441204965e+00
1.620573089548756940e+01 1.085220320175585229e+00
1.625573089548757366e+01 1.137291711347266032e+00
1.630573089548757082e+01 1.066892560782921384e+00
1.635573089548756798e+01 1.112169548939876185e+00
1.640573089548757224e+01 1.069062202081741297e+00
1.645573089548756940e+01 1.095269185138541213e+00
1.650573089548757366e+01 1.118735568659989577e+00
1.655573089548757082e+01 1.083450349642337329e+00
1.660573089548756798e+01 1.064094865423916625e+00
1.665573089548757224e+01 1.124673534319917900e+00
1.670573089548756940e+01 1.064209057071222819e+00
1.675573089548757366e+01 1.052904083987897588e+00
1.680573089548757082e+01 1.107145116458398082e+00
1.685573089548756798e+01 1.100350713443672301e+00
1.690573089548757224e+01 9.803352921247330265e-01
1.695573089548756940e+01 1.100921671680203717e+00
1.700573089548757366e+01 1.125815450792981176e+00
1.705573089548757082e+01 1.053532138048082434e+00
1.710573089548756798e+01 1.026582909283791478e+00
1.715573089548757224e+01 1.053075371458857212e+00
1.720573089548756940e+01 1.069690256141926143e+00
1.725573089548757366e+01 1.130725691627152862e+00
1.730573089548757082e+01 1.051134113454649466e+00
1.735573089548756798e+01 1.102977121331717658e+00
1.740573089548757224e+01 1.088132207181896405e+00
1.745573089548756940e+01 1.085220320175585229e+00
1.750573089548757366e+01 1.057186270761884650e+00
1.755573089548757082e+01 1.059013337118785758e+00
1.760573089548756798e+01 1.061696840830484101e+00
1.765573089548757224e+01 1.055245012757676903e+00
1.770573089548756940e+01 1.067178039901187425e+00
1.775573089548757366e+01 1.008312245714780619e+00
1.780573089548757082e+01 1.051248305101955882e+00
1.785573089548756798e+01 1.077341096511449381e+00
1.790573089548757224e+01 1.074086634563219400e+00
1.795573089548756940e+01 1.105489337572456598e+00
1.800573089548757366e+01 1.119306526896520992e+00
1.805573089548757082e+01 1.124844821790877525e+00
1.810573089548756798e+01 1.031949916707188386e+00
1.815573089548757224e+01 1.100179425972712899e+00
1.820573089548756940e+01 1.052447317398672366e+00
1.825573089548757366e+01 1.040057523665936845e+00
1.830573089548757082e+01 1.072887622266503138e+00
1.835573089548756798e+01 1.046623543386050015e+00
1.840573089548757224e+01 1.067691902314065633e+00
1.845573089548756940e+01 1.084763553586360008e+00
1.850573089548757366e+01 1.076027892567426703e+00
1.855573089548757082e+01 9.915260735607521747e-01
1.860573089548756798e+01 1.096582389082563891e+00
1.865573089548757224e+01 1.059013337118785758e+00
1.870573089548756940e+01 1.089730890244184680e+00
1.875573089548757366e+01 1.072430855677277917e+00
1.880573089548757082e+01 1.143971922714685618e+00
1.885573089548756798e+01 1.078768492102778476e+00
1.890573089548757224e+01 1.027781921580507962e+00
1.895573089548756940e+01 1.081166516696211000e+00
1.900573089548757366e+01 1.120277155898624644e+00
1.905573089548757082e+01 1.103719367039208699e+00
1.910573089548756798e+01 1.129526679330436378e+00
1.915573089548757224e+01 1.110627961701240896e+00
