-9.867788499693928017e+00 4.121836669544454959e-04
-9.817788499693929083e+00 1.030459167386113740e-04
-9.767788499693928372e+00 1.545688751079170677e-04
-9.717788499693927662e+00 5.152295836930568699e-05
-9.667788499693928728e+00 5.152295836930568699e-05
-9.617788499693928017e+00 0.000000000000000000e+00
-9.567788499693929083e+00 0.000000000000000000e+00
-9.517788499693928372e+00 0.000000000000000000e+00
-9.467788499693927662e+00 0.000000000000000000e+00
-9.417788499693928728e+00 0.000000000000000000e+00
-9.367788499693928017e+00 0.000000000000000000e+00
-9.317788499693929083e+00 0.000000000000000000e+00
-9.267788499693928372e+00 0.000000000000000000e+00
-9.217788499693927662e+00 0.000000000000000000e+00
-9.167788499693928728e+00 0.000000000000000000e+00
-9.117788499693928017e+00 0.000000000000000000e+00
-9.067788499693929083e+00 0.000000000000000000e+00
-9.017788499693928372e+00 0.000000000000000000e+00
-8.967788499693927662e+00 0.000000000000000000e+00
-8.917788499693928728e+00 0.000000000000000000e+00
-8.867788499693928017e+00 0.000000000000000000e+00
-8.817788499693929083e+00 0.000000000000000000e+00
-8.767788499693928372e+00 0.000000000000000000e+00
-8.717788499693927662e+00 0.000000000000000000e+00
-8.667788499693928728e+00 0.000000000000000000e+00
-8.617788499693928017e+00 0.000000000000000000e+00
-8.567788499693929083e+00 0.000000000000000000e+00
-8.517788499693928372e+00 0.000000000000000000e+00
-8.467788499693927662e+00 0.000000000000000000e+00
-8.417788499693928728e+00 0.000000000000000000e+00
-8.367788499693928017e+00 0.000000000000000000e+00
-8.317788499693929083e+00 0.000000000000000000e+00
-8.267788499693928372e+00 0.000000000000000000e+00
-8.217788499693927662e+00 0.000000000000000000e+00
-8.167788499693928728e+00 0.000000000000000000e+00
-8.117788499693928017e+00 0.000000000000000000e+00
-8.067788499693929083e+00 0.000000000000000000e+00
-8.017788499693928372e+00 0.000000000000000000e+00
-7.967788499693927662e+00 0.000000000000000000e+00
-7.917788499693928728e+00 0.000000000000000000e+00
-7.867788499693928017e+00 0.000000000000000000e+00
-7.817788499693928195e+00 0.000000000000000000e+00
-7.767788499693928372e+00 0.000000000000000000e+00
-7.717788499693928550e+00 0.000000000000000000e+00
-7.667788499693928728e+00 0.000000000000000000e+00
-7.617788499693928017e+00 0.000000000000000000e+00
-7.567788499693928195e+00 0.000000000000000000e+00
-7.517788499693928372e+00 0.000000000000000000e+00
-7.467788499693927662e+00 0.000000000000000000e+00
-7.417788499693928728e+00 0.000000000000000000e+00
-7.367788499693928017e+00 0.000000000000000000e+00
-7.317788499693928195e+00 0.000000000000000000e+00
-7.267788499693928372e+00 0.000000000000000000e+00
-7.217788499693927662e+00 0.000000000000000000e+00
-7.167788499693928728e+00 0.000000000000000000e+00
-7.117788499693928017e+00 0.000000000000000000e+00
-7.067788499693928195e+00 0.000000000000000000e+00
-7.017788499693928372e+00 0.000000000000000000e+00
-6.967788499693927662e+00 0.000000000000000000e+00
-6.917788499693928728e+00 0.000000000000000000e+00
-6.867788499693928017e+00 0.000000000000000000e+00
-6.817788499693928195e+00 0.000000000000000000e+00
-6.767788499693928372e+00 0.000000000000000000e+00
-6.717788499693927662e+00 0.000000000000000000e+00
-6.667788499693928728e+00 0.000000000000000000e+00
-6.617788499693928017e+00 0.000000000000000000e+00
-6.567788499693928195e+00 0.000000000000000000e+00
-6.517788499693928372e+00 0.000000000000000000e+00
-6.467788499693927662e+00 0.000000000000000000e+00
-6.417788499693928728e+00 0.000000000000000000e+00
-6.367788499693928017e+00 0.000000000000000000e+00
-6.317788499693928195e+00 0.000000000000000000e+00
-6.267788499693928372e+00 0.000000000000000000e+00
-6.217788499693927662e+00 0.000000000000000000e+00
-6.167788499693928728e+00 0.000000000000000000e+00
-6.117788499693928017e+00 0.000000000000000000e+00
-6.067788499693928195e+00 0.000000000000000000e+00
-6.017788499693928372e+00 0.000000000000000000e+00
-5.967788499693927662e+00 0.000000000000000000e+00
-5.917788499693928728e+00 0.000000000000000000e+00
-5.867788499693928017e+00 0.000000000000000000e+00
-5.817788499693928195e+00 0.000000000000000000e+00
-5.767788499693928372e+00 0.000000000000000000e+00
-5.717788499693927662e+00 0.000000000000000000e+00
-5.667788499693928728e+00 0.000000000000000000e+00
-5.617788499693928017e+00 0.000000000000000000e+00
-5.567788499693928195e+00 0.000000000000000000e+00
-5.517788499693928372e+00 0.000000000000000000e+00
-5.467788499693927662e+00 0.000000000000000000e+00
-5.417788499693928728e+00 0.000000000000000000e+00
-5.367788499693928017e+00 0.000000000000000000e+00
-5.317788499693928195e+00 0.000000000000000000e+00
-5.267788499693928372e+00 0.000000000000000000e+00
-5.217788499693927662e+00 0.000000000000000000e+00
-5.167788499693928728e+00 0.000000000000000000e+00
-5.117788499693928017e+00 0.000000000000000000e+00
-5.067788499693927307e+00 0.000000000000000000e+00
-5.017788499693928372e+00 0.000000000000000000e+00
-4.967788499693927662e+00 0.000000000000000000e+00
-4.917788499693928728e+00 0.000000000000000000e+00
-4.867788499693928017e+00 0.000000000000000000e+00
-4.817788499693927307e+00 0.000000000000000000e+00
-4.767788499693928372e+00 0.000000000000000000e+00
-4.717788499693927662e+00 0.000000000000000000e+00
-4.667788499693928728e+00 0.000000000000000000e+00
-4.617788499693928017e+00 0.000000000000000000e+00
-4.567788499693927307e+00 0.000000000000000000e+00
-4.517788499693928372e+00 0.000000000000000000e+00
-4.467788499693927662e+00 0.000000000000000000e+00
-4.417788499693928728e+00 0.000000000000000000e+00
-4.367788499693928017e+00 0.000000000000000000e+00
-4.317788499693927307e+00 0.000000000000000000e+00
-4.267788499693928372e+00 0.000000000000000000e+00
-4.217788499693927662e+00 0.000000000000000000e+00
-4.167788499693928728e+00 0.000000000000000000e+00
-4.117788499693928017e+00 0.000000000000000000e+00
-4.067788499693927307e+00 0.000000000000000000e+00
-4.017788499693928372e+00 0.000000000000000000e+00
-3.967788499693927662e+00 0.000000000000000000e+00
-3.917788499693928728e+00 0.000000000000000000e+00
-3.867788499693928017e+00 0.000000000000000000e+00
-3.817788499693927307e+00 0.000000000000000000e+00
-3.767788499693928372e+00 0.000000000000000000e+00
-3.717788499693927662e+00 0.000000000000000000e+00
-3.667788499693928728e+00 0.000000000000000000e+00
-3.617788499693928017e+00 0.000000000000000000e+00
-3.567788499693927307e+00 0.000000000000000000e+00
-3.517788499693928372e+00 0.000000000000000000e+00
-3.467788499693927662e+00 0.000000000000000000e+00
-3.417788499693928728e+00 0.000000000000000000e+00
-3.367788499693928017e+00 0.000000000000000000e+00
-3.317788499693927307e+00 0.000000000000000000e+00
-3.267788499693928372e+00 0.000000000000000000e+00
-3.217788499693927662e+00 0.000000000000000000e+00
-3.167788499693928728e+00 0.000000000000000000e+00
-3.117788499693928017e+00 0.000000000000000000e+00
-3.067788499693927307e+00 0.000000000000000000e+00
-3.017788499693928372e+00 0.000000000000000000e+00
-2.967788499693927662e+00 0.000000000000000000e+00
-2.917788499693928728e+00 0.000000000000000000e+00
-2.867788499693928017e+00 0.000000000000000000e+00
-2.817788499693927307e+00 0.000000000000000000e+00
-2.767788499693928372e+00 0.000000000000000000e+00
-2.717788499693927662e+00 0.000000000000000000e+00
-2.667788499693928728e+00 0.000000000000000000e+00
-2.617788499693928017e+00 0.000000000000000000e+00
-2.567788499693927307e+00 0.000000000000000000e+00
-2.517788499693928372e+00 0.000000000000000000e+00
-2.467788499693927662e+00 0.000000000000000000e+00
-2.417788499693928728e+00 0.000000000000000000e+00
-2.367788499693928017e+00 0.000000000000000000e+00
-2.317788499693927307e+00 0.000000000000000000e+00
-2.267788499693928372e+00 0.000000000000000000e+00
-2.217788499693927662e+00 0.000000000000000000e+00
-2.167788499693928728e+00 0.000000000000000000e+00
-2.117788499693928017e+00 0.000000000000000000e+00
-2.067788499693927307e+00 0.000000000000000000e+00
-2.017788499693928372e+00 0.000000000000000000e+00
-1.967788499693927662e+00 0.000000000000000000e+00
-1.917788499693928728e+00 0.000000000000000000e+00
-1.867788499693928017e+00 0.000000000000000000e+00
-1.817788499693929083e+00 0.000000000000000000e+00
-1.767788499693928372e+00 0.000000000000000000e+00
-1.717788499693927662e+00 0.000000000000000000e+00
-1.667788499693926951e+00 0.000000000000000000e+00
-1.617788499693928017e+00 0.000000000000000000e+00
-1.567788499693929083e+00 0.000000000000000000e+00
-1.517788499693928372e+00 0.000000000000000000e+00
-1.467788499693927662e+00 0.000000000000000000e+00
-1.417788499693926951e+00 0.000000000000000000e+00
-1.367788499693928017e+00 0.000000000000000000e+00
-1.317788499693929083e+00 0.000000000000000000e+00
-1.267788499693928372e+00 0.000000000000000000e+00
-1.217788499693927662e+00 0.000000000000000000e+00
-1.167788499693926951e+00 0.000000000000000000e+00
-1.117788499693928017e+00 0.000000000000000000e+00
-1.067788499693929083e+00 0.000000000000000000e+00
-1.017788499693928372e+00 0.000000000000000000e+00
-9.677884996939276618e-01 0.000000000000000000e+00
-9.177884996939269513e-01 0.000000000000000000e+00
-8.677884996939280171e-01 0.000000000000000000e+00
-8.177884996939290829e-01 0.000000000000000000e+00
-7.677884996939283724e-01 0.000000000000000000e+00
-7.177884996939276618e-01 0.000000000000000000e+00
-6.677884996939269513e-01 0.000000000000000000e+00
-6.177884996939280171e-01 0.000000000000000000e+00
-5.677884996939290829e-01 0.000000000000000000e+00
-5.177884996939283724e-01 0.000000000000000000e+00
-4.677884996939276618e-01 0.000000000000000000e+00
-4.177884996939269513e-01 0.000000000000000000e+00
-3.677884996939280171e-01 0.000000000000000000e+00
-3.177884996939273066e-01 0.000000000000000000e+00
-2.677884996939283724e-01 0.000000000000000000e+00
-2.177884996939276618e-01 0.000000000000000000e+00
-1.677884996939269513e-01 0.000000000000000000e+00
-1.177884996939280171e-01 0.000000000000000000e+00
-6.778849969392730657e-02 0.000000000000000000e+00
-1.778849969392837238e-02 0.000000000000000000e+00
3.221150030607233816e-02 0.000000000000000000e+00
8.221150030607304871e-02 0.000000000000000000e+00
1.322115003060719829e-01 5.152295836930568699e-05
1.822115003060726934e-01 0.000000000000000000e+00
2.322115003060716276e-01 0.000000000000000000e+00
2.822115003060723382e-01 0.000000000000000000e+00
3.322115003060730487e-01 5.152295836930568699e-05
3.822115003060719829e-01 0.000000000000000000e+00
4.322115003060726934e-01 5.152295836930568699e-05
4.822115003060716276e-01 2.576147918465284824e-04
5.322115003060723382e-01 1.030459167386113740e-04
5.822115003060730487e-01 1.030459167386113740e-04
6.322115003060719829e-01 3.091377502158341355e-04
6.822115003060726934e-01 4.637066253237511490e-04
7.322115003060716276e-01 1.236551000863336542e-03
7.822115003060723382e-01 1.030459167386113930e-03
8.322115003060730487e-01 1.803303542925699214e-03
8.822115003060719829e-01 3.864221877697926640e-03
9.322115003060726934e-01 7.367783046810714304e-03
9.822115003060716276e-01 1.674496147002434848e-02
1.032211500306072338e+00 3.111986685506063985e-02
1.082211500306073049e+00 5.837551183242334352e-02
1.132211500306071983e+00 9.732686835961844307e-02
1.182211500306072693e+00 1.411213829735283032e-01
1.232211500306071628e+00 1.905834230080617475e-01
1.282211500306072338e+00 2.193332337781342956e-01
1.332211500306073049e+00 2.156235807755443323e-01
1.382211500306071983e+00 1.935717545934814710e-01
1.432211500306072693e+00 1.693044412015385081e-01
1.482211500306071628e+00 1.378239136378927310e-01
1.532211500306072338e+00 1.364327937619214670e-01
1.582211500306073049e+00 1.506016073134805455e-01
1.632211500306071983e+00 1.933141398016349488e-01
1.682211500306072693e+00 2.384997742915160313e-01
1.732211500306071628e+00 2.924443117041791163e-01
1.782211500306072338e+00 4.557205667765087953e-01
1.832211500306073049e+00 8.443582417561816822e-01
1.882211500306071983e+00 1.544606768953415532e+00
1.932211500306072693e+00 2.708304306682554063e+00
1.982211500306071628e+00 4.253838488886616531e+00
2.032211500306072338e+00 5.730177338000701504e+00
2.082211500306073049e+00 6.807419351586144529e+00
2.132211500306071983e+00 7.164782590835648612e+00
2.182211500306072693e+00 6.670368282323791753e+00
2.232211500306071628e+00 5.406046406899399415e+00
2.282211500306072338e+00 3.977778477943876290e+00
2.332211500306073049e+00 2.630453116586532580e+00
2.382211500306071983e+00 1.601642683868236494e+00
2.432211500306072693e+00 9.355538780698525736e-01
2.482211500306071628e+00 4.933323263861019714e-01
2.532211500306072338e+00 2.434975012533386884e-01
2.582211500306073049e+00 1.290134877567414573e-01
2.632211500306071983e+00 7.465676667712393966e-02
2.682211500306072693e+00 6.857705758954586728e-02
2.732211500306071628e+00 7.764509826254366309e-02
2.782211500306072338e+00 1.041794218227361096e-01
2.832211500306073049e+00 1.288073959232642340e-01
2.882211500306071983e+00 1.578148214851833597e-01
2.932211500306072693e+00 1.802788313342006121e-01
2.982211500306071628e+00 1.791968492084451692e-01
3.032211500306072338e+00 1.631732091555911091e-01
3.082211500306073049e+00 1.426670717246074638e-01
3.132211500306071983e+00 1.141233527880120835e-01
3.182211500306072693e+00 9.098954448019384855e-02
3.232211500306071628e+00 6.826791983933003238e-02
3.282211500306072338e+00 5.312017007875417113e-02
3.332211500306073049e+00 5.075011399376611054e-02
3.382211500306071983e+00 5.755114449851445740e-02
3.432211500306072693e+00 6.811335096422212187e-02
3.482211500306071628e+00 8.011820026427032837e-02
3.532211500306072338e+00 1.029943937802420828e-01
3.582211500306073049e+00 1.292711025485879517e-01
3.632211500306071983e+00 1.689437804929533604e-01
3.682211500306072693e+00 2.077920911034098206e-01
3.732211500306071628e+00 2.848189138655218833e-01
3.782211500306072338e+00 3.140839542192874756e-01
3.832211500306073049e+00 4.095559960776109509e-01
3.882211500306071983e+00 5.078102776878768987e-01
3.932211500306072693e+00 6.124534061359366843e-01
3.982211500306071628e+00 6.613486936284076467e-01
4.032211500306072338e+00 7.907228420937344460e-01
4.082211500306073049e+00 8.500772901351745237e-01
4.132211500306071983e+00 9.123170238452958936e-01
4.182211500306072693e+00 1.049522661982757121e+00
4.232211500306071628e+00 1.168695264690960967e+00
4.282211500306072338e+00 1.260921360172018169e+00
4.332211500306073049e+00 1.406525240523676112e+00
4.382211500306071983e+00 1.547182916871880698e+00
4.432211500306072693e+00 1.791556308417497245e+00
4.482211500306071628e+00 2.103064114718319111e+00
4.532211500306072338e+00 2.375362949700100756e+00
4.582211500306073049e+00 2.565688757916315677e+00
4.632211500306071983e+00 2.800118218496656652e+00
4.682211500306072693e+00 2.861327493039391712e+00
4.732211500306071628e+00 2.775747859187975397e+00
4.782211500306072338e+00 2.534208230352668956e+00
4.832211500306073049e+00 2.233314153475923991e+00
4.882211500306071983e+00 2.077457204408774682e+00
4.932211500306072693e+00 1.667952731289532808e+00
4.982211500306071628e+00 1.496432802878114643e+00
5.032211500306072338e+00 1.305437196203098171e+00
5.082211500306073049e+00 1.097181398474364800e+00
5.132211500306071983e+00 9.573480894600689961e-01
5.182211500306072693e+00 8.714077949000671452e-01
5.232211500306071628e+00 7.733596051232783930e-01
5.282211500306072338e+00 7.692892914121032266e-01
5.332211500306073049e+00 7.433217203939732620e-01
5.382211500306071983e+00 8.132898978594902406e-01
5.432211500306072693e+00 7.396120673913831878e-01
5.482211500306071628e+00 7.504318886489375062e-01
5.532211500306072338e+00 7.221457845041885371e-01
5.582211500306073049e+00 7.637248119082182818e-01
5.632211500306071983e+00 8.181845789045743000e-01
5.682211500306072693e+00 8.056645000208331187e-01
5.732211500306071628e+00 8.196272217389148906e-01
5.782211500306072338e+00 8.278708950780038212e-01
5.832211500306073049e+00 8.590422848914337495e-01
5.882211500306071983e+00 8.976329807100437153e-01
5.932211500306072693e+00 8.492013998428964427e-01
5.982211500306071628e+00 8.674920500639998755e-01
6.032211500306072338e+00 8.819184784074054484e-01
6.082211500306073049e+00 8.617214787266376241e-01
6.132211500306070207e+00 8.676981418974771820e-01
6.182211500306074470e+00 8.600212211004505392e-01
6.232211500306071628e+00 8.920169782477893605e-01
6.282211500306072338e+00 8.489437850510497263e-01
6.332211500306073049e+00 8.351871551664451498e-01
6.382211500306070207e+00 7.574390109871629306e-01
6.432211500306074470e+00 8.668222516051988791e-01
6.482211500306071628e+00 8.692953536069256693e-01
6.532211500306072338e+00 8.276648032445266256e-01
6.582211500306073049e+00 8.822791391159906516e-01
6.632211500306070207e+00 7.983997628907608668e-01
6.682211500306074470e+00 8.327140531647185817e-01
6.732211500306071628e+00 8.650704710206426062e-01
6.782211500306072338e+00 8.891832155374774782e-01
6.832211500306073049e+00 8.704288586910502445e-01
6.882211500306070207e+00 9.272586817723944552e-01
6.932211500306074470e+00 9.074738657585811330e-01
6.982211500306071628e+00 9.074738657585811330e-01
7.032211500306072338e+00 9.488983242875028701e-01
7.082211500306073049e+00 8.962933837924418334e-01
7.132211500306070207e+00 9.570389517098532028e-01
7.182211500306074470e+00 9.516805640394454535e-01
7.232211500306071628e+00 9.280830491063032373e-01
7.282211500306072338e+00 9.429216611166634232e-01
7.332211500306073049e+00 9.225700925607877023e-01
7.382211500306070207e+00 9.462191304522988844e-01
7.432211500306074470e+00 9.252492863959915770e-01
7.482211500306071628e+00 9.611092654210283692e-01
7.532211500306072338e+00 8.761994300284126069e-01
7.582211500306073049e+00 9.567813369180065974e-01
7.632211500306070207e+00 9.832641375198297728e-01
7.682211500306074470e+00 9.935687291936909915e-01
7.732211500306071628e+00 1.000318236740070033e+00
7.782211500306072338e+00 1.052974700193500368e+00
7.832211500306073049e+00 1.054984095569903468e+00
7.882211500306070207e+00 1.084661319590623174e+00
7.932211500306074470e+00 1.124694658243573953e+00
7.982211500306071628e+00 1.157514782724821556e+00
8.032211500306072338e+00 1.136081232043190337e+00
8.082211500306073049e+00 1.249071079747077651e+00
8.132211500306070207e+00 1.226349455106213959e+00
8.182211500306074470e+00 1.209810585469666799e+00
8.232211500306071628e+00 1.299872716699213226e+00
8.282211500306072338e+00 1.281736635353217801e+00
8.332211500306073049e+00 1.255769064335087837e+00
8.382211500306070207e+00 1.293071686194464665e+00
8.432211500306074470e+00 1.232480687152161192e+00
8.482211500306071628e+00 1.280500084352354184e+00
8.532211500306072338e+00 1.276378247682809830e+00
8.582211500306073049e+00 1.183946060368275432e+00
8.632211500306070207e+00 1.209707539552928202e+00
8.682211500306074470e+00 1.173486899819306428e+00
8.732211500306071628e+00 1.143036831423046795e+00
8.782211500306072338e+00 1.131650257623430189e+00
8.832211500306073049e+00 1.066422192327889151e+00
8.882211500306070207e+00 1.059157455197817121e+00
8.932211500306074470e+00 1.112741331901894837e+00
8.982211500306071628e+00 1.024534027173643391e+00
9.032211500306072338e+00 9.561630614175748999e-01
9.082211500306073049e+00 9.219518170603558938e-01
9.132211500306070207e+00 9.484346176621791802e-01
9.182211500306074470e+00 8.933565751653913534e-01
9.232211500306071628e+00 9.156144931809313547e-01
9.282211500306075891e+00 8.911410879555112796e-01
9.332211500306073049e+00 8.937687588323457444e-01
9.382211500306070207e+00 8.454917468403064795e-01
9.432211500306074470e+00 8.114865943165645579e-01
9.482211500306071628e+00 7.897954288430869552e-01
9.532211500306075891e+00 8.732110984429928280e-01
9.582211500306073049e+00 7.964418904727275095e-01
9.632211500306070207e+00 8.432247366720568849e-01
9.682211500306074470e+00 7.971632118898975827e-01
9.732211500306071628e+00 7.995847909332549630e-01
9.782211500306075891e+00 7.969571200564202762e-01
9.832211500306073049e+00 8.511077493025607232e-01
9.882211500306070207e+00 8.445128106312894678e-01
9.932211500306074470e+00 8.746537412773334186e-01
9.982211500306071628e+00 8.920169782477893605e-01
1.003221150030607589e+01 8.686770781064939717e-01
1.008221150030607305e+01 8.737263280266858168e-01
1.013221150030607021e+01 9.143779421800680707e-01
1.018221150030607447e+01 9.147386028886532738e-01
1.023221150030607163e+01 9.796575304339782964e-01
1.028221150030607589e+01 9.385422096552724636e-01
1.033221150030607305e+01 9.731656376794459717e-01
1.038221150030607021e+01 9.676526811339301037e-01
1.043221150030607447e+01 1.001142604073978815e+00
1.048221150030607163e+01 1.062094263824867379e+00
1.053221150030607589e+01 1.039836345809327378e+00
1.058221150030607305e+01 1.086207008341702362e+00
1.063221150030607021e+01 1.026079715924722802e+00
1.068221150030607447e+01 1.067761789245491144e+00
1.073221150030607163e+01 1.065340210202133875e+00
1.078221150030607589e+01 1.097954242849904283e+00
1.083221150030607305e+01 1.092647378137865832e+00
1.088221150030607021e+01 1.022060925171917045e+00
1.093221150030607447e+01 1.109392339607889966e+00
1.098221150030607163e+01 1.050553121150143099e+00
1.103221150030607589e+01 1.093677837305251810e+00
1.108221150030607305e+01 1.039166547350526493e+00
1.113221150030607021e+01 1.040145483559543171e+00
1.118221150030607447e+01 1.099087747934029080e+00
1.123221150030607163e+01 1.070234891247217712e+00
1.128221150030607589e+01 1.066782853036474243e+00
1.133221150030607305e+01 1.049831799732972915e+00
1.138221150030607021e+01 1.037775427474555201e+00
1.143221150030607447e+01 1.027676927634171511e+00
1.148221150030607163e+01 1.053799067527409150e+00
1.153221150030607589e+01 1.035972123931629518e+00
1.158221150030607305e+01 1.054005159360886568e+00
1.163221150030607021e+01 1.003615706075705383e+00
1.168221150030607447e+01 9.708986275111963771e-01
1.173221150030607163e+01 1.000936512240501619e+00
1.178221150030607589e+01 1.001400218865825309e+00
1.183221150030607305e+01 9.757417855979111376e-01
1.188221150030607021e+01 1.012580700831964720e+00
1.193221150030607447e+01 9.599242373785342730e-01
1.198221150030607163e+01 9.340597122771427951e-01
1.203221150030607589e+01 9.705379668026112849e-01
1.208221150030607305e+01 9.681163877592537936e-01
1.213221150030607021e+01 9.814093110185346802e-01
1.218221150030607447e+01 9.768752906820357129e-01
1.223221150030607163e+01 1.029377185260358152e+00
1.228221150030607589e+01 9.688377091764242000e-01
1.233221150030607305e+01 9.464252222857761909e-01
1.238221150030607021e+01 9.861494231885108430e-01
1.243221150030607447e+01 9.495681227463038665e-01
1.248221150030607163e+01 1.041691172310622582e+00
1.253221150030607589e+01 1.010571305455561841e+00
1.258221150030607305e+01 1.030871351053068041e+00
1.263221150030607021e+01 1.074202159041654392e+00
1.268221150030607447e+01 1.000266713781700734e+00
1.273221150030607163e+01 1.031283534720022654e+00
1.278221150030607589e+01 9.955266016117246819e-01
1.283221150030607305e+01 9.563176302926829075e-01
1.288221150030607021e+01 9.753296019309565246e-01
1.293221150030607447e+01 1.001400218865825309e+00
1.298221150030607163e+01 9.941354817357532792e-01
1.303221150030607589e+01 9.981542724885590356e-01
1.308221150030607305e+01 1.010777397289039037e+00
1.313221150030607021e+01 1.014435527333259701e+00
1.318221150030607447e+01 1.047410220689615423e+00
1.323221150030607163e+01 9.987725479889907332e-01
1.328221150030607589e+01 9.584300715858244946e-01
1.333221150030607305e+01 9.708471045528270782e-01
1.338221150030607021e+01 1.009746938121652837e+00
1.343221150030607447e+01 9.976905658632353457e-01
1.348221150030607163e+01 9.476102503282701761e-01
1.353221150030607589e+01 1.014280958458151805e+00
1.358221150030607305e+01 9.613668802128748636e-01
1.363221150030607021e+01 9.876951119395900314e-01
1.368221150030607447e+01 9.258160389380538646e-01
1.373221150030607163e+01 9.532777757488939407e-01
1.378221150030607589e+01 9.260221307715311712e-01
1.383221150030607305e+01 9.893438466074079285e-01
1.388221150030607021e+01 9.416335871574308403e-01
1.393221150030607447e+01 9.465797911608840876e-01
1.398221150030607163e+01 9.707955815944578903e-01
1.403221150030607589e+01 9.502379212051048629e-01
1.408221150030607305e+01 9.472495896196850840e-01
1.413221150030607021e+01 9.434368907003565230e-01
1.418221150030607447e+01 9.631701837558005463e-01
1.423221150030607163e+01 9.999060530731156415e-01
1.428221150030607589e+01 9.868192216473117284e-01
1.433221150030607305e+01 9.604909899205966717e-01
1.438221150030607021e+01 1.031850287262084942e+00
1.443221150030607447e+01 9.945991883610770801e-01
1.448221150030607163e+01 9.922291322760889987e-01
1.453221150030607589e+01 1.000215190823331435e+00
1.458221150030607305e+01 1.033859682638487820e+00
1.463221150030607021e+01 1.029068047510142359e+00
1.468221150030607447e+01 1.025203825632444499e+00
1.473221150030607163e+01 1.055705416987073653e+00
1.478221150030607589e+01 1.012065471248271731e+00
1.483221150030607305e+01 1.028398249051341695e+00
1.488221150030607021e+01 1.013147453374027229e+00
1.493221150030607447e+01 1.031489626553499628e+00
1.498221150030607163e+01 1.055602371070335055e+00
1.503221150030607589e+01 1.024946210840598004e+00
1.508221150030607305e+01 1.003461137200597486e+00
1.513221150030607021e+01 1.047770881398200293e+00
1.518221150030607447e+01 9.905803976082712126e-01
1.523221150030607163e+01 1.000163667864962136e+00
1.528221150030607589e+01 9.837793671035228726e-01
1.533221150030607305e+01 1.018093657377480588e+00
1.538221150030607021e+01 9.940324358190146814e-01
1.543221150030607447e+01 1.027058652133739480e+00
1.548221150030607163e+01 1.035817555056521400e+00
1.553221150030607589e+01 1.026440376633307894e+00
1.558221150030607305e+01 9.644067347566640525e-01
1.563221150030607021e+01 9.680133418425153069e-01
1.568221150030607447e+01 1.012220040123379627e+00
1.573221150030607163e+01 9.705894897609805838e-01
1.578221150030607589e+01 9.964540148623721727e-01
1.583221150030607305e+01 9.413759723655841238e-01
1.588221150030607021e+01 9.779057498494220235e-01
1.593221150030607447e+01 9.565752450845294019e-01
1.598221150030607163e+01 9.668283138000213217e-01
1.603221150030607589e+01 9.734747754296617650e-01
1.608221150030607305e+01 9.448795335346971136e-01
1.613221150030607021e+01 9.504440130385820584e-01
1.618221150030607447e+01 9.908895353584870058e-01
1.623221150030607163e+01 1.042464016686161843e+00
1.628221150030607589e+01 9.932080684851057883e-01
1.633221150030607305e+01 9.533808216656325385e-01
1.638221150030607021e+01 9.508561967055364494e-01
1.643221150030607447e+01 9.840885048537386659e-01
1.648221150030607163e+01 9.703833979275032773e-01
1.653221150030607589e+01 9.876435889812207325e-01
1.658221150030607305e+01 9.797090533923475952e-01
1.663221150030607021e+01 9.680133418425153069e-01
1.668221150030607447e+01 9.410668346153683306e-01
1.673221150030607163e+01 9.673950663420836094e-01
1.678221150030607589e+01 9.888801399820841276e-01
1.683221150030607305e+01 9.659009005493737199e-01
1.688221150030607021e+01 9.348840796110515772e-01
1.693221150030607447e+01 9.427155692831862277e-01
1.698221150030607163e+01 9.825943390610287764e-01
1.703221150030607589e+01 9.714653800532588868e-01
1.708221150030607305e+01 9.861494231885108430e-01
1.713221150030607021e+01 9.826973849777674852e-01
1.718221150030607447e+01 1.011653287581317340e+00
1.723221150030607163e+01 9.630156148806925387e-01
1.728221150030607589e+01 9.719806096369518755e-01
1.733221150030607305e+01 9.840885048537386659e-01
1.738221150030607021e+01 1.023967274631581326e+00
1.743221150030607447e+01 1.014074866624674609e+00
1.748221150030607163e+01 1.006758606536233058e+00
1.753221150030607589e+01 9.993908234894223197e-01
1.758221150030607305e+01 9.580178879188699925e-01
1.763221150030607021e+01 9.371510897793011718e-01
1.768221150030607447e+01 1.006243376952540070e+00
1.773221150030607163e+01 9.822336783524436843e-01
1.778221150030607589e+01 9.799151452258249018e-01
1.783221150030607305e+01 1.050037891566450110e+00
1.788221150030607021e+01 1.021906356296809149e+00
1.793221150030607447e+01 1.014023343666305310e+00
1.798221150030607163e+01 1.029943937802420439e+00
1.803221150030607589e+01 1.027573881717432691e+00
1.808221150030607305e+01 1.025409917465921694e+00
1.813221150030607021e+01 1.083373245631390924e+00
1.818221150030607447e+01 9.814608339769039791e-01
1.823221150030607163e+01 1.018196703294218963e+00
1.828221150030607589e+01 1.041948787102468854e+00
1.833221150030607305e+01 9.756902626395418388e-01
1.838221150030607021e+01 1.006655560619494683e+00
1.843221150030607447e+01 9.933626373602137960e-01
1.848221150030607163e+01 1.093059561804820223e+00
1.853221150030607589e+01 1.001297172949086711e+00
1.858221150030607305e+01 1.042206401894315571e+00
1.863221150030607021e+01 1.055808462903812250e+00
1.868221150030607447e+01 1.039372639184003688e+00
1.873221150030607163e+01 9.840369818953692560e-01
1.878221150030607589e+01 9.269495440221786620e-01
1.883221150030607305e+01 1.013817251832828115e+00
1.888221150030607021e+01 9.479193880784859694e-01
1.893221150030607447e+01 1.016032739042708410e+00
1.898221150030607163e+01 1.003306568325489589e+00
1.903221150030607589e+01 1.000318236740070033e+00
1.908221150030607305e+01 9.953720327366166742e-01
1.913221150030607021e+01 9.539475742076948261e-01
1.918221150030607447e+01 1.014950756916952690e+00
1.923221150030607163e+01 1.017526904835418300e+00
1.928221150030607589e+01 1.013817251832828115e+00
1.933221150030607305e+01 9.797605763507168941e-01
1.938221150030607021e+01 9.887770940653455298e-01
1.943221150030607447e+01 1.038187611141509592e+00
1.948221150030607163e+01 9.921260863593504009e-01
1.953221150030607589e+01 1.004697688201460881e+00
1.958221150030607305e+01 9.827489079361366731e-01
1.963221150030607021e+01 1.048646771690478818e+00
1.968221150030607447e+01 1.028707386801557488e+00
1.973221150030607163e+01 1.048183065065154906e+00
1.978221150030607589e+01 1.037569335641078005e+00
1.983221150030607305e+01 1.008871047829374756e+00
1.988221150030607021e+01 1.040712236101605681e+00
1.993221150030607447e+01 9.895499384408850130e-01
1.998221150030607163e+01 1.038702840725202581e+00
2.003221150030607589e+01 1.052665562443284575e+00
2.008221150030607305e+01 9.968661985293264527e-01
2.013221150030607021e+01 1.031489626553499628e+00
2.018221150030607447e+01 1.013920297749566490e+00
2.023221150030607163e+01 9.992362546143145341e-01
2.028221150030607589e+01 9.733202065545538684e-01
2.033221150030607305e+01 1.008201249370573649e+00
2.038221150030607021e+01 9.955266016117246819e-01
2.043221150030607447e+01 9.460130386188216889e-01
2.048221150030607163e+01 1.006397945827648188e+00
2.053221150030607589e+01 9.832641375198297728e-01
2.058221150030607305e+01 9.433338447836179252e-01
2.063221150030607021e+01 9.245794879371906916e-01
2.068221150030607447e+01 9.613668802128748636e-01
2.073221150030607163e+01 9.308652888582458207e-01
2.078221150030607589e+01 9.128322534289888823e-01
2.083221150030607305e+01 9.282891409397806548e-01
2.088221150030607021e+01 9.447764876179585158e-01
2.093221150030607447e+01 9.140172814714829785e-01
2.098221150030607163e+01 9.130383452624659668e-01
2.103221150030607589e+01 8.723352081507146361e-01
2.108221150030607305e+01 9.041248734645762619e-01
2.113221150030607021e+01 8.685225092313859641e-01
2.118221150030607447e+01 8.446673795063974755e-01
2.123221150030607163e+01 8.888225548288923861e-01
2.128221150030607589e+01 8.980451643769982173e-01
2.133221150030607305e+01 8.850098559095638251e-01
2.138221150030607021e+01 9.132444370959433844e-01
2.143221150030607447e+01 9.125231156787729780e-01
2.148221150030607163e+01 9.556993547922512100e-01
2.153221150030607589e+01 9.169025671401640487e-01
2.158221150030607305e+01 9.563176302926829075e-01
2.163221150030607021e+01 9.911986731087029101e-01
2.168221150030607447e+01 9.792968697253932042e-01
2.173221150030607163e+01 9.792453467670239053e-01
2.178221150030607589e+01 1.034220343347073134e+00
2.183221150030607305e+01 1.011653287581317340e+00
2.188221150030607021e+01 1.052459470609807379e+00
2.193221150030607447e+01 1.081260804338249226e+00
2.198221150030607163e+01 1.132835285665924285e+00
2.203221150030607589e+01 1.142727693672831002e+00
2.208221150030607305e+01 1.122891354700648270e+00
2.213221150030607731e+01 1.171735119234749822e+00
2.218221150030607447e+01 1.153959698597339711e+00
2.223221150030607163e+01 1.196620708127124733e+00
2.228221150030606879e+01 1.137214737127314912e+00
2.233221150030607305e+01 1.170447045275517128e+00
2.238221150030607731e+01 1.237066230447029680e+00
2.243221150030607447e+01 1.154990157764725467e+00
2.248221150030607163e+01 1.192601917374318754e+00
2.253221150030606879e+01 1.188583126621512998e+00
2.258221150030607305e+01 1.140666775338058825e+00
2.263221150030607731e+01 1.174671927861800302e+00
2.268221150030607447e+01 1.112741331901894837e+00
2.273221150030607163e+01 1.187552667454126798e+00
2.278221150030606879e+01 1.133659652999833067e+00
2.283221150030607305e+01 1.082961061964436311e+00
2.288221150030607731e+01 1.065803916827457343e+00
2.293221150030607447e+01 1.013456591124243023e+00
2.298221150030607163e+01 9.924867470679354930e-01
2.303221150030606879e+01 9.495165997879345676e-01
2.308221150030607305e+01 9.503924900802127596e-01
2.313221150030607731e+01 9.529171150403087376e-01
2.318221150030607447e+01 9.783179335163765256e-01
2.323221150030607163e+01 9.492074620377187744e-01
2.328221150030606879e+01 9.187058706830897314e-01
2.333221150030607305e+01 8.986119169190605049e-01
2.338221150030607731e+01 9.329777301513874077e-01
2.343221150030607447e+01 9.101015366354157088e-01
2.348221150030607163e+01 9.096378300100917969e-01
2.353221150030606879e+01 8.910895649971417587e-01
2.358221150030607305e+01 9.287528475651042337e-01
2.363221150030607731e+01 9.319987939423706180e-01
2.368221150030607447e+01 9.172632278487491408e-01
2.373221150030607163e+01 9.325140235260637178e-01
2.378221150030606879e+01 8.830519834915301347e-01
2.383221150030607305e+01 8.976845036684131252e-01
2.388221150030607731e+01 9.048977178401158561e-01
2.393221150030607447e+01 9.195817609753680344e-01
2.398221150030607163e+01 8.880497104533529029e-01
2.403221150030606879e+01 9.000030367950316856e-01
2.408221150030607305e+01 9.041248734645762619e-01
2.413221150030607731e+01 9.195817609753680344e-01
2.418221150030607447e+01 8.738808969017939354e-01
2.423221150030607163e+01 8.821760931992519428e-01
2.428221150030606879e+01 8.554872007639515719e-01
2.433221150030607305e+01 8.783118713215541939e-01
2.438221150030607731e+01 9.298348296908598432e-01
2.443221150030607447e+01 9.234975058114351931e-01
2.448221150030607163e+01 8.837733049087005410e-01
2.453221150030606879e+01 9.159236309311473700e-01
2.458221150030607305e+01 9.124200697620343803e-01
2.463221150030607731e+01 9.231883680612193999e-01
2.468221150030607447e+01 9.464252222857761909e-01
2.473221150030607163e+01 9.291135082736895479e-01
2.478221150030606879e+01 9.368419520290853786e-01
2.483221150030607305e+01 8.884103711619379951e-01
2.488221150030607731e+01 9.038672586727297675e-01
2.493221150030607447e+01 8.897499680795399879e-01
2.498221150030607163e+01 8.804758355730650798e-01
2.503221150030606879e+01 7.929898522619839296e-01
2.508221150030607305e+01 8.158145228195863297e-01
2.513221150030607731e+01 7.914441635109047413e-01
2.518221150030607447e+01 8.059736377710490229e-01
2.523221150030607163e+01 7.546052482768511593e-01
2.528221150030606879e+01 7.951538165134947045e-01
2.533221150030607305e+01 7.934535588873076195e-01
2.538221150030607731e+01 7.971116889315282839e-01
2.543221150030607447e+01 8.226155533243346696e-01
2.548221150030607163e+01 8.257584537848623452e-01
2.553221150030606879e+01 8.935111440404991390e-01
2.558221150030607305e+01 9.627064771304767454e-01
2.563221150030607731e+01 1.045555394188320442e+00
2.568221150030607447e+01 1.230677383609235731e+00
2.573221150030607163e+01 1.402661018645978253e+00
2.578221150030606879e+01 1.632350367056342844e+00
2.583221150030607305e+01 1.870541003597643082e+00
2.588221150030607731e+01 2.019442353284936598e+00
2.593221150030607447e+01 2.239651477355348863e+00
2.598221150030607163e+01 2.301015320773191597e+00
2.603221150030606879e+01 2.398651326883026069e+00
2.608221150030607305e+01 2.297769374395925546e+00
2.613221150030607731e+01 2.173341429934052549e+00
2.618221150030607447e+01 2.002079116314480434e+00
2.623221150030607163e+01 1.770225803652605068e+00
2.628221150030606879e+01 1.645282629607038638e+00
2.633221150030607305e+01 1.545276567412216195e+00
2.638221150030607731e+01 1.396014557016337587e+00
2.643221150030607447e+01 1.303582369701803412e+00
2.648221150030607163e+01 1.254377944459116323e+00
2.653221150030606879e+01 1.150456137428226722e+00
2.658221150030607305e+01 1.132062441290384358e+00
2.663221150030607731e+01 1.063536906659207970e+00
2.668221150030607447e+01 9.865616068554654561e-01
2.673221150030607163e+01 8.322503465393948918e-01
2.678221150030606879e+01 7.124594683307590159e-01
2.683221150030607305e+01 6.249219620613086779e-01
2.688221150030607731e+01 5.126019128162222493e-01
2.693221150030607447e+01 4.112047307454286815e-01
2.698221150030607163e+01 3.551992749979934749e-01
2.703221150030606879e+01 2.669404473113727860e-01
2.708221150030607305e+01 2.197969404034580687e-01
2.713221150030607731e+01 2.001151703063832887e-01
2.718221150030607447e+01 1.546203980662863853e-01
2.723221150030607163e+01 1.314350668000988098e-01
2.728221150030606879e+01 1.083012584922805610e-01
2.733221150030607305e+01 9.835732752700455939e-02
2.738221150030607731e+01 8.954690164585327183e-02
2.743221150030607447e+01 9.433853677419873351e-02
2.748221150030607163e+01 1.000575851531916444e-01
2.753221150030606879e+01 1.190180338330961429e-01
2.758221150030607305e+01 1.469434772692598257e-01
2.763221150030607731e+01 1.628640714053752880e-01
2.768221150030607447e+01 1.772389767904115621e-01
2.773221150030607163e+01 1.751780584556393572e-01
2.778221150030606879e+01 1.703864233272939233e-01
2.783221150030607305e+01 1.508592221053270677e-01
2.788221150030607731e+01 1.159781792893070929e-01
2.793221150030607447e+01 1.019639346128559387e-01
2.798221150030607163e+01 9.619336327549371513e-02
2.803221150030606879e+01 9.243218731453439752e-02
2.808221150030607305e+01 1.345264443022571588e-01
2.813221150030607731e+01 2.203636929455204396e-01
2.818221150030607447e+01 4.299075646334866163e-01
2.823221150030607163e+01 7.786664698353168435e-01
2.828221150030606879e+01 1.384885598008567476e+00
2.833221150030607305e+01 2.258560403076884882e+00
2.838221150030607731e+01 3.642312496001327116e+00
2.843221150030607447e+01 4.794881074722694869e+00
2.848221150030607163e+01 5.997117785312074290e+00
2.853221150030607589e+01 6.776144915855976336e+00
2.858221150030607305e+01 6.785212956528974715e+00
2.863221150030607731e+01 6.037975491298932518e+00
2.868221150030607447e+01 4.625061403937463567e+00
2.873221150030607163e+01 3.213074729826641551e+00
2.878221150030607589e+01 1.903000467370305593e+00
2.883221150030607305e+01 1.061630557199543912e+00
2.888221150030607731e+01 5.597969426825063488e-01
2.893221150030607447e+01 3.490165199936767215e-01
2.898221150030607163e+01 2.479799986314683014e-01
2.903221150030607589e+01 1.873374766307954742e-01
2.908221150030607305e+01 1.617305663212505462e-01
2.913221150030607731e+01 1.440581916005787277e-01
2.918221150030607447e+01 1.375147758876768822e-01
2.923221150030607163e+01 1.541051684825933132e-01
2.928221150030607589e+01 1.890892572153518580e-01
2.933221150030607305e+01 2.106773767720909740e-01
2.938221150030607731e+01 2.164994710678224965e-01
2.943221150030607447e+01 1.930050020514191278e-01
2.948221150030607163e+01 1.520957731061903795e-01
2.953221150030607589e+01 1.104136997854220925e-01
2.958221150030607305e+01 6.249734850196780184e-02
2.963221150030607731e+01 3.859069581860995884e-02
2.968221150030607447e+01 1.937263234685894162e-02
2.973221150030607163e+01 8.861948839520579491e-03
2.978221150030607589e+01 4.327928503021678114e-03
2.983221150030607305e+01 2.473102001726673084e-03
2.988221150030607731e+01 1.133505084124725344e-03
2.993221150030607447e+01 7.213214171702796856e-04
2.998221150030607163e+01 6.182755004316682710e-04
3.003221150030607589e+01 2.576147918465284824e-04
3.008221150030607305e+01 1.030459167386113740e-04
3.013221150030607731e+01 0.000000000000000000e+00
3.018221150030607447e+01 1.030459167386113740e-04
3.023221150030607163e+01 0.000000000000000000e+00
3.028221150030607589e+01 1.030459167386113740e-04
3.033221150030607305e+01 5.152295836930568699e-05
3.038221150030607731e+01 0.000000000000000000e+00
3.043221150030607447e+01 0.000000000000000000e+00
3.048221150030607163e+01 0.000000000000000000e+00
3.053221150030607589e+01 0.000000000000000000e+00
3.058221150030607305e+01 0.000000000000000000e+00
3.063221150030607731e+01 0.000000000000000000e+00
3.068221150030607447e+01 0.000000000000000000e+00
3.073221150030607163e+01 0.000000000000000000e+00
3.078221150030607589e+01 0.000000000000000000e+00
3.083221150030607305e+01 0.000000000000000000e+00
3.088221150030607731e+01 0.000000000000000000e+00
3.093221150030607447e+01 0.000000000000000000e+00
3.098221150030607163e+01 0.000000000000000000e+00
3.103221150030607589e+01 0.000000000000000000e+00
3.108221150030607305e+01 0.000000000000000000e+00
3.113221150030607731e+01 0.000000000000000000e+00
3.118221150030607447e+01 0.000000000000000000e+00
3.123221150030607163e+01 0.000000000000000000e+00
3.128221150030607589e+01 0.000000000000000000e+00
3.133221150030607305e+01 0.000000000000000000e+00
3.138221150030607731e+01 0.000000000000000000e+00
3.143221150030607447e+01 0.000000000000000000e+00
3.148221150030607163e+01 0.000000000000000000e+00
3.153221150030607589e+01 0.000000000000000000e+00
3.158221150030607305e+01 0.000000000000000000e+00
3.163221150030607731e+01 0.000000000000000000e+00
3.168221150030607447e+01 0.000000000000000000e+00
3.173221150030607163e+01 0.000000000000000000e+00
3.178221150030607589e+01 0.000000000000000000e+00
3.183221150030607305e+01 0.000000000000000000e+00
3.188221150030607731e+01 0.000000000000000000e+00
3.193221150030607447e+01 0.000000000000000000e+00
3.198221150030607163e+01 0.000000000000000000e+00
3.203221150030607589e+01 0.000000000000000000e+00
3.208221150030607305e+01 0.000000000000000000e+00
3.213221150030607731e+01 0.000000000000000000e+00
3.218221150030607447e+01 0.000000000000000000e+00
3.223221150030607163e+01 0.000000000000000000e+00
3.228221150030607589e+01 0.000000000000000000e+00
3.233221150030607305e+01 0.000000000000000000e+00
3.238221150030607731e+01 0.000000000000000000e+00
3.243221150030607447e+01 0.000000000000000000e+00
3.248221150030607163e+01 0.000000000000000000e+00
3.253221150030607589e+01 0.000000000000000000e+00
3.258221150030607305e+01 0.000000000000000000e+00
3.263221150030607731e+01 0.000000000000000000e+00
3.268221150030607447e+01 0.000000000000000000e+00
3.273221150030607163e+01 0.000000000000000000e+00
3.278221150030607589e+01 0.000000000000000000e+00
3.283221150030607305e+01 0.000000000000000000e+00
3.288221150030607731e+01 0.000000000000000000e+00
3.293221150030607447e+01 0.000000000000000000e+00
3.298221150030607163e+01 0.000000000000000000e+00
3.303221150030607589e+01 0.000000000000000000e+00
3.308221150030607305e+01 0.000000000000000000e+00
3.313221150030607731e+01 0.000000000000000000e+00
3.318221150030607447e+01 0.000000000000000000e+00
3.323221150030607163e+01 0.000000000000000000e+00
3.328221150030607589e+01 0.000000000000000000e+00
3.333221150030607305e+01 0.000000000000000000e+00
3.338221150030607731e+01 0.000000000000000000e+00
3.343221150030607447e+01 0.000000000000000000e+00
3.348221150030607163e+01 0.000000000000000000e+00
3.353221150030607589e+01 0.000000000000000000e+00
3.358221150030607305e+01 0.000000000000000000e+00
3.363221150030607731e+01 0.000000000000000000e+00
3.368221150030607447e+01 0.000000000000000000e+00
3.373221150030607163e+01 0.000000000000000000e+00
3.378221150030607589e+01 0.000000000000000000e+00
3.383221150030607305e+01 0.000000000000000000e+00
3.388221150030607731e+01 0.000000000000000000e+00
3.393221150030607447e+01 0.000000000000000000e+00
3.398221150030607163e+01 0.000000000000000000e+00
3.403221150030607589e+01 0.000000000000000000e+00
3.408221150030607305e+01 0.000000000000000000e+00
3.413221150030607731e+01 0.000000000000000000e+00
3.418221150030607447e+01 0.000000000000000000e+00
3.423221150030607163e+01 0.000000000000000000e+00
3.428221150030607589e+01 0.000000000000000000e+00
3.433221150030607305e+01 0.000000000000000000e+00
3.438221150030607731e+01 0.000000000000000000e+00
3.443221150030607447e+01 0.000000000000000000e+00
3.448221150030607163e+01 0.000000000000000000e+00
3.453221150030607589e+01 0.000000000000000000e+00
3.458221150030607305e+01 0.000000000000000000e+00
3.463221150030607731e+01 0.000000000000000000e+00
3.468221150030607447e+01 0.000000000000000000e+00
3.473221150030607163e+01 0.000000000000000000e+00
3.478221150030607589e+01 0.000000000000000000e+00
3.483221150030607305e+01 0.000000000000000000e+00
3.488221150030607731e+01 0.000000000000000000e+00
3.493221150030607447e+01 0.000000000000000000e+00
3.498221150030607163e+01 0.000000000000000000e+00
3.503221150030607589e+01 0.000000000000000000e+00
3.508221150030607305e+01 0.000000000000000000e+00
3.513221150030607731e+01 0.000000000000000000e+00
3.518221150030607447e+01 0.000000000000000000e+00
3.523221150030607163e+01 0.000000000000000000e+00
3.528221150030607589e+01 0.000000000000000000e+00
3.533221150030607305e+01 0.000000000000000000e+00
3.538221150030607731e+01 0.000000000000000000e+00
3.543221150030607447e+01 0.000000000000000000e+00
3.548221150030607163e+01 0.000000000000000000e+00
3.553221150030607589e+01 0.000000000000000000e+00
3.558221150030607305e+01 0.000000000000000000e+00
3.563221150030607731e+01 0.000000000000000000e+00
3.568221150030607447e+01 0.000000000000000000e+00
3.573221150030607163e+01 0.000000000000000000e+00
3.578221150030607589e+01 0.000000000000000000e+00
3.583221150030607305e+01 0.000000000000000000e+00
3.588221150030607731e+01 0.000000000000000000e+00
3.593221150030607447e+01 0.000000000000000000e+00
3.598221150030607163e+01 0.000000000000000000e+00
3.603221150030607589e+01 0.000000000000000000e+00
3.608221150030607305e+01 0.000000000000000000e+00
3.613221150030607731e+01 0.000000000000000000e+00
3.618221150030607447e+01 0.000000000000000000e+00
3.623221150030607163e+01 0.000000000000000000e+00
3.628221150030607589e+01 0.000000000000000000e+00
3.633221150030607305e+01 0.000000000000000000e+00
3.638221150030607731e+01 0.000000000000000000e+00
3.643221150030607447e+01 0.000000000000000000e+00
3.648221150030607163e+01 0.000000000000000000e+00
3.653221150030607589e+01 0.000000000000000000e+00
3.658221150030607305e+01 0.000000000000000000e+00
3.663221150030607731e+01 0.000000000000000000e+00
3.668221150030607447e+01 0.000000000000000000e+00
3.673221150030607163e+01 0.000000000000000000e+00
3.678221150030607589e+01 0.000000000000000000e+00
3.683221150030607305e+01 0.000000000000000000e+00
3.688221150030607731e+01 0.000000000000000000e+00
3.693221150030607447e+01 0.000000000000000000e+00
3.698221150030607163e+01 0.000000000000000000e+00
3.703221150030607589e+01 0.000000000000000000e+00
3.708221150030607305e+01 0.000000000000000000e+00
3.713221150030607731e+01 0.000000000000000000e+00
3.718221150030607447e+01 0.000000000000000000e+00
3.723221150030607163e+01 0.000000000000000000e+00
3.728221150030607589e+01 0.000000000000000000e+00
3.733221150030607305e+01 0.000000000000000000e+00
3.738221150030607731e+01 0.000000000000000000e+00
3.743221150030607447e+01 0.000000000000000000e+00
3.748221150030607163e+01 0.000000000000000000e+00
3.753221150030607589e+01 0.000000000000000000e+00
3.758221150030607305e+01 0.000000000000000000e+00
3.763221150030607731e+01 0.000000000000000000e+00
3.768221150030607447e+01 0.000000000000000000e+00
3.773221150030607163e+01 0.000000000000000000e+00
3.778221150030607589e+01 0.000000000000000000e+00
3.783221150030607305e+01 0.000000000000000000e+00
3.788221150030607731e+01 0.000000000000000000e+00
3.793221150030607447e+01 0.000000000000000000e+00
3.798221150030607163e+01 0.000000000000000000e+00
3.803221150030607589e+01 0.000000000000000000e+00
3.808221150030607305e+01 0.000000000000000000e+00
3.813221150030607731e+01 0.000000000000000000e+00
3.818221150030607447e+01 0.000000000000000000e+00
3.823221150030607163e+01 0.000000000000000000e+00
3.828221150030607589e+01 0.000000000000000000e+00
3.833221150030607305e+01 0.000000000000000000e+00
3.838221150030607731e+01 0.000000000000000000e+00
3.843221150030607447e+01 0.000000000000000000e+00
3.848221150030607163e+01 0.000000000000000000e+00
3.853221150030607589e+01 0.000000000000000000e+00
3.858221150030607305e+01 0.000000000000000000e+00
3.863221150030607731e+01 0.000000000000000000e+00
3.868221150030607447e+01 0.000000000000000000e+00
3.873221150030607163e+01 0.000000000000000000e+00
3.878221150030607589e+01 0.000000000000000000e+00
3.883221150030607305e+01 0.000000000000000000e+00
3.888221150030607731e+01 0.000000000000000000e+00
3.893221150030607447e+01 0.000000000000000000e+00
3.898221150030607163e+01 0.000000000000000000e+00
3.903221150030607589e+01 0.000000000000000000e+00
3.908221150030607305e+01 0.000000000000000000e+00
3.913221150030607731e+01 0.000000000000000000e+00
3.918221150030607447e+01 0.000000000000000000e+00
3.923221150030607163e+01 0.000000000000000000e+00
3.928221150030607589e+01 0.000000000000000000e+00
3.933221150030607305e+01 0.000000000000000000e+00
3.938221150030607731e+01 0.000000000000000000e+00
3.943221150030607447e+01 0.000000000000000000e+00
3.948221150030607163e+01 0.000000000000000000e+00
3.953221150030607589e+01 0.000000000000000000e+00
3.958221150030607305e+01 0.000000000000000000e+00
3.963221150030607731e+01 0.000000000000000000e+00
3.968221150030607447e+01 0.000000000000000000e+00
3.973221150030607163e+01 0.000000000000000000e+00
3.978221150030607589e+01 0.000000000000000000e+00
3.983221150030607305e+01 0.000000000000000000e+00
3.988221150030607731e+01 0.000000000000000000e+00
3.993221150030607447e+01 0.000000000000000000e+00
3.998221150030607163e+01 0.000000000000000000e+00
4.003221150030607589e+01 0.000000000000000000e+00
