-1.160680996410011723e+01 3.882158396201786099e-02
-1.155680996410011829e+01 5.721075531244738249e-02
-1.150680996410011758e+01 7.614266262287219811e-02
-1.145680996410011687e+01 9.628774443211009226e-02
-1.140680996410011794e+01 1.058335121990865296e-01
-1.135680996410011723e+01 1.140703285331330780e-01
-1.130680996410011829e+01 1.105904332602219153e-01
-1.125680996410011758e+01 9.740514199680633256e-02
-1.120680996410011687e+01 8.157002222282536130e-02
-1.115680996410011794e+01 6.404284327944724520e-02
-1.110680996410011723e+01 4.370620760197570231e-02
-1.105680996410011829e+01 2.793493911740594152e-02
-1.100680996410011758e+01 1.711214556220524291e-02
-1.095680996410011687e+01 1.050353710814463590e-02
-1.090680996410011794e+01 6.640534098766213110e-03
-1.085680996410011723e+01 3.639523496439174034e-03
-1.080680996410011829e+01 1.372802722341092112e-03
-1.075680996410011758e+01 1.117397564696237695e-03
-1.070680996410011687e+01 3.192564470560679672e-04
-1.065680996410011794e+01 1.596282235280339836e-04
-1.060680996410011723e+01 1.915538682336407315e-04
-1.055680996410011829e+01 3.192564470560678859e-05
-1.050680996410011758e+01 3.192564470560678859e-05
-1.045680996410011687e+01 3.192564470560678859e-05
-1.040680996410011794e+01 0.000000000000000000e+00
-1.035680996410011723e+01 3.192564470560678859e-05
-1.030680996410011829e+01 0.000000000000000000e+00
-1.025680996410011758e+01 3.192564470560678859e-05
-1.020680996410011687e+01 0.000000000000000000e+00
-1.015680996410011794e+01 0.000000000000000000e+00
-1.010680996410011723e+01 0.000000000000000000e+00
-1.005680996410011829e+01 0.000000000000000000e+00
-1.000680996410011758e+01 0.000000000000000000e+00
-9.956809964100116872e+00 0.000000000000000000e+00
-9.906809964100117938e+00 0.000000000000000000e+00
-9.856809964100117227e+00 0.000000000000000000e+00
-9.806809964100118293e+00 0.000000000000000000e+00
-9.756809964100117583e+00 0.000000000000000000e+00
-9.706809964100116872e+00 0.000000000000000000e+00
-9.656809964100117938e+00 0.000000000000000000e+00
-9.606809964100117227e+00 0.000000000000000000e+00
-9.556809964100118293e+00 0.000000000000000000e+00
-9.506809964100117583e+00 0.000000000000000000e+00
-9.456809964100116872e+00 0.000000000000000000e+00
-9.406809964100117938e+00 0.000000000000000000e+00
-9.356809964100117227e+00 0.000000000000000000e+00
-9.306809964100118293e+00 0.000000000000000000e+00
-9.256809964100117583e+00 0.000000000000000000e+00
-9.206809964100116872e+00 0.000000000000000000e+00
-9.156809964100117938e+00 0.000000000000000000e+00
-9.106809964100117227e+00 0.000000000000000000e+00
-9.056809964100118293e+00 0.000000000000000000e+00
-9.006809964100117583e+00 0.000000000000000000e+00
-8.956809964100116872e+00 0.000000000000000000e+00
-8.906809964100117938e+00 0.000000000000000000e+00
-8.856809964100117227e+00 0.000000000000000000e+00
-8.806809964100118293e+00 0.000000000000000000e+00
-8.756809964100117583e+00 0.000000000000000000e+00
-8.706809964100116872e+00 0.000000000000000000e+00
-8.656809964100117938e+00 0.000000000000000000e+00
-8.606809964100117227e+00 0.000000000000000000e+00
-8.556809964100118293e+00 0.000000000000000000e+00
-8.506809964100117583e+00 0.000000000000000000e+00
-8.456809964100116872e+00 0.000000000000000000e+00
-8.406809964100117938e+00 0.000000000000000000e+00
-8.356809964100117227e+00 0.000000000000000000e+00
-8.306809964100118293e+00 0.000000000000000000e+00
-8.256809964100117583e+00 0.000000000000000000e+00
-8.206809964100116872e+00 0.000000000000000000e+00
-8.156809964100117938e+00 0.000000000000000000e+00
-8.106809964100117227e+00 0.000000000000000000e+00
-8.056809964100118293e+00 0.000000000000000000e+00
-8.006809964100117583e+00 0.000000000000000000e+00
-7.956809964100116872e+00 0.000000000000000000e+00
-7.906809964100117938e+00 0.000000000000000000e+00
-7.856809964100117227e+00 0.000000000000000000e+00
-7.806809964100117405e+00 0.000000000000000000e+00
-7.756809964100117583e+00 0.000000000000000000e+00
-7.706809964100116872e+00 0.000000000000000000e+00
-7.656809964100117938e+00 0.000000000000000000e+00
-7.606809964100117227e+00 0.000000000000000000e+00
-7.556809964100117405e+00 0.000000000000000000e+00
-7.506809964100117583e+00 0.000000000000000000e+00
-7.456809964100116872e+00 0.000000000000000000e+00
-7.406809964100117938e+00 0.000000000000000000e+00
-7.356809964100117227e+00 0.000000000000000000e+00
-7.306809964100117405e+00 0.000000000000000000e+00
-7.256809964100117583e+00 0.000000000000000000e+00
-7.206809964100116872e+00 0.000000000000000000e+00
-7.156809964100117938e+00 0.000000000000000000e+00
-7.106809964100117227e+00 0.000000000000000000e+00
-7.056809964100117405e+00 0.000000000000000000e+00
-7.006809964100117583e+00 0.000000000000000000e+00
-6.956809964100116872e+00 0.000000000000000000e+00
-6.906809964100117938e+00 0.000000000000000000e+00
-6.856809964100117227e+00 0.000000000000000000e+00
-6.806809964100116517e+00 0.000000000000000000e+00
-6.756809964100117583e+00 0.000000000000000000e+00
-6.706809964100116872e+00 0.000000000000000000e+00
-6.656809964100117938e+00 0.000000000000000000e+00
-6.606809964100117227e+00 0.000000000000000000e+00
-6.556809964100116517e+00 0.000000000000000000e+00
-6.506809964100117583e+00 0.000000000000000000e+00
-6.456809964100116872e+00 0.000000000000000000e+00
-6.406809964100117938e+00 0.000000000000000000e+00
-6.356809964100117227e+00 0.000000000000000000e+00
-6.306809964100116517e+00 0.000000000000000000e+00
-6.256809964100117583e+00 0.000000000000000000e+00
-6.206809964100116872e+00 0.000000000000000000e+00
-6.156809964100117938e+00 0.000000000000000000e+00
-6.106809964100117227e+00 0.000000000000000000e+00
-6.056809964100116517e+00 0.000000000000000000e+00
-6.006809964100117583e+00 0.000000000000000000e+00
-5.956809964100116872e+00 0.000000000000000000e+00
-5.906809964100117938e+00 0.000000000000000000e+00
-5.856809964100117227e+00 0.000000000000000000e+00
-5.806809964100116517e+00 0.000000000000000000e+00
-5.756809964100117583e+00 0.000000000000000000e+00
-5.706809964100116872e+00 0.000000000000000000e+00
-5.656809964100117938e+00 0.000000000000000000e+00
-5.606809964100117227e+00 0.000000000000000000e+00
-5.556809964100116517e+00 0.000000000000000000e+00
-5.506809964100117583e+00 0.000000000000000000e+00
-5.456809964100116872e+00 0.000000000000000000e+00
-5.406809964100117938e+00 0.000000000000000000e+00
-5.356809964100117227e+00 0.000000000000000000e+00
-5.306809964100116517e+00 0.000000000000000000e+00
-5.256809964100117583e+00 0.000000000000000000e+00
-5.206809964100116872e+00 0.000000000000000000e+00
-5.156809964100117938e+00 0.000000000000000000e+00
-5.106809964100117227e+00 0.000000000000000000e+00
-5.056809964100116517e+00 0.000000000000000000e+00
-5.006809964100117583e+00 0.000000000000000000e+00
-4.956809964100116872e+00 0.000000000000000000e+00
-4.906809964100117938e+00 0.000000000000000000e+00
-4.856809964100117227e+00 0.000000000000000000e+00
-4.806809964100116517e+00 0.000000000000000000e+00
-4.756809964100117583e+00 0.000000000000000000e+00
-4.706809964100116872e+00 0.000000000000000000e+00
-4.656809964100117938e+00 0.000000000000000000e+00
-4.606809964100117227e+00 0.000000000000000000e+00
-4.556809964100116517e+00 0.000000000000000000e+00
-4.506809964100117583e+00 0.000000000000000000e+00
-4.456809964100116872e+00 0.000000000000000000e+00
-4.406809964100117938e+00 0.000000000000000000e+00
-4.356809964100117227e+00 0.000000000000000000e+00
-4.306809964100116517e+00 0.000000000000000000e+00
-4.256809964100117583e+00 0.000000000000000000e+00
-4.206809964100116872e+00 0.000000000000000000e+00
-4.156809964100117938e+00 0.000000000000000000e+00
-4.106809964100117227e+00 0.000000000000000000e+00
-4.056809964100116517e+00 0.000000000000000000e+00
-4.006809964100117583e+00 0.000000000000000000e+00
-3.956809964100116872e+00 0.000000000000000000e+00
-3.906809964100117938e+00 0.000000000000000000e+00
-3.856809964100117227e+00 0.000000000000000000e+00
-3.806809964100116517e+00 0.000000000000000000e+00
-3.756809964100117583e+00 0.000000000000000000e+00
-3.706809964100116872e+00 0.000000000000000000e+00
-3.656809964100117938e+00 0.000000000000000000e+00
-3.606809964100117227e+00 0.000000000000000000e+00
-3.556809964100118293e+00 0.000000000000000000e+00
-3.506809964100117583e+00 0.000000000000000000e+00
-3.456809964100116872e+00 0.000000000000000000e+00
-3.406809964100116161e+00 0.000000000000000000e+00
-3.356809964100117227e+00 0.000000000000000000e+00
-3.306809964100118293e+00 0.000000000000000000e+00
-3.256809964100117583e+00 0.000000000000000000e+00
-3.206809964100116872e+00 0.000000000000000000e+00
-3.156809964100116161e+00 0.000000000000000000e+00
-3.106809964100117227e+00 0.000000000000000000e+00
-3.056809964100118293e+00 0.000000000000000000e+00
-3.006809964100117583e+00 0.000000000000000000e+00
-2.956809964100116872e+00 0.000000000000000000e+00
-2.906809964100116161e+00 0.000000000000000000e+00
-2.856809964100117227e+00 0.000000000000000000e+00
-2.806809964100118293e+00 0.000000000000000000e+00
-2.756809964100117583e+00 0.000000000000000000e+00
-2.706809964100116872e+00 0.000000000000000000e+00
-2.656809964100116161e+00 0.000000000000000000e+00
-2.606809964100117227e+00 0.000000000000000000e+00
-2.556809964100118293e+00 0.000000000000000000e+00
-2.506809964100117583e+00 0.000000000000000000e+00
-2.456809964100116872e+00 0.000000000000000000e+00
-2.406809964100116161e+00 0.000000000000000000e+00
-2.356809964100117227e+00 0.000000000000000000e+00
-2.306809964100118293e+00 0.000000000000000000e+00
-2.256809964100117583e+00 0.000000000000000000e+00
-2.206809964100116872e+00 0.000000000000000000e+00
-2.156809964100116161e+00 0.000000000000000000e+00
-2.106809964100117227e+00 0.000000000000000000e+00
-2.056809964100116517e+00 0.000000000000000000e+00
-2.006809964100117583e+00 0.000000000000000000e+00
-1.956809964100116872e+00 0.000000000000000000e+00
-1.906809964100116161e+00 0.000000000000000000e+00
-1.856809964100117227e+00 0.000000000000000000e+00
-1.806809964100116517e+00 0.000000000000000000e+00
-1.756809964100117583e+00 0.000000000000000000e+00
-1.706809964100116872e+00 0.000000000000000000e+00
-1.656809964100116161e+00 0.000000000000000000e+00
-1.606809964100117227e+00 0.000000000000000000e+00
-1.556809964100116517e+00 0.000000000000000000e+00
-1.506809964100117583e+00 0.000000000000000000e+00
-1.456809964100116872e+00 0.000000000000000000e+00
-1.406809964100116161e+00 0.000000000000000000e+00
-1.356809964100117227e+00 0.000000000000000000e+00
-1.306809964100116517e+00 0.000000000000000000e+00
-1.256809964100117583e+00 0.000000000000000000e+00
-1.206809964100116872e+00 0.000000000000000000e+00
-1.156809964100116161e+00 0.000000000000000000e+00
-1.106809964100117227e+00 0.000000000000000000e+00
-1.056809964100116517e+00 0.000000000000000000e+00
-1.006809964100117583e+00 0.000000000000000000e+00
-9.568099641001168720e-01 0.000000000000000000e+00
-9.068099641001161615e-01 0.000000000000000000e+00
-8.568099641001172273e-01 0.000000000000000000e+00
-8.068099641001165168e-01 0.000000000000000000e+00
-7.568099641001175826e-01 0.000000000000000000e+00
-7.068099641001168720e-01 0.000000000000000000e+00
-6.568099641001161615e-01 0.000000000000000000e+00
-6.068099641001172273e-01 0.000000000000000000e+00
-5.568099641001165168e-01 0.000000000000000000e+00
-5.068099641001175826e-01 0.000000000000000000e+00
-4.568099641001168720e-01 0.000000000000000000e+00
-4.068099641001161615e-01 0.000000000000000000e+00
-3.568099641001172273e-01 0.000000000000000000e+00
-3.068099641001165168e-01 0.000000000000000000e+00
-2.568099641001175826e-01 0.000000000000000000e+00
-2.068099641001168720e-01 3.192564470560678859e-05
-1.568099641001161615e-01 1.277025788224271543e-04
-1.068099641001172273e-01 2.554051576448543087e-04
-5.680996410011651676e-02 2.873308023504611650e-04
-6.809964100117582575e-03 8.939180517569903514e-04
4.319003589988312797e-02 1.085471919990631164e-03
9.319003589988383851e-02 2.809456734093398154e-03
1.431900358998827727e-01 5.044251863485873545e-03
1.931900358998834832e-01 9.801172924621284407e-03
2.431900358998824174e-01 1.688866604926599416e-02
2.931900358998831280e-01 3.103172665384980669e-02
3.431900358998838385e-01 4.517478725843361576e-02
3.931900358998827727e-01 6.835280531470414034e-02
4.431900358998834832e-01 8.935987953099341907e-02
4.931900358998824174e-01 1.118674590484462078e-01
5.431900358998831280e-01 1.328745332647355004e-01
5.931900358998838385e-01 1.410794239540764106e-01
6.431900358998827727e-01 1.390361826929175926e-01
6.931900358998834832e-01 1.248931220883337800e-01
7.431900358998824174e-01 1.021939887026473426e-01
7.931900358998831280e-01 8.134654270988611602e-02
8.431900358998838385e-01 5.957325302066228401e-02
8.931900358998827727e-01 4.386583582550372673e-02
9.431900358998834832e-01 2.780723653858351713e-02
9.931900358998824174e-01 1.762295587749494741e-02
1.043190035899883128e+00 1.171671160695769362e-02
1.093190035899883839e+00 7.215195703467135874e-03
1.143190035899882773e+00 6.002021204654078151e-03
1.193190035899883483e+00 5.682764757598009371e-03
1.243190035899882417e+00 7.055567479939101917e-03
1.293190035899883128e+00 1.018428066108856972e-02
1.343190035899883839e+00 1.363225028929410110e-02
1.393190035899882773e+00 2.033663567747152900e-02
1.443190035899883483e+00 2.866922894563490171e-02
1.493190035899882417e+00 4.029016361847577443e-02
1.543190035899883128e+00 5.497596018305489496e-02
1.593190035899883839e+00 7.959063225107773643e-02
1.643190035899882773e+00 1.121547898507966878e-01
1.693190035899883483e+00 1.690143630714823764e-01
1.743190035899882417e+00 2.789982090822977767e-01
1.793190035899883128e+00 5.317535382165867741e-01
1.843190035899883839e+00 9.076780046251067269e-01
1.893190035899882773e+00 1.483648560758958901e+00
1.943190035899883483e+00 2.379258671685346105e+00
1.993190035899882417e+00 3.293896466856275573e+00
2.043190035899883128e+00 4.377420922519864810e+00
2.093190035899883839e+00 5.171060524256542834e+00
2.143190035899882773e+00 5.515059345959455683e+00
2.193190035899883483e+00 5.216937675698499532e+00
2.243190035899882417e+00 4.343994772513094738e+00
2.293190035899883128e+00 3.358386269161601323e+00
2.343190035899883839e+00 2.222759161338461631e+00
2.393190035899882773e+00 1.300139954991130997e+00
2.443190035899883483e+00 7.824017748003055939e-01
2.493190035899882417e+00 3.995175178459633991e-01
2.543190035899883128e+00 2.677284565012185702e-01
2.593190035899883839e+00 2.165516480381308728e-01
2.643190035899882773e+00 2.039410183794161946e-01
2.693190035899883483e+00 2.210531639416214444e-01
2.743190035899882417e+00 2.385803428849995744e-01
2.793190035899883128e+00 2.483495901649152571e-01
2.843190035899883839e+00 2.639293047812513726e-01
2.893190035899882773e+00 2.820311453293304349e-01
2.943190035899883483e+00 2.883843486257461342e-01
2.993190035899882417e+00 2.752948342964474104e-01
3.043190035899883128e+00 2.822865504869752629e-01
3.093190035899883839e+00 3.153934440466895639e-01
3.143190035899882773e+00 3.460420629640720280e-01
3.193190035899883483e+00 4.066369366153137488e-01
3.243190035899882417e+00 4.739681212994384940e-01
3.293190035899883128e+00 6.320639138816032121e-01
3.343190035899883839e+00 7.516893045935120199e-01
3.393190035899882773e+00 9.632605520575682201e-01
3.443190035899883483e+00 1.237661468302258649e+00
3.493190035899882417e+00 1.389404057588008001e+00
3.543190035899883128e+00 1.576169079115807614e+00
3.593190035899883839e+00 1.710352563813472893e+00
3.643190035899882773e+00 1.769351155229434092e+00
3.693190035899883483e+00 1.747929047631971988e+00
3.743190035899882417e+00 1.656909034576286910e+00
3.793190035899883128e+00 1.597271930266213502e+00
3.843190035899883839e+00 1.482978122220141026e+00
3.893190035899882773e+00 1.282006188798346269e+00
3.943190035899883483e+00 1.214994260561277795e+00
3.993190035899882417e+00 1.194689550528511779e+00
4.043190035899883128e+00 1.159060531037054531e+00
4.093190035899883839e+00 1.091601643774107400e+00
4.143190035899882773e+00 1.130519004670242245e+00
4.193190035899883483e+00 1.148652770863026973e+00
4.243190035899882417e+00 1.171575383761652489e+00
4.293190035899883128e+00 1.212089026893067523e+00
4.343190035899883839e+00 1.207172477608404293e+00
4.393190035899880996e+00 1.193348673450876474e+00
4.443190035899885260e+00 1.195391914712035319e+00
4.493190035899882417e+00 1.191337357834423072e+00
4.543190035899883128e+00 1.190922324453250081e+00
4.593190035899883839e+00 1.103893016985766140e+00
4.643190035899880996e+00 1.056579211532056917e+00
4.693190035899885260e+00 1.056674988466173692e+00
4.743190035899882417e+00 1.043106589466290757e+00
4.793190035899883128e+00 9.731575019163063445e-01
4.843190035899883839e+00 8.740283751053973260e-01
4.893190035899880996e+00 8.023553027413099503e-01
4.943190035899885260e+00 7.659281421322126082e-01
4.993190035899882417e+00 7.088770150432932571e-01
5.043190035899883128e+00 6.752593111682891891e-01
5.093190035899883839e+00 6.636064508507427684e-01
5.143190035899880996e+00 5.927315196042958201e-01
5.193190035899885260e+00 6.134831886629401598e-01
5.243190035899882417e+00 5.987654664536554705e-01
5.293190035899883128e+00 5.627533392257308975e-01
5.343190035899883839e+00 5.948066865101601097e-01
5.393190035899880996e+00 6.488568029967524131e-01
5.443190035899885260e+00 6.200598714722951321e-01
5.493190035899882417e+00 6.813251836623546165e-01
5.543190035899883128e+00 6.799843065847190893e-01
5.593190035899883839e+00 7.197636598879052494e-01
5.643190035899880996e+00 7.783791435673993453e-01
5.693190035899885260e+00 7.957786199319549780e-01
5.743190035899882417e+00 8.563415679384910328e-01
5.793190035899883128e+00 9.035915221027891464e-01
5.843190035899883839e+00 9.844272544973854400e-01
5.893190035899880996e+00 1.022450697341763304e+00
5.943190035899885260e+00 1.062549307092005346e+00
5.993190035899882417e+00 1.077426657524817921e+00
6.043190035899883128e+00 1.146258347510106246e+00
6.093190035899883839e+00 1.151142971150064032e+00
6.143190035899880996e+00 1.195838873737913532e+00
6.193190035899885260e+00 1.185878072589764409e+00
6.243190035899882417e+00 1.236959104118735331e+00
6.293190035899883128e+00 1.250176321026856607e+00
6.343190035899883839e+00 1.273354339083127007e+00
6.393190035899880996e+00 1.277919706276028577e+00
6.443190035899885260e+00 1.333438402419079072e+00
6.493190035899882417e+00 1.347453760444840221e+00
6.543190035899883128e+00 1.284177132638327778e+00
6.593190035899883839e+00 1.308664102127528261e+00
6.643190035899880996e+00 1.227764518443520636e+00
6.693190035899885260e+00 1.263904348250267429e+00
6.743190035899882417e+00 1.244717035782197501e+00
6.793190035899883128e+00 1.175374535481619631e+00
6.843190035899883839e+00 1.177705107545128804e+00
6.893190035899880996e+00 1.138628118425466296e+00
6.943190035899885260e+00 1.098657211254046473e+00
6.993190035899882417e+00 1.061176504369664153e+00
7.043190035899883128e+00 1.057505055228519453e+00
7.093190035899883839e+00 9.787764153844931148e-01
7.143190035899880996e+00 1.018204586595917505e+00
7.193190035899885260e+00 9.920894092267311670e-01
7.243190035899882417e+00 9.778824973327361336e-01
7.293190035899883128e+00 9.432112471824470878e-01
7.343190035899883839e+00 9.629732212552176707e-01
7.393190035899880996e+00 9.723274351539603622e-01
7.443190035899885260e+00 9.290362609331577204e-01
7.493190035899882417e+00 9.638990649516803177e-01
7.543190035899886681e+00 9.675385884481193521e-01
7.593190035899883839e+00 9.847784365891470992e-01
7.643190035899880996e+00 9.501710377282694964e-01
7.693190035899885260e+00 9.596529542058346296e-01
7.743190035899882417e+00 9.608980543493532700e-01
7.793190035899886681e+00 9.501071864388581645e-01
7.843190035899883839e+00 9.998792665348990027e-01
7.893190035899880996e+00 9.810112105138856231e-01
7.943190035899885260e+00 9.591102182458393077e-01
7.993190035899882417e+00 9.881944805726471381e-01
8.043190035899886681e+00 9.698053092222176375e-01
8.093190035899883839e+00 9.720401043516101458e-01
8.143190035899880996e+00 1.020726712527660451e+00
8.193190035899885260e+00 9.866620496267779483e-01
8.243190035899882417e+00 1.008594967539529819e+00
8.293190035899886681e+00 9.692944989069278705e-01
8.343190035899883839e+00 9.805323258433014111e-01
8.393190035899880996e+00 9.986022407466749184e-01
8.443190035899885260e+00 9.530443457517739914e-01
8.493190035899882417e+00 1.023951202642926717e+00
8.543190035899886681e+00 9.880667779938245854e-01
8.593190035899883839e+00 1.020152050922959575e+00
8.643190035899880996e+00 1.001603251349001855e+00
8.693190035899885260e+00 1.015554758085352116e+00
8.743190035899882417e+00 1.009744290748931572e+00
8.793190035899886681e+00 9.915466732667357341e-01
8.843190035899883839e+00 9.624304852952223488e-01
8.893190035899880996e+00 9.703161195375071824e-01
8.943190035899885260e+00 9.896311345843993301e-01
8.993190035899882417e+00 9.957608583678757563e-01
9.043190035899886681e+00 9.559495794199843743e-01
9.093190035899883839e+00 9.780740512009697962e-01
9.143190035899880996e+00 9.838525928926845632e-01
9.193190035899885260e+00 9.576097129446757839e-01
9.243190035899882417e+00 9.774993895962689194e-01
9.293190035899886681e+00 9.450629345753722710e-01
9.343190035899883839e+00 9.438816857212648515e-01
9.393190035899880996e+00 9.724551377327829149e-01
9.443190035899885260e+00 9.880667779938245854e-01
9.493190035899882417e+00 1.008116082868945718e+00
9.543190035899886681e+00 9.981233560760909285e-01
9.593190035899883839e+00 1.007669123843067283e+00
9.643190035899880996e+00 9.867259009161890582e-01
9.693190035899885260e+00 1.026792585021725657e+00
9.743190035899882417e+00 1.051024149353281256e+00
9.793190035899886681e+00 1.075287639329542522e+00
9.843190035899883839e+00 1.050194082590935496e+00
9.893190035899880996e+00 1.058558601503804431e+00
9.943190035899885260e+00 1.073787134028378887e+00
9.993190035899882417e+00 1.055078706230893282e+00
1.004319003589988668e+01 1.088217525435313249e+00
1.009319003589988384e+01 1.091952825865869059e+00
1.014319003589988100e+01 1.088856038329425235e+00
1.019319003589988526e+01 1.119887764983275247e+00
1.024319003589988242e+01 1.121931006244433870e+00
1.029319003589988668e+01 1.086557391910621728e+00
1.034319003589988384e+01 1.082375132454187039e+00
1.039319003589988100e+01 1.070115684887234186e+00
1.044319003589988526e+01 1.071616190188397599e+00
1.049319003589988242e+01 1.022131440894707088e+00
1.054319003589988668e+01 1.082854017124771140e+00
1.059319003589988384e+01 1.025770964391146345e+00
1.064319003589988100e+01 1.046139525713323248e+00
1.069319003589988526e+01 1.021173671553538886e+00
1.074319003589988242e+01 1.058590527148510096e+00
1.079319003589988668e+01 1.034901698776949708e+00
1.084319003589988384e+01 1.012617598772436400e+00
1.089319003589988100e+01 9.986660920360861393e-01
1.094319003589988526e+01 1.006200544186609314e+00
1.099319003589988242e+01 1.008850372697174480e+00
1.104319003589988668e+01 9.964312969066936310e-01
1.109319003589988384e+01 1.003391087452515817e+00
1.114319003589988100e+01 9.710504093657362779e-01
1.119319003589988526e+01 1.003646492610160701e+00
1.124319003589988242e+01 9.773716870174463667e-01
1.129319003589988668e+01 9.873644138103012668e-01
1.134319003589988384e+01 9.723593607986660281e-01
1.139319003589988100e+01 9.936856914620113557e-01
1.144319003589988526e+01 9.455098936012508171e-01
1.149319003589988242e+01 9.183411699567795017e-01
1.154319003589988668e+01 9.041023324180788023e-01
1.159319003589988384e+01 9.493090453212178481e-01
1.164319003589988100e+01 9.345913231119333808e-01
1.169319003589988526e+01 9.225553550579195239e-01
1.174319003589988242e+01 9.523100559235448959e-01
1.179319003589988668e+01 9.541298176717647461e-01
1.184319003589988384e+01 9.624304852952223488e-01
1.189319003589988100e+01 9.504264428859142688e-01
1.194319003589988526e+01 9.714015914574978261e-01
1.199319003589988242e+01 9.740514199680633256e-01
1.204319003589988668e+01 9.776270921750911391e-01
1.209319003589988384e+01 9.477127630859377705e-01
1.214319003589988100e+01 9.940049479090675710e-01
1.219319003589988526e+01 9.637394367281522101e-01
1.224319003589988242e+01 1.050992223708575812e+00
1.229319003589988668e+01 1.004795815819562677e+00
1.234319003589988384e+01 1.006360172410137421e+00
1.239319003589988100e+01 1.025770964391146345e+00
1.244319003589988526e+01 9.797022590809556508e-01
1.249319003589988242e+01 9.962397430384600794e-01
1.254319003589988668e+01 9.949627172502356620e-01
1.259319003589988384e+01 9.552152895917552788e-01
1.264319003589988100e+01 1.021461002355889436e+00
1.269319003589988526e+01 1.040935645626309469e+00
1.274319003589988242e+01 1.075255713684836634e+00
1.279319003589988668e+01 1.032315721555795651e+00
1.284319003589988384e+01 1.049076685026239186e+00
1.289319003589988100e+01 1.053833606087374752e+00
1.294319003589988526e+01 1.010670134445394108e+00
1.299319003589988242e+01 1.035348657802828365e+00
1.304319003589988668e+01 1.068423625717837000e+00
1.309319003589988384e+01 1.028931603217001278e+00
1.314319003589988100e+01 1.062198125000243687e+00
1.319319003589988526e+01 1.027239544047604314e+00
1.324319003589988242e+01 1.050736818550930707e+00
1.329319003589988668e+01 1.058367047635570657e+00
1.334319003589988384e+01 1.023344615393520174e+00
1.339319003589988100e+01 1.061751165974365252e+00
1.344319003589988526e+01 1.042116894480416889e+00
1.349319003589988242e+01 1.082407058098892705e+00
1.354319003589988668e+01 1.024110830866454824e+00
1.359319003589988384e+01 1.038509296628683520e+00
1.364319003589988100e+01 1.032634978002851867e+00
1.369319003589988526e+01 9.983468355890300350e-01
1.374319003589988242e+01 1.044255912675692510e+00
1.379319003589988668e+01 1.046969592475669231e+00
1.384319003589988384e+01 1.042180745769828221e+00
1.389319003589988100e+01 1.031709134306389108e+00
1.394319003589988526e+01 1.044096284452164625e+00
1.399319003589988242e+01 1.024174682155865934e+00
1.404319003589988668e+01 9.959204865914039750e-01
1.409319003589988384e+01 1.018364214819445390e+00
1.414319003589988100e+01 1.036944940038108554e+00
1.419319003589988526e+01 9.862150906008994022e-01
1.424319003589988242e+01 1.010638208800688664e+00
1.429319003589988668e+01 1.020822489461777227e+00
1.434319003589988384e+01 9.717208479045540415e-01
1.439319003589988100e+01 1.007637198198361617e+00
1.444319003589988526e+01 1.020439381725309902e+00
1.449319003589988242e+01 1.027878056941716522e+00
1.454319003589988668e+01 1.025164377141739802e+00
1.459319003589988384e+01 1.003454938741927149e+00
1.464319003589988100e+01 1.011883308944207194e+00
1.469319003589988526e+01 1.035412509092239475e+00
1.474319003589988242e+01 9.980914304313852625e-01
1.479319003589988668e+01 9.810750618032968440e-01
1.484319003589988384e+01 1.013862698915954708e+00
1.489319003589988100e+01 9.986660920360861393e-01
1.494319003589988526e+01 9.922809630949648296e-01
1.499319003589988242e+01 1.014373509231244697e+00
1.504319003589988668e+01 1.021141745908833220e+00
1.509319003589988384e+01 9.811069874480022879e-01
1.514319003589988100e+01 9.729340224033671269e-01
1.519319003589988526e+01 9.722316582198436974e-01
1.524319003589988242e+01 9.956331557890534256e-01
1.529319003589988668e+01 9.618558236905214720e-01
1.534319003589988384e+01 9.763819920315726097e-01
1.539319003589988100e+01 9.799257385938950904e-01
1.544319003589988526e+01 9.660061575022503844e-01
1.549319003589988242e+01 9.994642331537262336e-01
1.554319003589988668e+01 9.709865580763250570e-01
1.559319003589988384e+01 9.544809997635262944e-01
1.564319003589988100e+01 9.769247279915680426e-01
1.569319003589988526e+01 9.546087023423487361e-01
1.574319003589988242e+01 9.907804577938011947e-01
1.579319003589988668e+01 9.622708570716943521e-01
1.584319003589988384e+01 1.008211859803062715e+00
1.589319003589988100e+01 1.023631946195870501e+00
1.594319003589988526e+01 9.731575019163063445e-01
1.599319003589988242e+01 1.029059305795823498e+00
1.604319003589988668e+01 1.011117093471272765e+00
1.609319003589988384e+01 9.951223454737638807e-01
1.614319003589988100e+01 1.037328047774575879e+00
1.619319003589988526e+01 1.077235103656584592e+00
1.624319003589988242e+01 1.046299153936851356e+00
1.629319003589988668e+01 1.045788343621561811e+00
1.634319003589988384e+01 1.041031422560426245e+00
1.639319003589988100e+01 1.007860677711300834e+00
1.644319003589988526e+01 1.043936656228636517e+00
1.649319003589988242e+01 1.057792386030870002e+00
1.654319003589988668e+01 1.044096284452164625e+00
1.659319003589988384e+01 1.052013844339155124e+00
1.664319003589988100e+01 1.039115883878089841e+00
1.669319003589988526e+01 1.047384625856842000e+00
1.674319003589988242e+01 1.051183777576809142e+00
1.679319003589988668e+01 1.049044759381533520e+00
1.684319003589988384e+01 1.018076884017095063e+00
1.689319003589988100e+01 1.078991014115392666e+00
1.694319003589988526e+01 1.038413519694566745e+00
1.699319003589988242e+01 1.102137106526957844e+00
1.704319003589988668e+01 1.062261976289654797e+00
1.709319003589988384e+01 1.073276323713089120e+00
1.714319003589988100e+01 1.027239544047604314e+00
1.719319003589988526e+01 1.050832595485047483e+00
1.724319003589988242e+01 1.002529095045464391e+00
1.729319003589988668e+01 1.023504243617048282e+00
1.734319003589988384e+01 1.074840680303663865e+00
1.739319003589988100e+01 9.899823166761611004e-01
1.744319003589988526e+01 1.003742269544277699e+00
1.749319003589988242e+01 1.030432108518164913e+00
1.754319003589988668e+01 1.002752574558403609e+00
1.759319003589988384e+01 9.852892469044367552e-01
1.764319003589988100e+01 1.009233480433642027e+00
1.769319003589988526e+01 1.008148008513651384e+00
1.774319003589988242e+01 9.913551193985021825e-01
1.779319003589988668e+01 9.975806201160953846e-01
1.784319003589988384e+01 1.040137504508669153e+00
1.789319003589988100e+01 9.815220208291751680e-01
1.794319003589988526e+01 9.773397613727408118e-01
1.799319003589988242e+01 1.000262374271366550e+00
1.804319003589988668e+01 9.786167871609651181e-01
1.809319003589988384e+01 9.861512393114881814e-01
1.814319003589988100e+01 9.881306292832359173e-01
1.819319003589988526e+01 9.880029267044134755e-01
1.824319003589988242e+01 9.912274168196797408e-01
1.829319003589988668e+01 9.922171118055534977e-01
1.834319003589988384e+01 1.013990401494777371e+00
1.839319003589988100e+01 1.012968780864197837e+00
1.844319003589988526e+01 9.706353759845632867e-01
1.849319003589988242e+01 1.014405434875950363e+00
1.854319003589988668e+01 9.825436414597545909e-01
1.859319003589988384e+01 9.668362242645962557e-01
1.864319003589988100e+01 9.898226884526329927e-01
1.869319003589988526e+01 1.013990401494777371e+00
1.874319003589988242e+01 1.014501211810067138e+00
1.879319003589988668e+01 1.023344615393520174e+00
1.884319003589988384e+01 1.015554758085352116e+00
1.889319003589988100e+01 1.037966560668688087e+00
1.894319003589988526e+01 1.022929582012347183e+00
1.899319003589988242e+01 9.578012668129094465e-01
1.904319003589988668e+01 1.026952213245253764e+00
1.909319003589988384e+01 1.020822489461777227e+00
1.914319003589988100e+01 1.009840067683048570e+00
1.919319003589988526e+01 1.047193071988608226e+00
1.924319003589988242e+01 1.012074862812440967e+00
1.929319003589988668e+01 9.953458249867029872e-01
1.934319003589988384e+01 1.057217724426169125e+00
1.939319003589988100e+01 1.025930592614674230e+00
1.944319003589988526e+01 1.030049000781697588e+00
1.949319003589988242e+01 1.049587495341528953e+00
1.954319003589988668e+01 1.026696808087608659e+00
1.959319003589988384e+01 1.016831783873576533e+00
1.964319003589988100e+01 1.033337342186374963e+00
1.969319003589988526e+01 9.800853668174229760e-01
1.974319003589988242e+01 9.963035943278710782e-01
1.979319003589988668e+01 1.027399172271132199e+00
1.984319003589988384e+01 9.705715246951520658e-01
1.989319003589988100e+01 9.764458433209837196e-01
1.994319003589988526e+01 9.669000755540073655e-01
1.999319003589988242e+01 1.015043947770062349e+00
2.004319003589988668e+01 1.023823500064104275e+00
2.009319003589988384e+01 1.003678418254866367e+00
2.014319003589988100e+01 9.985064638125579206e-01
2.019319003589988526e+01 1.023440392327636950e+00
2.024319003589988242e+01 1.005051220977207560e+00
2.029319003589988668e+01 9.965270738408104068e-01
2.034319003589988384e+01 1.018587694332384830e+00
2.039319003589988810e+01 1.007701049487772726e+00
2.044319003589988526e+01 9.987299433254971381e-01
2.049319003589988242e+01 1.037455750353398098e+00
2.054319003589987958e+01 9.714973683916148239e-01
2.059319003589988384e+01 1.036114873275763015e+00
2.064319003589988810e+01 9.914508963326189583e-01
2.069319003589988526e+01 1.025930592614674230e+00
2.074319003589988242e+01 1.037998486313393531e+00
2.079319003589987958e+01 9.852253956150256453e-01
2.084319003589988384e+01 9.912912681090908507e-01
2.089319003589988810e+01 1.032634978002851867e+00
2.094319003589988526e+01 1.040999496915720801e+00
2.099319003589988242e+01 1.027686503073482749e+00
2.104319003589987958e+01 1.010031621551282122e+00
2.109319003589988384e+01 1.023919276998221051e+00
2.114319003589988810e+01 1.050194082590935496e+00
2.119319003589988526e+01 1.021014043330010779e+00
2.124319003589988242e+01 1.072829364687210685e+00
2.129319003589987958e+01 1.057568906517930785e+00
2.134319003589988384e+01 1.036274501499290901e+00
2.139319003589988810e+01 1.067689335889608016e+00
2.144319003589988526e+01 1.035252880868711367e+00
2.149319003589988242e+01 1.064241366261402311e+00
2.154319003589987958e+01 1.077394731880112477e+00
2.159319003589988384e+01 1.011787532010090640e+00
2.164319003589988810e+01 1.023695797485281833e+00
2.169319003589988526e+01 1.004380782438389685e+00
2.174319003589988242e+01 9.912593424643854068e-01
2.179319003589987958e+01 9.838525928926845632e-01
2.184319003589988384e+01 9.754561483351099627e-01
2.189319003589988810e+01 9.818732029209369383e-01
2.194319003589988526e+01 9.683686552104652234e-01
2.199319003589988242e+01 9.972294380243338363e-01
2.204319003589987958e+01 9.460207039165404730e-01
2.209319003589988384e+01 9.605787979022971657e-01
2.214319003589988810e+01 9.631967007681568882e-01
2.219319003589988526e+01 9.644737265563811945e-01
2.224319003589988242e+01 9.771482075045072602e-01
2.229319003589987958e+01 9.861831649561937363e-01
2.234319003589988384e+01 1.003007979716048714e+00
2.239319003589988810e+01 9.883221831514694689e-01
2.244319003589988526e+01 9.844911057867966608e-01
2.249319003589988242e+01 9.929514016337824822e-01
2.254319003589987958e+01 9.684005808551707783e-01
2.259319003589988384e+01 9.926002195420208229e-01
2.264319003589988810e+01 1.004316931148978354e+00
2.269319003589988526e+01 1.013032632153609169e+00
2.274319003589988242e+01 1.027973833875833076e+00
2.279319003589987958e+01 1.000805110231361761e+00
2.284319003589988384e+01 9.786487128056706730e-01
2.289319003589988810e+01 9.884498857302919106e-01
2.294319003589988526e+01 1.015905940177113775e+00
2.299319003589988242e+01 1.041542232875716012e+00
2.304319003589987958e+01 9.932387324361330316e-01
2.309319003589988384e+01 1.008211859803062715e+00
2.314319003589988810e+01 1.041350679007482460e+00
2.319319003589988526e+01 1.033209639607552743e+00
2.324319003589988242e+01 1.000837035876067427e+00
2.329319003589987958e+01 1.021397151066478104e+00
2.334319003589988384e+01 1.013511516824193048e+00
2.339319003589988810e+01 9.908443090832124156e-01
2.344319003589988526e+01 1.062900489183766783e+00
2.349319003589988242e+01 1.034933624421655374e+00
2.354319003589987958e+01 1.041063348205131689e+00
2.359319003589988384e+01 1.030942918833454458e+00
2.364319003589988810e+01 1.014373509231244697e+00
2.369319003589988526e+01 1.006392098054842865e+00
2.374319003589988242e+01 9.872367112314789361e-01
2.379319003589987958e+01 9.985703151019692525e-01
2.384319003589988384e+01 1.021365225421772660e+00
2.389319003589988810e+01 9.876198189679462613e-01
2.394319003589988526e+01 1.005019295332501894e+00
2.399319003589988242e+01 9.850976930362032036e-01
2.404319003589987958e+01 9.563007615117458116e-01
2.409319003589988384e+01 9.926959964761377098e-01
2.414319003589988810e+01 9.890883986244041193e-01
2.419319003589988526e+01 1.012585673127730734e+00
2.424319003589988242e+01 9.936537658173056897e-01
2.429319003589987958e+01 9.988895715490253568e-01
2.434319003589988384e+01 9.788083410291986697e-01
2.439319003589988810e+01 9.804684745538903012e-01
2.444319003589988526e+01 1.010031621551282122e+00
2.449319003589988242e+01 9.980275791419740417e-01
2.454319003589987958e+01 9.615684928881709226e-01
2.459319003589988384e+01 9.858958341538435199e-01
2.464319003589988810e+01 9.741471969021802124e-01
2.469319003589988526e+01 9.998792665348990027e-01
2.474319003589988242e+01 9.907166065043899739e-01
2.479319003589987958e+01 1.075958077868360174e+00
2.484319003589988384e+01 9.893757294267545577e-01
2.489319003589988810e+01 1.021269448487655884e+00
2.494319003589988526e+01 1.009361183012464469e+00
2.499319003589988242e+01 1.019385835450024924e+00
2.504319003589987958e+01 1.036434129722819009e+00
2.509319003589988384e+01 1.004955444043090562e+00
2.514319003589988810e+01 1.005593956937202771e+00
2.519319003589988526e+01 1.028867751927590168e+00
2.524319003589988242e+01 1.045373310240388820e+00
2.529319003589987958e+01 1.073404026291911562e+00
2.534319003589988384e+01 1.060186809383790507e+00
2.539319003589988810e+01 1.031357952214627449e+00
2.544319003589988526e+01 1.031326026569921783e+00
2.549319003589988242e+01 1.005338551779557887e+00
2.554319003589987958e+01 1.028325015967594735e+00
2.559319003589988384e+01 1.045469087174505596e+00
2.564319003589988810e+01 1.046554559094496462e+00
2.569319003589988526e+01 1.089302997355303892e+00
2.574319003589988242e+01 1.075447267553070407e+00
2.579319003589987958e+01 1.043298143334524308e+00
2.584319003589988384e+01 1.010446654932455113e+00
2.589319003589988810e+01 1.001954433440763514e+00
2.594319003589988526e+01 1.068232071849603226e+00
2.599319003589988242e+01 1.033050011384024414e+00
2.604319003589987958e+01 1.016416750492403542e+00
2.609319003589988384e+01 9.994642331537262336e-01
2.614319003589988810e+01 1.051503034023865357e+00
2.619319003589988526e+01 1.036178724565174125e+00
2.624319003589988242e+01 1.059803701647322960e+00
2.629319003589987958e+01 9.662296370151896019e-01
2.634319003589988384e+01 1.010893613958333326e+00
2.639319003589988810e+01 1.003901897767805584e+00
2.644319003589988526e+01 9.910997142408572991e-01
2.649319003589988242e+01 9.976444714055066054e-01
2.654319003589987958e+01 9.958247096572870882e-01
2.659319003589988384e+01 1.006168618541903648e+00
2.664319003589988810e+01 9.917063014902638418e-01
2.669319003589988526e+01 9.701564913139792967e-01
2.674319003589988242e+01 1.036657609235758226e+00
2.679319003589988668e+01 1.021077894619421889e+00
2.684319003589988384e+01 9.817774259868200515e-01
2.689319003589988810e+01 1.030049000781697588e+00
2.694319003589988526e+01 1.021014043330010779e+00
2.699319003589988242e+01 9.810112105138856231e-01
2.704319003589988668e+01 9.829906004856331370e-01
2.709319003589988384e+01 9.815539464738808340e-01
2.714319003589988810e+01 1.022099515250001422e+00
2.719319003589988526e+01 1.002656797624286833e+00
2.724319003589988242e+01 1.050066380012113054e+00
2.729319003589988668e+01 1.060921099212019492e+00
2.734319003589988384e+01 1.042627704795706878e+00
2.739319003589988810e+01 1.020120125278253909e+00
2.744319003589988526e+01 1.016927560807693087e+00
2.749319003589988242e+01 9.786487128056706730e-01
2.754319003589988668e+01 1.021524853645300546e+00
2.759319003589988384e+01 1.005849362094847432e+00
2.764319003589988810e+01 1.005146997911324336e+00
2.769319003589988526e+01 1.011021316537155990e+00
2.774319003589988242e+01 1.015363204217118565e+00
2.779319003589988668e+01 1.016544453071225984e+00
2.784319003589988384e+01 9.315583868649006671e-01
2.789319003589988810e+01 9.678897705398812334e-01
2.794319003589988526e+01 9.900142423208667664e-01
2.799319003589988242e+01 9.851934699703200904e-01
2.804319003589988668e+01 9.932706580808385866e-01
2.809319003589988384e+01 9.214060318485175483e-01
2.814319003589988810e+01 1.007062536593660740e+00
2.819319003589988526e+01 9.151166798415131254e-01
2.824319003589988242e+01 9.330269665213585251e-01
2.829319003589988668e+01 9.565242410246850291e-01
2.834319003589988384e+01 9.528527918835403288e-01
2.839319003589988810e+01 9.947711633820019994e-01
2.844319003589988526e+01 9.852573212597313113e-01
2.849319003589988242e+01 9.617281211116990303e-01
2.854319003589988668e+01 9.973571406031562780e-01
2.859319003589988384e+01 9.644098752669699737e-01
2.864319003589988810e+01 1.008435339316001711e+00
2.869319003589988526e+01 9.677301423163531258e-01
2.874319003589988242e+01 1.033337342186374963e+00
2.879319003589988668e+01 9.929194759890769273e-01
2.884319003589988384e+01 1.052780059812089775e+00
2.889319003589988810e+01 1.011500201207740091e+00
2.894319003589988526e+01 1.015586683730057782e+00
2.899319003589988242e+01 1.060569917120257832e+00
2.904319003589988668e+01 1.013256111666548609e+00
2.909319003589988384e+01 1.052524654654444891e+00
2.914319003589988810e+01 1.007254090461894513e+00
2.919319003589988526e+01 1.017023337741810085e+00
2.924319003589988242e+01 1.034135483304015279e+00
2.929319003589988668e+01 1.042627704795706878e+00
2.934319003589988384e+01 1.019162355937085707e+00
2.939319003589988810e+01 1.057249650070874569e+00
2.944319003589988526e+01 1.068136294915486451e+00
2.949319003589988242e+01 1.050736818550930707e+00
2.954319003589988668e+01 1.052141546917977344e+00
2.959319003589988384e+01 1.051854216115627016e+00
2.964319003589988810e+01 1.055844921703827932e+00
2.969319003589988526e+01 1.063347448209645663e+00
2.974319003589988242e+01 1.048023138750953986e+00
2.979319003589988668e+01 1.054216713823841856e+00
2.984319003589988384e+01 1.068455551362542444e+00
2.989319003589988810e+01 1.030049000781697588e+00
2.994319003589988526e+01 1.026952213245253764e+00
2.999319003589988242e+01 1.048757428579183193e+00
3.004319003589988668e+01 1.010606283155983220e+00
3.009319003589988384e+01 9.861193136667827375e-01
3.014319003589988810e+01 9.763819920315726097e-01
3.019319003589988526e+01 1.038924330009856289e+00
3.024319003589988242e+01 1.011819457654796084e+00
3.029319003589988668e+01 9.446159755494937249e-01
3.034319003589988384e+01 9.754561483351099627e-01
3.039319003589988810e+01 9.341443640860547237e-01
3.044319003589988526e+01 9.588548130881944243e-01
3.049319003589988242e+01 9.245347450296671488e-01
3.054319003589988668e+01 9.510649557800263665e-01
3.059319003589988384e+01 9.838525928926845632e-01
3.064319003589988810e+01 9.707630785633858395e-01
3.069319003589988526e+01 9.560772819988065940e-01
3.074319003589988242e+01 9.695499040645726430e-01
3.079319003589988668e+01 9.854169494832591969e-01
3.084319003589988384e+01 1.032826531871085196e+00
3.089319003589988810e+01 1.047703882303898215e+00
3.094319003589988526e+01 1.071233082451930496e+00
3.099319003589988242e+01 1.105425447931635219e+00
3.104319003589988668e+01 1.121739452376200097e+00
3.109319003589988384e+01 1.094985762112901773e+00
3.114319003589988810e+01 1.133073056246690857e+00
3.119319003589988526e+01 1.135531330889022250e+00
3.124319003589988242e+01 1.155452933185321163e+00
3.129319003589988668e+01 1.102807545065775496e+00
3.134319003589988384e+01 1.138181159399587639e+00
3.139319003589988810e+01 1.140990616133681135e+00
3.144319003589988526e+01 1.122346039625607084e+00
3.149319003589988242e+01 1.097635590623467161e+00
3.154319003589988668e+01 1.085088812254163759e+00
3.159319003589988384e+01 1.129561235329074043e+00
3.164319003589988810e+01 1.073116695489561234e+00
3.169319003589988526e+01 1.071616190188397599e+00
3.174319003589988242e+01 1.042563853506295546e+00
3.179319003589988668e+01 1.038541222273388964e+00
3.184319003589988384e+01 1.040265207087491595e+00
3.189319003589988810e+01 1.055493739612066051e+00
3.194319003589988526e+01 1.050672967261519597e+00
3.199319003589988242e+01 9.945476838690627819e-01
3.204319003589988313e+01 9.778186460433249128e-01
3.209319003589988029e+01 9.476808374412321045e-01
3.214319003589989165e+01 9.107109408721394406e-01
3.219319003589988881e+01 8.605876786843367210e-01
3.224319003589988597e+01 8.347279064727951559e-01
3.229319003589988313e+01 8.045262465812912378e-01
3.234319003589988029e+01 7.993223664942773476e-01
3.239319003589989165e+01 7.580105822452221087e-01
3.244319003589988881e+01 7.402599237889045947e-01
3.249319003589988597e+01 7.167307236408725357e-01
3.254319003589988313e+01 7.651619266592779578e-01
3.259319003589988029e+01 7.277131454196011928e-01
3.264319003589989165e+01 7.334916871113160708e-01
3.269319003589988881e+01 7.277131454196011928e-01
3.274319003589988597e+01 7.482732606100118700e-01
3.279319003589988313e+01 7.636614213581144339e-01
3.284319003589988029e+01 7.979176381272305996e-01
3.289319003589989165e+01 8.542983266773320761e-01
3.294319003589988881e+01 9.231300166626204007e-01
3.299319003589988597e+01 9.951542711184693246e-01
3.304319003589988313e+01 1.015682460664174558e+00
3.309319003589988029e+01 1.062740860960238898e+00
3.314319003589989165e+01 1.150089424874779054e+00
3.319319003589988881e+01 1.184984154538007317e+00
3.324319003589988597e+01 1.229743908415267928e+00
3.329319003589988313e+01 1.282772404271280697e+00
3.334319003589988029e+01 1.282676627337164366e+00
3.339319003589989165e+01 1.332065599696737879e+00
3.344319003589988881e+01 1.280697237365416186e+00
3.349319003589988597e+01 1.279515988511309210e+00
3.354319003589988313e+01 1.195647319869679981e+00
3.359319003589988029e+01 1.144789767853648499e+00
3.364319003589989165e+01 1.106862101943387522e+00
3.369319003589988881e+01 1.116152464552719215e+00
3.374319003589988597e+01 1.039083958233384397e+00
3.379319003589988313e+01 1.034710144908716156e+00
3.384319003589988029e+01 1.024749343760566811e+00
3.389319003589989165e+01 1.081193883600079619e+00
3.394319003589988881e+01 1.110980510110410657e+00
3.399319003589988597e+01 1.179620646227465430e+00
3.404319003589988313e+01 1.281208047680706175e+00
3.409319003589988029e+01 1.421904363898315315e+00
3.414319003589989165e+01 1.454500447142739628e+00
3.419319003589988881e+01 1.477550762620188030e+00
3.424319003589988597e+01 1.479625929526052763e+00
3.429319003589988313e+01 1.450797072356889483e+00
3.434319003589988029e+01 1.292956684932369482e+00
3.439319003589989165e+01 1.160880292785274381e+00
3.444319003589988881e+01 9.838525928926845632e-01
3.449319003589988597e+01 7.929053119084503720e-01
3.454319003589988313e+01 6.574448014225607873e-01
3.459319003589988029e+01 5.231655397907785110e-01
3.464319003589989165e+01 4.678703231606675672e-01
3.469319003589988881e+01 4.360085297444720176e-01
3.474319003589988597e+01 4.003475846083092149e-01
3.479319003589988313e+01 3.632180598156885543e-01
3.484319003589988029e+01 3.736896712791274444e-01
3.489319003589989165e+01 3.577268489263241702e-01
3.494319003589988881e+01 3.388907185500161234e-01
3.499319003589988597e+01 3.293768764277452687e-01
3.504319003589988313e+01 2.866603638116433928e-01
3.509319003589988029e+01 2.806264169622837423e-01
3.514319003589989165e+01 2.398892943179294357e-01
3.519319003589988881e+01 2.185310380098784977e-01
3.524319003589988597e+01 2.073251367182105120e-01
3.529319003589988313e+01 2.533938420284010951e-01
3.534319003589988029e+01 3.756690612508751248e-01
3.539319003589989165e+01 6.439083280673835175e-01
3.544319003589988881e+01 1.115641654237429448e+00
3.549319003589988597e+01 1.851687392925194020e+00
3.554319003589988313e+01 2.783437333658328683e+00
3.559319003589988029e+01 3.759947028268722846e+00
3.564319003589989165e+01 4.606327795059065089e+00
3.569319003589988881e+01 5.068547279106839554e+00
3.574319003589988597e+01 5.104304001177118799e+00
3.579319003589988313e+01 4.466972355919090809e+00
3.584319003589988029e+01 3.581418823074970614e+00
3.589319003589989165e+01 2.736187379494030569e+00
3.594319003589988881e+01 1.849516449085212511e+00
3.599319003589988597e+01 1.291679659144145065e+00
3.604319003589988313e+01 8.046858748048192345e-01
3.609319003589988029e+01 4.921018874922231112e-01
3.614319003589989165e+01 3.175005365972596305e-01
3.619319003589988881e+01 2.119224295558179150e-01
3.624319003589988597e+01 1.456447911469782031e-01
3.629319003589988313e+01 1.028963528861706750e-01
3.634319003589988029e+01 9.009416935922236191e-02
3.639319003589989165e+01 6.736311032883032790e-02
3.644319003589988881e+01 4.527056419255042624e-02
3.649319003589988597e+01 3.068054456208812661e-02
3.654319003589988313e+01 2.139018195275654843e-02
3.659319003589988029e+01 1.548393768221929465e-02
3.664319003589989165e+01 1.347262206576606627e-02
3.669319003589988881e+01 9.673470345798858283e-03
3.674319003589988597e+01 8.907254872864296333e-03
3.679319003589988313e+01 9.130734385803543351e-03
3.684319003589988029e+01 9.354213898742790370e-03
3.689319003589989165e+01 9.928875503443712267e-03
3.694319003589988881e+01 1.200404240930815630e-02
3.699319003589988597e+01 1.050353710814463590e-02
3.704319003589988313e+01 8.045262465812910019e-03
3.709319003589988029e+01 6.512831519943786118e-03
3.714319003589989165e+01 5.842392981126043328e-03
3.719319003589988881e+01 5.363508310541940591e-03
3.724319003589988597e+01 4.820772350546625659e-03
3.729319003589988313e+01 3.767226075261601460e-03
3.734319003589988029e+01 3.671449141144781433e-03
3.739319003589989165e+01 2.777531089387790322e-03
3.744319003589988881e+01 1.308951432929878617e-03
3.749319003589988597e+01 1.085471919990631164e-03
3.754319003589988313e+01 6.385128941121359343e-04
3.759319003589988029e+01 3.831077364672814630e-04
3.764319003589989165e+01 1.596282235280339836e-04
3.769319003589988881e+01 9.577693411682036576e-05
3.774319003589988597e+01 1.915538682336407315e-04
3.779319003589988313e+01 3.192564470560678859e-05
3.784319003589988029e+01 0.000000000000000000e+00
3.789319003589989165e+01 0.000000000000000000e+00
3.794319003589988881e+01 0.000000000000000000e+00
3.799319003589988597e+01 0.000000000000000000e+00
3.804319003589988313e+01 0.000000000000000000e+00
3.809319003589988029e+01 0.000000000000000000e+00
3.814319003589989165e+01 0.000000000000000000e+00
3.819319003589988881e+01 0.000000000000000000e+00
3.824319003589988597e+01 0.000000000000000000e+00
3.829319003589988313e+01 0.000000000000000000e+00
