-3.060805111322201100e+01 0.000000000000000000e+00
-3.055805111322201029e+01 0.000000000000000000e+00
-3.050805111322200958e+01 0.000000000000000000e+00
-3.045805111322200887e+01 0.000000000000000000e+00
-3.040805111322200815e+01 0.000000000000000000e+00
-3.035805111322201100e+01 0.000000000000000000e+00
-3.030805111322201029e+01 0.000000000000000000e+00
-3.025805111322200958e+01 0.000000000000000000e+00
-3.020805111322200887e+01 0.000000000000000000e+00
-3.015805111322200815e+01 0.000000000000000000e+00
-3.010805111322201100e+01 0.000000000000000000e+00
-3.005805111322201029e+01 0.000000000000000000e+00
-3.000805111322200958e+01 0.000000000000000000e+00
-2.995805111322200887e+01 0.000000000000000000e+00
-2.990805111322200815e+01 0.000000000000000000e+00
-2.985805111322201100e+01 0.000000000000000000e+00
-2.980805111322201029e+01 0.000000000000000000e+00
-2.975805111322200958e+01 0.000000000000000000e+00
-2.970805111322200887e+01 0.000000000000000000e+00
-2.965805111322200815e+01 0.000000000000000000e+00
-2.960805111322201100e+01 0.000000000000000000e+00
-2.955805111322201029e+01 0.000000000000000000e+00
-2.950805111322200958e+01 0.000000000000000000e+00
-2.945805111322200887e+01 0.000000000000000000e+00
-2.940805111322200815e+01 0.000000000000000000e+00
-2.935805111322201100e+01 0.000000000000000000e+00
-2.930805111322201029e+01 0.000000000000000000e+00
-2.925805111322200958e+01 0.000000000000000000e+00
-2.920805111322200887e+01 0.000000000000000000e+00
-2.915805111322200815e+01 0.000000000000000000e+00
-2.910805111322201100e+01 0.000000000000000000e+00
-2.905805111322201029e+01 0.000000000000000000e+00
-2.900805111322200958e+01 0.000000000000000000e+00
-2.895805111322200887e+01 0.000000000000000000e+00
-2.890805111322200815e+01 0.000000000000000000e+00
-2.885805111322201100e+01 0.000000000000000000e+00
-2.880805111322201029e+01 0.000000000000000000e+00
-2.875805111322200958e+01 0.000000000000000000e+00
-2.870805111322200887e+01 0.000000000000000000e+00
-2.865805111322200815e+01 0.000000000000000000e+00
-2.860805111322201100e+01 0.000000000000000000e+00
-2.855805111322201029e+01 0.000000000000000000e+00
-2.850805111322200958e+01 0.000000000000000000e+00
-2.845805111322200887e+01 0.000000000000000000e+00
-2.840805111322200815e+01 0.000000000000000000e+00
-2.835805111322201100e+01 0.000000000000000000e+00
-2.830805111322201029e+01 0.000000000000000000e+00
-2.825805111322200958e+01 0.000000000000000000e+00
-2.820805111322200887e+01 0.000000000000000000e+00
-2.815805111322200815e+01 0.000000000000000000e+00
-2.810805111322201100e+01 0.000000000000000000e+00
-2.805805111322201029e+01 0.000000000000000000e+00
-2.800805111322200958e+01 0.000000000000000000e+00
-2.795805111322200887e+01 0.000000000000000000e+00
-2.790805111322200815e+01 0.000000000000000000e+00
-2.785805111322201100e+01 0.000000000000000000e+00
-2.780805111322201029e+01 0.000000000000000000e+00
-2.775805111322200958e+01 0.000000000000000000e+00
-2.770805111322200887e+01 0.000000000000000000e+00
-2.765805111322200815e+01 0.000000000000000000e+00
-2.760805111322201100e+01 0.000000000000000000e+00
-2.755805111322201029e+01 0.000000000000000000e+00
-2.750805111322200958e+01 0.000000000000000000e+00
-2.745805111322200887e+01 0.000000000000000000e+00
-2.740805111322200815e+01 0.000000000000000000e+00
-2.735805111322201100e+01 0.000000000000000000e+00
-2.730805111322201029e+01 0.000000000000000000e+00
-2.725805111322200958e+01 0.000000000000000000e+00
-2.720805111322200887e+01 0.000000000000000000e+00
-2.715805111322200815e+01 0.000000000000000000e+00
-2.710805111322201100e+01 0.000000000000000000e+00
-2.705805111322201029e+01 0.000000000000000000e+00
-2.700805111322200958e+01 0.000000000000000000e+00
-2.695805111322200887e+01 0.000000000000000000e+00
-2.690805111322200815e+01 0.000000000000000000e+00
-2.685805111322201100e+01 0.000000000000000000e+00
-2.680805111322201029e+01 0.000000000000000000e+00
-2.675805111322200958e+01 0.000000000000000000e+00
-2.670805111322200887e+01 0.000000000000000000e+00
-2.665805111322200815e+01 0.000000000000000000e+00
-2.660805111322201100e+01 0.000000000000000000e+00
-2.655805111322201029e+01 0.000000000000000000e+00
-2.650805111322200958e+01 0.000000000000000000e+00
-2.645805111322200887e+01 0.000000000000000000e+00
-2.640805111322200815e+01 0.000000000000000000e+00
-2.635805111322201100e+01 0.000000000000000000e+00
-2.630805111322201029e+01 0.000000000000000000e+00
-2.625805111322200958e+01 0.000000000000000000e+00
-2.620805111322200887e+01 0.000000000000000000e+00
-2.615805111322200815e+01 0.000000000000000000e+00
-2.610805111322201100e+01 0.000000000000000000e+00
-2.605805111322201029e+01 0.000000000000000000e+00
-2.600805111322200958e+01 0.000000000000000000e+00
-2.595805111322200887e+01 0.000000000000000000e+00
-2.590805111322200815e+01 0.000000000000000000e+00
-2.585805111322201100e+01 0.000000000000000000e+00
-2.580805111322200673e+01 0.000000000000000000e+00
-2.575805111322200958e+01 0.000000000000000000e+00
-2.570805111322200887e+01 0.000000000000000000e+00
-2.565805111322200815e+01 0.000000000000000000e+00
-2.560805111322201100e+01 0.000000000000000000e+00
-2.555805111322200673e+01 0.000000000000000000e+00
-2.550805111322200958e+01 0.000000000000000000e+00
-2.545805111322200887e+01 0.000000000000000000e+00
-2.540805111322200815e+01 0.000000000000000000e+00
-2.535805111322201100e+01 0.000000000000000000e+00
-2.530805111322200673e+01 0.000000000000000000e+00
-2.525805111322200958e+01 0.000000000000000000e+00
-2.520805111322200887e+01 0.000000000000000000e+00
-2.515805111322200815e+01 0.000000000000000000e+00
-2.510805111322201100e+01 0.000000000000000000e+00
-2.505805111322200673e+01 0.000000000000000000e+00
-2.500805111322200958e+01 0.000000000000000000e+00
-2.495805111322200887e+01 0.000000000000000000e+00
-2.490805111322200815e+01 0.000000000000000000e+00
-2.485805111322201100e+01 0.000000000000000000e+00
-2.480805111322200673e+01 0.000000000000000000e+00
-2.475805111322200958e+01 0.000000000000000000e+00
-2.470805111322200887e+01 0.000000000000000000e+00
-2.465805111322200815e+01 0.000000000000000000e+00
-2.460805111322201100e+01 0.000000000000000000e+00
-2.455805111322200673e+01 0.000000000000000000e+00
-2.450805111322200958e+01 0.000000000000000000e+00
-2.445805111322200887e+01 0.000000000000000000e+00
-2.440805111322200815e+01 0.000000000000000000e+00
-2.435805111322201100e+01 0.000000000000000000e+00
-2.430805111322200673e+01 0.000000000000000000e+00
-2.425805111322200958e+01 0.000000000000000000e+00
-2.420805111322200887e+01 0.000000000000000000e+00
-2.415805111322200815e+01 0.000000000000000000e+00
-2.410805111322201100e+01 0.000000000000000000e+00
-2.405805111322200673e+01 0.000000000000000000e+00
-2.400805111322200958e+01 0.000000000000000000e+00
-2.395805111322200887e+01 0.000000000000000000e+00
-2.390805111322200815e+01 0.000000000000000000e+00
-2.385805111322201100e+01 0.000000000000000000e+00
-2.380805111322200673e+01 0.000000000000000000e+00
-2.375805111322200958e+01 0.000000000000000000e+00
-2.370805111322200887e+01 0.000000000000000000e+00
-2.365805111322200815e+01 0.000000000000000000e+00
-2.360805111322201100e+01 0.000000000000000000e+00
-2.355805111322200673e+01 0.000000000000000000e+00
-2.350805111322200958e+01 0.000000000000000000e+00
-2.345805111322200887e+01 0.000000000000000000e+00
-2.340805111322200815e+01 0.000000000000000000e+00
-2.335805111322201100e+01 0.000000000000000000e+00
-2.330805111322200673e+01 0.000000000000000000e+00
-2.325805111322200958e+01 0.000000000000000000e+00
-2.320805111322200887e+01 0.000000000000000000e+00
-2.315805111322200815e+01 0.000000000000000000e+00
-2.310805111322201100e+01 0.000000000000000000e+00
-2.305805111322200673e+01 0.000000000000000000e+00
-2.300805111322200958e+01 0.000000000000000000e+00
-2.295805111322200887e+01 0.000000000000000000e+00
-2.290805111322200815e+01 0.000000000000000000e+00
-2.285805111322201100e+01 0.000000000000000000e+00
-2.280805111322200673e+01 0.000000000000000000e+00
-2.275805111322200958e+01 0.000000000000000000e+00
-2.270805111322200887e+01 0.000000000000000000e+00
-2.265805111322200815e+01 0.000000000000000000e+00
-2.260805111322201100e+01 0.000000000000000000e+00
-2.255805111322201029e+01 0.000000000000000000e+00
-2.250805111322200958e+01 0.000000000000000000e+00
-2.245805111322200887e+01 0.000000000000000000e+00
-2.240805111322200815e+01 0.000000000000000000e+00
-2.235805111322201100e+01 0.000000000000000000e+00
-2.230805111322201029e+01 0.000000000000000000e+00
-2.225805111322200958e+01 0.000000000000000000e+00
-2.220805111322200887e+01 0.000000000000000000e+00
-2.215805111322200815e+01 0.000000000000000000e+00
-2.210805111322201100e+01 0.000000000000000000e+00
-2.205805111322201029e+01 0.000000000000000000e+00
-2.200805111322200958e+01 0.000000000000000000e+00
-2.195805111322200887e+01 0.000000000000000000e+00
-2.190805111322200815e+01 0.000000000000000000e+00
-2.185805111322201100e+01 0.000000000000000000e+00
-2.180805111322201029e+01 0.000000000000000000e+00
-2.175805111322200958e+01 0.000000000000000000e+00
-2.170805111322200887e+01 0.000000000000000000e+00
-2.165805111322200815e+01 0.000000000000000000e+00
-2.160805111322201100e+01 0.000000000000000000e+00
-2.155805111322201029e+01 0.000000000000000000e+00
-2.150805111322200958e+01 0.000000000000000000e+00
-2.145805111322200887e+01 0.000000000000000000e+00
-2.140805111322200815e+01 0.000000000000000000e+00
-2.135805111322201100e+01 0.000000000000000000e+00
-2.130805111322201029e+01 0.000000000000000000e+00
-2.125805111322200958e+01 0.000000000000000000e+00
-2.120805111322200887e+01 0.000000000000000000e+00
-2.115805111322200815e+01 0.000000000000000000e+00
-2.110805111322201100e+01 0.000000000000000000e+00
-2.105805111322200673e+01 0.000000000000000000e+00
-2.100805111322200958e+01 0.000000000000000000e+00
-2.095805111322200887e+01 0.000000000000000000e+00
-2.090805111322200815e+01 0.000000000000000000e+00
-2.085805111322201100e+01 0.000000000000000000e+00
-2.080805111322200673e+01 0.000000000000000000e+00
-2.075805111322200958e+01 0.000000000000000000e+00
-2.070805111322200887e+01 0.000000000000000000e+00
-2.065805111322200815e+01 0.000000000000000000e+00
-2.060805111322201100e+01 0.000000000000000000e+00
-2.055805111322200673e+01 0.000000000000000000e+00
-2.050805111322200958e+01 0.000000000000000000e+00
-2.045805111322200887e+01 0.000000000000000000e+00
-2.040805111322200815e+01 0.000000000000000000e+00
-2.035805111322201100e+01 0.000000000000000000e+00
-2.030805111322200673e+01 0.000000000000000000e+00
-2.025805111322200958e+01 0.000000000000000000e+00
-2.020805111322200887e+01 0.000000000000000000e+00
-2.015805111322200815e+01 0.000000000000000000e+00
-2.010805111322201100e+01 0.000000000000000000e+00
-2.005805111322200673e+01 0.000000000000000000e+00
-2.000805111322200958e+01 0.000000000000000000e+00
-1.995805111322200887e+01 0.000000000000000000e+00
-1.990805111322200815e+01 0.000000000000000000e+00
-1.985805111322201100e+01 0.000000000000000000e+00
-1.980805111322200673e+01 0.000000000000000000e+00
-1.975805111322200958e+01 0.000000000000000000e+00
-1.970805111322200887e+01 0.000000000000000000e+00
-1.965805111322200815e+01 0.000000000000000000e+00
-1.960805111322201100e+01 0.000000000000000000e+00
-1.955805111322200673e+01 0.000000000000000000e+00
-1.950805111322200958e+01 0.000000000000000000e+00
-1.945805111322200887e+01 0.000000000000000000e+00
-1.940805111322200815e+01 0.000000000000000000e+00
-1.935805111322201100e+01 0.000000000000000000e+00
-1.930805111322200673e+01 0.000000000000000000e+00
-1.925805111322200958e+01 0.000000000000000000e+00
-1.920805111322200887e+01 0.000000000000000000e+00
-1.915805111322200815e+01 0.000000000000000000e+00
-1.910805111322201100e+01 0.000000000000000000e+00
-1.905805111322200673e+01 0.000000000000000000e+00
-1.900805111322200958e+01 0.000000000000000000e+00
-1.895805111322200887e+01 0.000000000000000000e+00
-1.890805111322200815e+01 0.000000000000000000e+00
-1.885805111322201100e+01 0.000000000000000000e+00
-1.880805111322200673e+01 0.000000000000000000e+00
-1.875805111322200958e+01 0.000000000000000000e+00
-1.870805111322200887e+01 0.000000000000000000e+00
-1.865805111322200815e+01 0.000000000000000000e+00
-1.860805111322201100e+01 0.000000000000000000e+00
-1.855805111322200673e+01 0.000000000000000000e+00
-1.850805111322200958e+01 0.000000000000000000e+00
-1.845805111322200887e+01 0.000000000000000000e+00
-1.840805111322200815e+01 0.000000000000000000e+00
-1.835805111322201100e+01 0.000000000000000000e+00
-1.830805111322200673e+01 0.000000000000000000e+00
-1.825805111322200958e+01 0.000000000000000000e+00
-1.820805111322200887e+01 0.000000000000000000e+00
-1.815805111322200815e+01 0.000000000000000000e+00
-1.810805111322201100e+01 0.000000000000000000e+00
-1.805805111322200673e+01 0.000000000000000000e+00
-1.800805111322200958e+01 0.000000000000000000e+00
-1.795805111322200887e+01 0.000000000000000000e+00
-1.790805111322200815e+01 0.000000000000000000e+00
-1.785805111322201100e+01 0.000000000000000000e+00
-1.780805111322200673e+01 0.000000000000000000e+00
-1.775805111322200958e+01 0.000000000000000000e+00
-1.770805111322200887e+01 0.000000000000000000e+00
-1.765805111322200815e+01 0.000000000000000000e+00
-1.760805111322201100e+01 0.000000000000000000e+00
-1.755805111322200673e+01 0.000000000000000000e+00
-1.750805111322200958e+01 0.000000000000000000e+00
-1.745805111322200887e+01 0.000000000000000000e+00
-1.740805111322200815e+01 0.000000000000000000e+00
-1.735805111322201100e+01 0.000000000000000000e+00
-1.730805111322200673e+01 0.000000000000000000e+00
-1.725805111322200958e+01 0.000000000000000000e+00
-1.720805111322200887e+01 0.000000000000000000e+00
-1.715805111322200815e+01 0.000000000000000000e+00
-1.710805111322201100e+01 0.000000000000000000e+00
-1.705805111322200673e+01 0.000000000000000000e+00
-1.700805111322200958e+01 0.000000000000000000e+00
-1.695805111322200887e+01 0.000000000000000000e+00
-1.690805111322200815e+01 0.000000000000000000e+00
-1.685805111322201100e+01 0.000000000000000000e+00
-1.680805111322200673e+01 0.000000000000000000e+00
-1.675805111322200958e+01 0.000000000000000000e+00
-1.670805111322200887e+01 0.000000000000000000e+00
-1.665805111322200815e+01 0.000000000000000000e+00
-1.660805111322201100e+01 0.000000000000000000e+00
-1.655805111322200673e+01 0.000000000000000000e+00
-1.650805111322200958e+01 0.000000000000000000e+00
-1.645805111322200887e+01 0.000000000000000000e+00
-1.640805111322200815e+01 0.000000000000000000e+00
-1.635805111322201100e+01 0.000000000000000000e+00
-1.630805111322200673e+01 0.000000000000000000e+00
-1.625805111322200958e+01 0.000000000000000000e+00
-1.620805111322200887e+01 0.000000000000000000e+00
-1.615805111322200815e+01 0.000000000000000000e+00
-1.610805111322201100e+01 0.000000000000000000e+00
-1.605805111322200673e+01 0.000000000000000000e+00
-1.600805111322200958e+01 0.000000000000000000e+00
-1.595805111322200887e+01 0.000000000000000000e+00
-1.590805111322200815e+01 0.000000000000000000e+00
-1.585805111322200922e+01 0.000000000000000000e+00
-1.580805111322200851e+01 0.000000000000000000e+00
-1.575805111322200958e+01 0.000000000000000000e+00
-1.570805111322200887e+01 0.000000000000000000e+00
-1.565805111322200815e+01 0.000000000000000000e+00
-1.560805111322200922e+01 0.000000000000000000e+00
-1.555805111322200851e+01 0.000000000000000000e+00
-1.550805111322200958e+01 0.000000000000000000e+00
-1.545805111322200887e+01 0.000000000000000000e+00
-1.540805111322200815e+01 0.000000000000000000e+00
-1.535805111322200922e+01 0.000000000000000000e+00
-1.530805111322200851e+01 0.000000000000000000e+00
-1.525805111322200958e+01 0.000000000000000000e+00
-1.520805111322200887e+01 0.000000000000000000e+00
-1.515805111322200815e+01 0.000000000000000000e+00
-1.510805111322200922e+01 0.000000000000000000e+00
-1.505805111322200851e+01 0.000000000000000000e+00
-1.500805111322200958e+01 0.000000000000000000e+00
-1.495805111322200887e+01 0.000000000000000000e+00
-1.490805111322200815e+01 0.000000000000000000e+00
-1.485805111322200922e+01 0.000000000000000000e+00
-1.480805111322200851e+01 0.000000000000000000e+00
-1.475805111322200958e+01 0.000000000000000000e+00
-1.470805111322200887e+01 0.000000000000000000e+00
-1.465805111322200815e+01 0.000000000000000000e+00
-1.460805111322201100e+01 0.000000000000000000e+00
-1.455805111322200673e+01 0.000000000000000000e+00
-1.450805111322200958e+01 0.000000000000000000e+00
-1.445805111322200887e+01 0.000000000000000000e+00
-1.440805111322200815e+01 0.000000000000000000e+00
-1.435805111322201100e+01 0.000000000000000000e+00
-1.430805111322200673e+01 0.000000000000000000e+00
-1.425805111322200958e+01 0.000000000000000000e+00
-1.420805111322200887e+01 0.000000000000000000e+00
-1.415805111322200815e+01 0.000000000000000000e+00
-1.410805111322201100e+01 0.000000000000000000e+00
-1.405805111322200673e+01 0.000000000000000000e+00
-1.400805111322200958e+01 0.000000000000000000e+00
-1.395805111322200887e+01 0.000000000000000000e+00
-1.390805111322200815e+01 0.000000000000000000e+00
-1.385805111322201100e+01 0.000000000000000000e+00
-1.380805111322200673e+01 0.000000000000000000e+00
-1.375805111322200958e+01 0.000000000000000000e+00
-1.370805111322200887e+01 0.000000000000000000e+00
-1.365805111322200815e+01 0.000000000000000000e+00
-1.360805111322201100e+01 0.000000000000000000e+00
-1.355805111322200673e+01 0.000000000000000000e+00
-1.350805111322200958e+01 0.000000000000000000e+00
-1.345805111322200887e+01 0.000000000000000000e+00
-1.340805111322200815e+01 0.000000000000000000e+00
-1.335805111322201100e+01 0.000000000000000000e+00
-1.330805111322200673e+01 0.000000000000000000e+00
-1.325805111322200958e+01 0.000000000000000000e+00
-1.320805111322200887e+01 0.000000000000000000e+00
-1.315805111322200815e+01 0.000000000000000000e+00
-1.310805111322201100e+01 0.000000000000000000e+00
-1.305805111322200673e+01 0.000000000000000000e+00
-1.300805111322200958e+01 0.000000000000000000e+00
-1.295805111322200887e+01 0.000000000000000000e+00
-1.290805111322200815e+01 0.000000000000000000e+00
-1.285805111322201100e+01 0.000000000000000000e+00
-1.280805111322200673e+01 0.000000000000000000e+00
-1.275805111322200958e+01 0.000000000000000000e+00
-1.270805111322200887e+01 0.000000000000000000e+00
-1.265805111322200815e+01 0.000000000000000000e+00
-1.260805111322201100e+01 0.000000000000000000e+00
-1.255805111322200673e+01 0.000000000000000000e+00
-1.250805111322200958e+01 0.000000000000000000e+00
-1.245805111322200887e+01 0.000000000000000000e+00
-1.240805111322200815e+01 0.000000000000000000e+00
-1.235805111322201100e+01 0.000000000000000000e+00
-1.230805111322200673e+01 0.000000000000000000e+00
-1.225805111322200958e+01 0.000000000000000000e+00
-1.220805111322200887e+01 0.000000000000000000e+00
-1.215805111322200815e+01 0.000000000000000000e+00
-1.210805111322201100e+01 0.000000000000000000e+00
-1.205805111322200673e+01 0.000000000000000000e+00
-1.200805111322200958e+01 0.000000000000000000e+00
-1.195805111322200887e+01 0.000000000000000000e+00
-1.190805111322200815e+01 0.000000000000000000e+00
-1.185805111322201100e+01 0.000000000000000000e+00
-1.180805111322200673e+01 0.000000000000000000e+00
-1.175805111322200958e+01 0.000000000000000000e+00
-1.170805111322200887e+01 0.000000000000000000e+00
-1.165805111322200815e+01 0.000000000000000000e+00
-1.160805111322201100e+01 0.000000000000000000e+00
-1.155805111322200673e+01 0.000000000000000000e+00
-1.150805111322200958e+01 0.000000000000000000e+00
-1.145805111322200531e+01 0.000000000000000000e+00
-1.140805111322200815e+01 0.000000000000000000e+00
-1.135805111322201100e+01 0.000000000000000000e+00
-1.130805111322200673e+01 0.000000000000000000e+00
-1.125805111322200958e+01 0.000000000000000000e+00
-1.120805111322200531e+01 0.000000000000000000e+00
-1.115805111322200815e+01 0.000000000000000000e+00
-1.110805111322201100e+01 0.000000000000000000e+00
-1.105805111322200673e+01 0.000000000000000000e+00
-1.100805111322200958e+01 0.000000000000000000e+00
-1.095805111322200531e+01 0.000000000000000000e+00
-1.090805111322200815e+01 0.000000000000000000e+00
-1.085805111322201100e+01 0.000000000000000000e+00
-1.080805111322200673e+01 0.000000000000000000e+00
-1.075805111322200958e+01 0.000000000000000000e+00
-1.070805111322200531e+01 0.000000000000000000e+00
-1.065805111322200815e+01 0.000000000000000000e+00
-1.060805111322201100e+01 0.000000000000000000e+00
-1.055805111322200673e+01 0.000000000000000000e+00
-1.050805111322200958e+01 0.000000000000000000e+00
-1.045805111322200531e+01 0.000000000000000000e+00
-1.040805111322200815e+01 0.000000000000000000e+00
-1.035805111322201100e+01 0.000000000000000000e+00
-1.030805111322200673e+01 0.000000000000000000e+00
-1.025805111322200958e+01 0.000000000000000000e+00
-1.020805111322200531e+01 0.000000000000000000e+00
-1.015805111322200815e+01 0.000000000000000000e+00
-1.010805111322201100e+01 0.000000000000000000e+00
-1.005805111322200673e+01 0.000000000000000000e+00
-1.000805111322200958e+01 0.000000000000000000e+00
-9.958051113222005313e+00 0.000000000000000000e+00
-9.908051113222008155e+00 0.000000000000000000e+00
-9.858051113222010997e+00 0.000000000000000000e+00
-9.808051113222006734e+00 0.000000000000000000e+00
-9.758051113222009576e+00 0.000000000000000000e+00
-9.708051113222005313e+00 0.000000000000000000e+00
-9.658051113222008155e+00 0.000000000000000000e+00
-9.608051113222010997e+00 0.000000000000000000e+00
-9.558051113222006734e+00 0.000000000000000000e+00
-9.508051113222009576e+00 0.000000000000000000e+00
-9.458051113222005313e+00 0.000000000000000000e+00
-9.408051113222008155e+00 0.000000000000000000e+00
-9.358051113222010997e+00 0.000000000000000000e+00
-9.308051113222006734e+00 0.000000000000000000e+00
-9.258051113222009576e+00 0.000000000000000000e+00
-9.208051113222005313e+00 0.000000000000000000e+00
-9.158051113222008155e+00 0.000000000000000000e+00
-9.108051113222010997e+00 0.000000000000000000e+00
-9.058051113222006734e+00 0.000000000000000000e+00
-9.008051113222009576e+00 0.000000000000000000e+00
-8.958051113222005313e+00 0.000000000000000000e+00
-8.908051113222008155e+00 0.000000000000000000e+00
-8.858051113222010997e+00 0.000000000000000000e+00
-8.808051113222006734e+00 0.000000000000000000e+00
-8.758051113222009576e+00 0.000000000000000000e+00
-8.708051113222005313e+00 0.000000000000000000e+00
-8.658051113222008155e+00 0.000000000000000000e+00
-8.608051113222010997e+00 0.000000000000000000e+00
-8.558051113222006734e+00 0.000000000000000000e+00
-8.508051113222009576e+00 0.000000000000000000e+00
-8.458051113222005313e+00 0.000000000000000000e+00
-8.408051113222008155e+00 0.000000000000000000e+00
-8.358051113222010997e+00 0.000000000000000000e+00
-8.308051113222006734e+00 0.000000000000000000e+00
-8.258051113222009576e+00 0.000000000000000000e+00
-8.208051113222005313e+00 0.000000000000000000e+00
-8.158051113222008155e+00 0.000000000000000000e+00
-8.108051113222010997e+00 0.000000000000000000e+00
-8.058051113222006734e+00 0.000000000000000000e+00
-8.008051113222009576e+00 0.000000000000000000e+00
-7.958051113222005313e+00 0.000000000000000000e+00
-7.908051113222008155e+00 0.000000000000000000e+00
-7.858051113222010997e+00 0.000000000000000000e+00
-7.808051113222006734e+00 0.000000000000000000e+00
-7.758051113222009576e+00 0.000000000000000000e+00
-7.708051113222005313e+00 0.000000000000000000e+00
-7.658051113222008155e+00 0.000000000000000000e+00
-7.608051113222010997e+00 0.000000000000000000e+00
-7.558051113222006734e+00 0.000000000000000000e+00
-7.508051113222009576e+00 0.000000000000000000e+00
-7.458051113222005313e+00 0.000000000000000000e+00
-7.408051113222008155e+00 0.000000000000000000e+00
-7.358051113222010997e+00 0.000000000000000000e+00
-7.308051113222006734e+00 0.000000000000000000e+00
-7.258051113222009576e+00 0.000000000000000000e+00
-7.208051113222005313e+00 0.000000000000000000e+00
-7.158051113222008155e+00 0.000000000000000000e+00
-7.108051113222010997e+00 0.000000000000000000e+00
-7.058051113222006734e+00 0.000000000000000000e+00
-7.008051113222009576e+00 0.000000000000000000e+00
-6.958051113222005313e+00 0.000000000000000000e+00
-6.908051113222008155e+00 0.000000000000000000e+00
-6.858051113222010997e+00 0.000000000000000000e+00
-6.808051113222006734e+00 0.000000000000000000e+00
-6.758051113222009576e+00 0.000000000000000000e+00
-6.708051113222005313e+00 0.000000000000000000e+00
-6.658051113222008155e+00 0.000000000000000000e+00
-6.608051113222010997e+00 0.000000000000000000e+00
-6.558051113222006734e+00 0.000000000000000000e+00
-6.508051113222009576e+00 0.000000000000000000e+00
-6.458051113222005313e+00 0.000000000000000000e+00
-6.408051113222008155e+00 0.000000000000000000e+00
-6.358051113222010997e+00 0.000000000000000000e+00
-6.308051113222006734e+00 0.000000000000000000e+00
-6.258051113222009576e+00 0.000000000000000000e+00
-6.208051113222005313e+00 0.000000000000000000e+00
-6.158051113222008155e+00 0.000000000000000000e+00
-6.108051113222010997e+00 0.000000000000000000e+00
-6.058051113222006734e+00 0.000000000000000000e+00
-6.008051113222009576e+00 0.000000000000000000e+00
-5.958051113222005313e+00 0.000000000000000000e+00
-5.908051113222008155e+00 0.000000000000000000e+00
-5.858051113222010997e+00 0.000000000000000000e+00
-5.808051113222006734e+00 0.000000000000000000e+00
-5.758051113222009576e+00 0.000000000000000000e+00
-5.708051113222005313e+00 0.000000000000000000e+00
-5.658051113222008155e+00 0.000000000000000000e+00
-5.608051113222010997e+00 0.000000000000000000e+00
-5.558051113222006734e+00 0.000000000000000000e+00
-5.508051113222009576e+00 0.000000000000000000e+00
-5.458051113222005313e+00 0.000000000000000000e+00
-5.408051113222008155e+00 0.000000000000000000e+00
-5.358051113222010997e+00 0.000000000000000000e+00
-5.308051113222006734e+00 0.000000000000000000e+00
-5.258051113222009576e+00 0.000000000000000000e+00
-5.208051113222005313e+00 0.000000000000000000e+00
-5.158051113222008155e+00 0.000000000000000000e+00
-5.108051113222010997e+00 0.000000000000000000e+00
-5.058051113222006734e+00 0.000000000000000000e+00
-5.008051113222009576e+00 0.000000000000000000e+00
-4.958051113222005313e+00 0.000000000000000000e+00
-4.908051113222008155e+00 0.000000000000000000e+00
-4.858051113222010997e+00 0.000000000000000000e+00
-4.808051113222006734e+00 0.000000000000000000e+00
-4.758051113222009576e+00 0.000000000000000000e+00
-4.708051113222005313e+00 0.000000000000000000e+00
-4.658051113222008155e+00 0.000000000000000000e+00
-4.608051113222010997e+00 0.000000000000000000e+00
-4.558051113222006734e+00 0.000000000000000000e+00
-4.508051113222009576e+00 0.000000000000000000e+00
-4.458051113222005313e+00 0.000000000000000000e+00
-4.408051113222008155e+00 0.000000000000000000e+00
-4.358051113222010997e+00 0.000000000000000000e+00
-4.308051113222006734e+00 0.000000000000000000e+00
-4.258051113222009576e+00 0.000000000000000000e+00
-4.208051113222005313e+00 0.000000000000000000e+00
-4.158051113222008155e+00 0.000000000000000000e+00
-4.108051113222010997e+00 0.000000000000000000e+00
-4.058051113222006734e+00 0.000000000000000000e+00
-4.008051113222009576e+00 0.000000000000000000e+00
-3.958051113222005313e+00 0.000000000000000000e+00
-3.908051113222008155e+00 0.000000000000000000e+00
-3.858051113222010997e+00 0.000000000000000000e+00
-3.808051113222006734e+00 0.000000000000000000e+00
-3.758051113222009576e+00 0.000000000000000000e+00
-3.708051113222005313e+00 0.000000000000000000e+00
-3.658051113222008155e+00 0.000000000000000000e+00
-3.608051113222010997e+00 0.000000000000000000e+00
-3.558051113222006734e+00 0.000000000000000000e+00
-3.508051113222009576e+00 0.000000000000000000e+00
-3.458051113222005313e+00 0.000000000000000000e+00
-3.408051113222008155e+00 0.000000000000000000e+00
-3.358051113222010997e+00 0.000000000000000000e+00
-3.308051113222006734e+00 0.000000000000000000e+00
-3.258051113222009576e+00 0.000000000000000000e+00
-3.208051113222005313e+00 0.000000000000000000e+00
-3.158051113222008155e+00 0.000000000000000000e+00
-3.108051113222010997e+00 0.000000000000000000e+00
-3.058051113222006734e+00 0.000000000000000000e+00
-3.008051113222009576e+00 0.000000000000000000e+00
-2.958051113222005313e+00 0.000000000000000000e+00
-2.908051113222008155e+00 0.000000000000000000e+00
-2.858051113222010997e+00 0.000000000000000000e+00
-2.808051113222006734e+00 0.000000000000000000e+00
-2.758051113222009576e+00 0.000000000000000000e+00
-2.708051113222005313e+00 0.000000000000000000e+00
-2.658051113222008155e+00 0.000000000000000000e+00
-2.608051113222010997e+00 0.000000000000000000e+00
-2.558051113222006734e+00 0.000000000000000000e+00
-2.508051113222009576e+00 0.000000000000000000e+00
-2.458051113222005313e+00 0.000000000000000000e+00
-2.408051113222008155e+00 0.000000000000000000e+00
-2.358051113222010997e+00 0.000000000000000000e+00
-2.308051113222006734e+00 0.000000000000000000e+00
-2.258051113222009576e+00 0.000000000000000000e+00
-2.208051113222005313e+00 0.000000000000000000e+00
-2.158051113222008155e+00 0.000000000000000000e+00
-2.108051113222010997e+00 0.000000000000000000e+00
-2.058051113222006734e+00 0.000000000000000000e+00
-2.008051113222009576e+00 0.000000000000000000e+00
-1.958051113222005313e+00 0.000000000000000000e+00
-1.908051113222008155e+00 0.000000000000000000e+00
-1.858051113222010997e+00 0.000000000000000000e+00
-1.808051113222006734e+00 0.000000000000000000e+00
-1.758051113222009576e+00 0.000000000000000000e+00
-1.708051113222005313e+00 0.000000000000000000e+00
-1.658051113222008155e+00 0.000000000000000000e+00
-1.608051113222010997e+00 0.000000000000000000e+00
-1.558051113222006734e+00 0.000000000000000000e+00
-1.508051113222009576e+00 0.000000000000000000e+00
-1.458051113222005313e+00 0.000000000000000000e+00
-1.408051113222008155e+00 0.000000000000000000e+00
-1.358051113222010997e+00 0.000000000000000000e+00
-1.308051113222006734e+00 0.000000000000000000e+00
-1.258051113222009576e+00 0.000000000000000000e+00
-1.208051113222005313e+00 0.000000000000000000e+00
-1.158051113222008155e+00 0.000000000000000000e+00
-1.108051113222010997e+00 0.000000000000000000e+00
-1.058051113222006734e+00 0.000000000000000000e+00
-1.008051113222009576e+00 0.000000000000000000e+00
-9.580511132220053128e-01 0.000000000000000000e+00
-9.080511132220081549e-01 0.000000000000000000e+00
-8.580511132220109971e-01 0.000000000000000000e+00
-8.080511132220067338e-01 0.000000000000000000e+00
-7.580511132220095760e-01 0.000000000000000000e+00
-7.080511132220053128e-01 0.000000000000000000e+00
-6.580511132220081549e-01 0.000000000000000000e+00
-6.080511132220109971e-01 0.000000000000000000e+00
-5.580511132220067338e-01 0.000000000000000000e+00
-5.080511132220095760e-01 0.000000000000000000e+00
-4.580511132220053128e-01 0.000000000000000000e+00
-4.080511132220081549e-01 0.000000000000000000e+00
-3.580511132220109971e-01 0.000000000000000000e+00
-3.080511132220067338e-01 0.000000000000000000e+00
-2.580511132220095760e-01 0.000000000000000000e+00
-2.080511132220053128e-01 0.000000000000000000e+00
-1.580511132220081549e-01 0.000000000000000000e+00
-1.080511132220109971e-01 0.000000000000000000e+00
-5.805111322200673385e-02 0.000000000000000000e+00
-8.051113222009576020e-03 0.000000000000000000e+00
4.194888677799468724e-02 0.000000000000000000e+00
9.194888677799184507e-02 0.000000000000000000e+00
1.419488867779890029e-01 0.000000000000000000e+00
1.919488867779932662e-01 0.000000000000000000e+00
2.419488867779904240e-01 0.000000000000000000e+00
2.919488867779946872e-01 0.000000000000000000e+00
3.419488867779918451e-01 0.000000000000000000e+00
3.919488867779890029e-01 0.000000000000000000e+00
4.419488867779932662e-01 0.000000000000000000e+00
4.919488867779904240e-01 0.000000000000000000e+00
5.419488867779946872e-01 0.000000000000000000e+00
5.919488867779918451e-01 0.000000000000000000e+00
6.419488867779890029e-01 0.000000000000000000e+00
6.919488867779932662e-01 0.000000000000000000e+00
7.419488867779904240e-01 0.000000000000000000e+00
7.919488867779946872e-01 0.000000000000000000e+00
8.419488867779918451e-01 0.000000000000000000e+00
8.919488867779890029e-01 0.000000000000000000e+00
9.419488867779932662e-01 0.000000000000000000e+00
9.919488867779904240e-01 0.000000000000000000e+00
1.041948886777994687e+00 0.000000000000000000e+00
1.091948886777991845e+00 0.000000000000000000e+00
1.141948886777989003e+00 0.000000000000000000e+00
1.191948886777993266e+00 0.000000000000000000e+00
1.241948886777990424e+00 0.000000000000000000e+00
1.291948886777994687e+00 0.000000000000000000e+00
1.341948886777991845e+00 0.000000000000000000e+00
1.391948886777996108e+00 0.000000000000000000e+00
1.441948886777993266e+00 0.000000000000000000e+00
1.491948886777990424e+00 0.000000000000000000e+00
1.541948886777987582e+00 8.565229899693414437e-05
1.591948886777991845e+00 5.424645603139162386e-04
1.641948886777996108e+00 1.227682952289389394e-03
1.691948886777993266e+00 2.655221268904957906e-03
1.741948886777990424e+00 1.513190615612503183e-02
1.791948886777987582e+00 6.509574723766994864e-02
1.841948886777991845e+00 2.429384707216375450e-01
1.891948886777996108e+00 7.284728029689248041e-01
1.941948886777993266e+00 1.820539615179835202e+00
1.991948886777990424e+00 3.322195721194085127e+00
2.041948886777987582e+00 4.664766957204695252e+00
2.091948886777991845e+00 5.073185669588409219e+00
2.141948886777996108e+00 4.553875780769996773e+00
2.191948886777993266e+00 3.340925023908081215e+00
2.241948886777990424e+00 2.181421301620250830e+00
2.291948886777987582e+00 1.297061314476906091e+00
2.341948886777991845e+00 7.462884811602872315e-01
2.391948886777996108e+00 4.585824088295853973e-01
2.441948886777993266e+00 3.493757276084943908e-01
2.491948886777990424e+00 3.126879928714742518e-01
2.541948886777987582e+00 3.237371394420787141e-01
2.591948886777991845e+00 3.418954268294287502e-01
2.641948886777996108e+00 3.533728348950179732e-01
2.691948886777993266e+00 3.432087620807151018e-01
2.741948886777990424e+00 3.241082994043987808e-01
2.791948886777987582e+00 2.895904229086342929e-01
2.841948886777991845e+00 2.552438510108637759e-01
2.891948886777996108e+00 2.154440827436217010e-01
2.941948886777993266e+00 1.952015894140128882e-01
2.991948886777990424e+00 1.754730098783857384e-01
3.041948886777987582e+00 1.767006928306751323e-01
3.091948886777991845e+00 2.009688442131398189e-01
3.141948886777996108e+00 2.762857657977772496e-01
3.191948886777993266e+00 3.729872113653159293e-01
3.241948886777990424e+00 5.194811934164055289e-01
3.291948886777987582e+00 7.637901009219939530e-01
3.341948886777991845e+00 1.013152494068401577e+00
3.391948886777996108e+00 1.394533630735417251e+00
3.441948886777993266e+00 1.709905395642128401e+00
3.491948886777990424e+00 2.058795760222973392e+00
3.541948886777987582e+00 2.197067121570357884e+00
3.591948886777991845e+00 2.366116209023973571e+00
3.641948886777996108e+00 2.484858846200056259e+00
3.691948886777993266e+00 2.446315311651435564e+00
3.741948886777990424e+00 2.345445454199380109e+00
3.791948886777987582e+00 2.261106490453732132e+00
3.841948886777991845e+00 2.164233740288199925e+00
3.891948886777996108e+00 2.008546411478105309e+00
3.941948886777993266e+00 1.789904642905264964e+00
3.991948886777990424e+00 1.683781444448063658e+00
4.041948886777987582e+00 1.481413612684640668e+00
4.091948886777991845e+00 1.301115523296094256e+00
4.141948886777996108e+00 1.116135108229048711e+00
4.191948886777993266e+00 1.034565568817635173e+00
4.241948886777990424e+00 9.422609412652726002e-01
4.291948886777987582e+00 8.240322178831710476e-01
4.341948886777991845e+00 7.716415616633797159e-01
4.391948886777996108e+00 7.176806132953111872e-01
4.441948886777993266e+00 6.836766505935283345e-01
4.491948886777990424e+00 6.706575011459942059e-01
4.541948886777987582e+00 6.254045365092808506e-01
4.591948886777991845e+00 6.286878746374966465e-01
4.641948886777996108e+00 6.436770269619601637e-01
4.691948886777993266e+00 6.214074292227572682e-01
4.741948886777990424e+00 6.377670183311716645e-01
4.791948886777987582e+00 6.726560547892561637e-01
4.841948886777991845e+00 6.682592367740801675e-01
4.891948886777996108e+00 7.313278796021559502e-01
4.941948886777993266e+00 8.068732073174520458e-01
4.991948886777990424e+00 8.519834181225038883e-01
5.041948886777987582e+00 8.502132706099007065e-01
5.091948886777991845e+00 8.958944967415988225e-01
5.141948886777996108e+00 9.579353119817113349e-01
5.191948886777993266e+00 1.009183937548210341e+00
5.241948886777990424e+00 1.051553274785360426e+00
5.291948886777987582e+00 1.061603144534334131e+00
5.341948886777991845e+00 1.112880320867165373e+00
5.391948886777996108e+00 1.110767564158574139e+00
5.441948886777993266e+00 1.141630942563802931e+00
5.491948886777990424e+00 1.216091341158470840e+00
5.541948886777987582e+00 1.209695969500033330e+00
5.591948886777991845e+00 1.240873406334917384e+00
5.641948886777996108e+00 1.223314685040545635e+00
5.691948886777993266e+00 1.277818097968927979e+00
5.741948886777990424e+00 1.299716535745810919e+00
5.791948886777987582e+00 1.302114800117725180e+00
5.841948886777991845e+00 1.329666289628405718e+00
5.891948886777996108e+00 1.365725907506114778e+00
5.941948886777993266e+00 1.370636639315272243e+00
5.991948886777990424e+00 1.381343176689889152e+00
6.041948886777987582e+00 1.346111531035816711e+00
6.091948886777991845e+00 1.363698803096520695e+00
6.141948886777996108e+00 1.313849165080305026e+00
6.191948886777993266e+00 1.304941325984624090e+00
6.241948886777990424e+00 1.290523188986806957e+00
6.291948886777987582e+00 1.286383327868621862e+00
6.341948886777991845e+00 1.178861141861136996e+00
6.391948886777996108e+00 1.191737537477009390e+00
6.441948886777993266e+00 1.114964526809423928e+00
6.491948886777990424e+00 1.158904156194851209e+00
6.541948886777987582e+00 1.088840575615358963e+00
6.591948886777991845e+00 1.044843844697267210e+00
6.641948886777996108e+00 1.016036121467964959e+00
6.691948886777993266e+00 1.070967795891332175e+00
6.741948886777990424e+00 1.022659899257061467e+00
6.791948886777987582e+00 9.866859336783490031e-01
6.841948886777991845e+00 9.810328819445512938e-01
6.891948886777996108e+00 9.651301050974538942e-01
6.941948886777993266e+00 9.412902152099739128e-01
6.991948886777990424e+00 9.672714125723771428e-01
7.041948886777987582e+00 9.445450025718572507e-01
7.091948886777991845e+00 9.762934547333876889e-01
7.141948886777996108e+00 9.509689249966274405e-01
7.191948886777993266e+00 9.388062985390628334e-01
7.241948886777990424e+00 9.856581060903858438e-01
7.291948886777987582e+00 9.835453493817947201e-01
7.341948886777991845e+00 9.869999921080043759e-01
7.391948886777996108e+00 9.943375390554083371e-01
7.441948886777993266e+00 1.004273205739052655e+00
7.491948886777990424e+00 9.996479815932184376e-01
7.541948886777987582e+00 1.069711562172710462e+00
7.591948886777991845e+00 1.017206702887589742e+00
7.641948886777996108e+00 1.055778788202542451e+00
7.691948886777993266e+00 1.012924087937743245e+00
7.741948886777990424e+00 1.042331377260023784e+00
7.791948886777994687e+00 1.046271383013883005e+00
7.841948886777991845e+00 1.068855039182740940e+00
7.891948886777996108e+00 1.061574593768001673e+00
7.941948886777993266e+00 1.038505574571494172e+00
7.991948886777990424e+00 1.068512429986753443e+00
8.041948886777994687e+00 1.051581825551692662e+00
8.091948886777991845e+00 1.040275722084097465e+00
8.141948886777996108e+00 1.063830104308254532e+00
8.191948886777993266e+00 1.054722409848246834e+00
8.241948886777990424e+00 1.054037191456271616e+00
8.291948886777994687e+00 1.092209566042571911e+00
8.341948886777991845e+00 1.093637104359187484e+00
8.391948886777996108e+00 1.043102247950996153e+00
8.441948886777993266e+00 1.039733257523783427e+00
8.491948886777990424e+00 1.046385586079212171e+00
8.541948886777994687e+00 1.055607483604548591e+00
8.591948886777991845e+00 1.036649774759893949e+00
8.641948886777996108e+00 1.081417376368958294e+00
8.691948886777993266e+00 1.073994177122557181e+00
8.741948886777990424e+00 1.042645435689679267e+00
8.791948886777994687e+00 1.083216074647893823e+00
8.841948886777991845e+00 1.041931666531371370e+00
8.891948886777996108e+00 1.031995999847727274e+00
8.941948886777993266e+00 1.039561952925789567e+00
8.991948886777990424e+00 1.017692065915239086e+00
9.041948886777994687e+00 1.058091400275459781e+00
9.091948886777991845e+00 1.049611822674763273e+00
9.141948886777996108e+00 1.050525447197397044e+00
9.191948886777993266e+00 1.080675056444317939e+00
9.241948886777990424e+00 1.058434009471447501e+00
9.291948886777994687e+00 1.098062473140695605e+00
9.341948886777991845e+00 1.131838029711820015e+00
9.391948886777996108e+00 1.132037885076146333e+00
9.441948886777993266e+00 1.104372192500136407e+00
9.491948886777990424e+00 1.053494726895957800e+00
9.541948886777994687e+00 1.093094639798873668e+00
9.591948886777991845e+00 1.132580349636460149e+00
9.641948886777996108e+00 1.092466522939562701e+00
9.691948886777993266e+00 1.104143786369478075e+00
9.741948886777990424e+00 1.146456022073963466e+00
9.791948886777994687e+00 1.119818157085916921e+00
9.841948886777991845e+00 1.128811648480595231e+00
9.891948886777996108e+00 1.108540604384653960e+00
9.941948886777993266e+00 1.077848530577419250e+00
9.991948886777990424e+00 1.097520008580381790e+00
1.004194888677799469e+01 1.077077659886446881e+00
1.009194888677799185e+01 1.097320153216055694e+00
1.014194888677799611e+01 1.078733604333721008e+00
1.019194888677799327e+01 1.040075866719771369e+00
1.024194888677799042e+01 1.081645782499616626e+00
1.029194888677799469e+01 1.058605314069441361e+00
1.034194888677799185e+01 1.063487495112266590e+00
1.039194888677799611e+01 1.109939591934937297e+00
1.044194888677799327e+01 1.059633141657404742e+00
1.049194888677799042e+01 1.016664238327275926e+00
1.054194888677799469e+01 1.065400396456531507e+00
1.059194888677799185e+01 1.043844567875636287e+00
1.064194888677799611e+01 1.035650497938263026e+00
1.069194888677799327e+01 1.040989491242405363e+00
1.074194888677799042e+01 1.035193685676945918e+00
1.079194888677799469e+01 1.044815293930934974e+00
1.084194888677799185e+01 1.042702537222343739e+00
1.089194888677799611e+01 1.008955531417551787e+00
1.094194888677799327e+01 9.909114470955310283e-01
1.099194888677799042e+01 1.059518938592075132e+00
1.104194888677799469e+01 1.044072974006294841e+00
1.109194888677799185e+01 1.040618331280085185e+00
1.114194888677799611e+01 1.041788912699709968e+00
1.119194888677799327e+01 1.026571354244588008e+00
1.124194888677799042e+01 1.056749514257841138e+00
1.129194888677799469e+01 1.098005371608030911e+00
1.134194888677799185e+01 1.045357758491249012e+00
1.139194888677799611e+01 1.013523654030721532e+00
1.144194888677799327e+01 1.054522554483920738e+00
1.149194888677799042e+01 1.061717347599663297e+00
1.154194888677799469e+01 1.052152840878338935e+00
1.159194888677799185e+01 1.043159349483660847e+00
1.164194888677799611e+01 1.041189346606731458e+00
1.169194888677799327e+01 1.061688796833331061e+00
1.174194888677799042e+01 1.086899123504761810e+00
1.179194888677799469e+01 1.059319083227749259e+00
1.184194888677799185e+01 1.059604590891072062e+00
1.189194888677799611e+01 1.083273176180558295e+00
1.194194888677799327e+01 1.055321975941225565e+00
1.199194888677799042e+01 1.051182114823040248e+00
1.204194888677799469e+01 1.075193309308514422e+00
1.209194888677799185e+01 1.097234500917058764e+00
1.214194888677799611e+01 1.071738666582304544e+00
1.219194888677799327e+01 1.081360274836293378e+00
1.224194888677799042e+01 1.113851046922464061e+00
1.229194888677799469e+01 1.061888652197657157e+00
1.234194888677799185e+01 1.037620500815192415e+00
1.239194888677799611e+01 1.109111619711300234e+00
1.244194888677799327e+01 1.022717000789725939e+00
1.249194888677799042e+01 1.073280407964249505e+00
1.254194888677799469e+01 1.073394611029578671e+00
1.259194888677799185e+01 1.053637480727619202e+00
1.264194888677799611e+01 1.050696751795390904e+00
1.269194888677799327e+01 1.068284023856094667e+00
1.274194888677799042e+01 1.058605314069441361e+00
1.279194888677799469e+01 1.039990214420774217e+00
1.284194888677799185e+01 1.047013702938522917e+00
1.289194888677799611e+01 1.056949369622167234e+00
1.294194888677799327e+01 1.068455328454088749e+00
1.299194888677799042e+01 1.121474101533191048e+00
1.304194888677799469e+01 1.018834096568531411e+00
1.309194888677799185e+01 1.046556890677206031e+00
1.314194888677799611e+01 1.054122843755268546e+00
1.319194888677799327e+01 1.075193309308514422e+00
1.324194888677799042e+01 1.073623017160237003e+00
1.329194888677799469e+01 1.056007194333201005e+00
1.334194888677799185e+01 1.029112372448163670e+00
1.339194888677799611e+01 1.033394987398010390e+00
1.344194888677799327e+01 1.049212111946110859e+00
1.349194888677799042e+01 1.080132591884003901e+00
1.354194888677799469e+01 1.056949369622167234e+00
1.359194888677799185e+01 1.010069011304512099e+00
1.364194888677799611e+01 1.027056717272237130e+00
1.369194888677799327e+01 1.020261634885147206e+00
1.374194888677799042e+01 1.039076589898140446e+00
1.379194888677799469e+01 1.029626286242145250e+00
1.384194888677799185e+01 1.050696751795390904e+00
1.389194888677799611e+01 1.053865886858277756e+00
1.394194888677799327e+01 1.016692789093608162e+00
1.399194888677799042e+01 1.023944683742015416e+00
1.404194888677799469e+01 1.041332100438393082e+00
1.409194888677799185e+01 1.025115265161639977e+00
1.414194888677799611e+01 1.077734327512090085e+00
1.419194888677799327e+01 1.047813124395827522e+00
1.424194888677799042e+01 1.044301380136953394e+00
1.429194888677799469e+01 1.080589404145321231e+00
1.434194888677799185e+01 1.024801206731984715e+00
1.439194888677799611e+01 1.042502681858017644e+00
1.444194888677799327e+01 1.081331724069961142e+00
1.449194888677799042e+01 1.056035745099533241e+00
1.454194888677799469e+01 1.064029959672580405e+00
1.459194888677799185e+01 1.061346187637343341e+00
1.464194888677799611e+01 1.073508814094907837e+00
1.469194888677799327e+01 1.087584341896737472e+00
1.474194888677799042e+01 1.025029612862643047e+00
1.479194888677799469e+01 1.107769733693681591e+00
1.484194888677799185e+01 1.024030336041012124e+00
1.489194888677799611e+01 1.050211388767742005e+00
1.494194888677799327e+01 1.041617608101715886e+00
1.499194888677799042e+01 1.033166581267352058e+00
1.504194888677799469e+01 1.009954808239182711e+00
1.509194888677799185e+01 1.057035021921164164e+00
1.514194888677799611e+01 1.034165858088982759e+00
1.519194888677799327e+01 1.062945030551952774e+00
1.524194888677799042e+01 1.076620847625129773e+00
1.529194888677799469e+01 1.037078036254878377e+00
1.534194888677799185e+01 1.022117434696747429e+00
1.539194888677799611e+01 1.060089953918721628e+00
1.544194888677799327e+01 1.042359928026356020e+00
1.549194888677799042e+01 1.057691689546807368e+00
1.554194888677799469e+01 1.061460390702672507e+00
1.559194888677799185e+01 1.069939968303369016e+00
1.564194888677799611e+01 1.084872019095167728e+00
1.569194888677799327e+01 1.075079106243185034e+00
1.574194888677799042e+01 1.065286193391202119e+00
1.579194888677799469e+01 1.083358828479555225e+00
1.584194888677799185e+01 1.078904908931714646e+00
1.589194888677799611e+01 1.089325938643008307e+00
1.594194888677799327e+01 1.050896607159717222e+00
1.599194888677799042e+01 1.085328831356484836e+00
1.604194888677799469e+01 1.039133691430804918e+00
1.609194888677799185e+01 1.071253303554655201e+00
1.614194888677799611e+01 1.060603867712703208e+00
1.619194888677799327e+01 1.006557267045637749e+00
1.624194888677799042e+01 1.055236323642228413e+00
1.629194888677799469e+01 1.060175606217718336e+00
1.634194888677799185e+01 1.027028166505905116e+00
1.639194888677799611e+01 1.028113095626532969e+00
1.644194888677799327e+01 1.022774102322390632e+00
1.649194888677799042e+01 1.032652667473370256e+00
1.654194888677799469e+01 1.022802653088722868e+00
1.659194888677799185e+01 1.035022381078952058e+00
1.664194888677799611e+01 1.004758568766701998e+00
1.669194888677799327e+01 1.007784949997927004e+00
1.674194888677799042e+01 1.031282230689419377e+00
1.679194888677799469e+01 1.072024174245627792e+00
1.684194888677799185e+01 1.044187177071624006e+00
1.689194888677799611e+01 1.046613992209870725e+00
1.694194888677799327e+01 1.035907454835253816e+00
1.699194888677799042e+01 1.067456051632458047e+00
1.704194888677799469e+01 1.086813471205765103e+00
1.709194888677799185e+01 1.034422814985973549e+00
1.714194888677799611e+01 1.051239216355704942e+00
1.719194888677799327e+01 1.053523277662289814e+00
1.724194888677799042e+01 1.093637104359187484e+00
1.729194888677799469e+01 1.061089230740352551e+00
1.734194888677799185e+01 1.065000685727879093e+00
1.739194888677799611e+01 1.060375461582044654e+00
1.744194888677799327e+01 1.065657353353522296e+00
1.749194888677799042e+01 1.036478470161900090e+00
1.754194888677799469e+01 1.040960940476072905e+00
1.759194888677799185e+01 1.064715178064556067e+00
1.764194888677799611e+01 1.065086338026876023e+00
1.769194888677799327e+01 1.086927674271094268e+00
1.774194888677799042e+01 1.026742658842581868e+00
1.779194888677799469e+01 1.075678672336163544e+00
1.784194888677799185e+01 1.046299933780215019e+00
1.789194888677799611e+01 1.021717723968095015e+00
1.794194888677799327e+01 1.052980813101975999e+00
1.799194888677799042e+01 1.065514599521860672e+00
1.804194888677799469e+01 1.030511359998447007e+00
1.809194888677799185e+01 1.062630972122297290e+00
1.814194888677799611e+01 1.090268113931974536e+00
1.819194888677799327e+01 1.046899499873193529e+00
1.824194888677799042e+01 1.043501958679648567e+00
1.829194888677799469e+01 1.066371122511830194e+00
1.834194888677799185e+01 1.044301380136953394e+00
1.839194888677799611e+01 1.081046216406637894e+00
1.844194888677799327e+01 1.055007917511569859e+00
1.849194888677799042e+01 1.046928050639526209e+00
1.854194888677799469e+01 1.074308235552212665e+00
1.859194888677799185e+01 1.063230538215275800e+00
1.864194888677799611e+01 1.058262704873453641e+00
1.869194888677799327e+01 1.068912140715405856e+00
1.874194888677799042e+01 1.070339679032021429e+00
1.879194888677799469e+01 1.092323769107900855e+00
1.884194888677799185e+01 1.047356312134510636e+00
1.889194888677799611e+01 1.097662762412043413e+00
1.894194888677799327e+01 1.033280784332681002e+00
1.899194888677799042e+01 1.054408351418591572e+00
1.904194888677799469e+01 1.071367506619984589e+00
1.909194888677799185e+01 1.067484602398790283e+00
1.914194888677799611e+01 1.070254026733024499e+00
1.919194888677799327e+01 1.053751683792948590e+00
1.924194888677799042e+01 1.042445580325352950e+00
1.929194888677799469e+01 1.042274275727359090e+00
