-1.265392445922074494e+01 0.000000000000000000e+00
-1.260392445922074600e+01 0.000000000000000000e+00
-1.255392445922074529e+01 0.000000000000000000e+00
-1.250392445922074458e+01 0.000000000000000000e+00
-1.245392445922074565e+01 0.000000000000000000e+00
-1.240392445922074494e+01 0.000000000000000000e+00
-1.235392445922074600e+01 0.000000000000000000e+00
-1.230392445922074529e+01 0.000000000000000000e+00
-1.225392445922074458e+01 0.000000000000000000e+00
-1.220392445922074565e+01 0.000000000000000000e+00
-1.215392445922074494e+01 0.000000000000000000e+00
-1.210392445922074600e+01 0.000000000000000000e+00
-1.205392445922074529e+01 0.000000000000000000e+00
-1.200392445922074458e+01 0.000000000000000000e+00
-1.195392445922074565e+01 0.000000000000000000e+00
-1.190392445922074494e+01 0.000000000000000000e+00
-1.185392445922074600e+01 0.000000000000000000e+00
-1.180392445922074529e+01 0.000000000000000000e+00
-1.175392445922074458e+01 0.000000000000000000e+00
-1.170392445922074565e+01 0.000000000000000000e+00
-1.165392445922074494e+01 0.000000000000000000e+00
-1.160392445922074600e+01 0.000000000000000000e+00
-1.155392445922074529e+01 0.000000000000000000e+00
-1.150392445922074458e+01 0.000000000000000000e+00
-1.145392445922074565e+01 0.000000000000000000e+00
-1.140392445922074494e+01 0.000000000000000000e+00
-1.135392445922074600e+01 0.000000000000000000e+00
-1.130392445922074529e+01 0.000000000000000000e+00
-1.125392445922074458e+01 0.000000000000000000e+00
-1.120392445922074565e+01 0.000000000000000000e+00
-1.115392445922074494e+01 0.000000000000000000e+00
-1.110392445922074600e+01 0.000000000000000000e+00
-1.105392445922074529e+01 0.000000000000000000e+00
-1.100392445922074458e+01 0.000000000000000000e+00
-1.095392445922074565e+01 0.000000000000000000e+00
-1.090392445922074494e+01 0.000000000000000000e+00
-1.085392445922074600e+01 0.000000000000000000e+00
-1.080392445922074529e+01 0.000000000000000000e+00
-1.075392445922074458e+01 0.000000000000000000e+00
-1.070392445922074565e+01 0.000000000000000000e+00
-1.065392445922074494e+01 0.000000000000000000e+00
-1.060392445922074600e+01 0.000000000000000000e+00
-1.055392445922074529e+01 0.000000000000000000e+00
-1.050392445922074458e+01 0.000000000000000000e+00
-1.045392445922074565e+01 0.000000000000000000e+00
-1.040392445922074494e+01 0.000000000000000000e+00
-1.035392445922074600e+01 0.000000000000000000e+00
-1.030392445922074529e+01 0.000000000000000000e+00
-1.025392445922074458e+01 0.000000000000000000e+00
-1.020392445922074565e+01 0.000000000000000000e+00
-1.015392445922074494e+01 0.000000000000000000e+00
-1.010392445922074600e+01 0.000000000000000000e+00
-1.005392445922074529e+01 0.000000000000000000e+00
-1.000392445922074458e+01 0.000000000000000000e+00
-9.953924459220745646e+00 0.000000000000000000e+00
-9.903924459220744936e+00 0.000000000000000000e+00
-9.853924459220746002e+00 0.000000000000000000e+00
-9.803924459220745291e+00 0.000000000000000000e+00
-9.753924459220744581e+00 0.000000000000000000e+00
-9.703924459220745646e+00 0.000000000000000000e+00
-9.653924459220744936e+00 0.000000000000000000e+00
-9.603924459220746002e+00 0.000000000000000000e+00
-9.553924459220745291e+00 0.000000000000000000e+00
-9.503924459220744581e+00 0.000000000000000000e+00
-9.453924459220745646e+00 0.000000000000000000e+00
-9.403924459220744936e+00 0.000000000000000000e+00
-9.353924459220746002e+00 0.000000000000000000e+00
-9.303924459220745291e+00 0.000000000000000000e+00
-9.253924459220744581e+00 0.000000000000000000e+00
-9.203924459220745646e+00 0.000000000000000000e+00
-9.153924459220744936e+00 0.000000000000000000e+00
-9.103924459220746002e+00 0.000000000000000000e+00
-9.053924459220745291e+00 0.000000000000000000e+00
-9.003924459220744581e+00 0.000000000000000000e+00
-8.953924459220745646e+00 0.000000000000000000e+00
-8.903924459220744936e+00 0.000000000000000000e+00
-8.853924459220746002e+00 0.000000000000000000e+00
-8.803924459220745291e+00 0.000000000000000000e+00
-8.753924459220744581e+00 0.000000000000000000e+00
-8.703924459220745646e+00 0.000000000000000000e+00
-8.653924459220744936e+00 0.000000000000000000e+00
-8.603924459220746002e+00 0.000000000000000000e+00
-8.553924459220745291e+00 0.000000000000000000e+00
-8.503924459220744581e+00 0.000000000000000000e+00
-8.453924459220745646e+00 0.000000000000000000e+00
-8.403924459220744936e+00 0.000000000000000000e+00
-8.353924459220746002e+00 0.000000000000000000e+00
-8.303924459220745291e+00 0.000000000000000000e+00
-8.253924459220744581e+00 0.000000000000000000e+00
-8.203924459220745646e+00 0.000000000000000000e+00
-8.153924459220744936e+00 0.000000000000000000e+00
-8.103924459220746002e+00 0.000000000000000000e+00
-8.053924459220745291e+00 0.000000000000000000e+00
-8.003924459220744581e+00 0.000000000000000000e+00
-7.953924459220745646e+00 0.000000000000000000e+00
-7.903924459220744936e+00 0.000000000000000000e+00
-7.853924459220744225e+00 0.000000000000000000e+00
-7.803924459220745291e+00 0.000000000000000000e+00
-7.753924459220744581e+00 0.000000000000000000e+00
-7.703924459220745646e+00 0.000000000000000000e+00
-7.653924459220744936e+00 0.000000000000000000e+00
-7.603924459220744225e+00 0.000000000000000000e+00
-7.553924459220745291e+00 0.000000000000000000e+00
-7.503924459220744581e+00 0.000000000000000000e+00
-7.453924459220745646e+00 0.000000000000000000e+00
-7.403924459220744936e+00 0.000000000000000000e+00
-7.353924459220744225e+00 0.000000000000000000e+00
-7.303924459220745291e+00 0.000000000000000000e+00
-7.253924459220744581e+00 0.000000000000000000e+00
-7.203924459220745646e+00 0.000000000000000000e+00
-7.153924459220744936e+00 0.000000000000000000e+00
-7.103924459220744225e+00 0.000000000000000000e+00
-7.053924459220745291e+00 0.000000000000000000e+00
-7.003924459220744581e+00 0.000000000000000000e+00
-6.953924459220745646e+00 0.000000000000000000e+00
-6.903924459220744936e+00 0.000000000000000000e+00
-6.853924459220744225e+00 0.000000000000000000e+00
-6.803924459220745291e+00 0.000000000000000000e+00
-6.753924459220744581e+00 0.000000000000000000e+00
-6.703924459220745646e+00 0.000000000000000000e+00
-6.653924459220744936e+00 0.000000000000000000e+00
-6.603924459220744225e+00 0.000000000000000000e+00
-6.553924459220745291e+00 0.000000000000000000e+00
-6.503924459220744581e+00 0.000000000000000000e+00
-6.453924459220745646e+00 0.000000000000000000e+00
-6.403924459220744936e+00 0.000000000000000000e+00
-6.353924459220744225e+00 0.000000000000000000e+00
-6.303924459220745291e+00 0.000000000000000000e+00
-6.253924459220744581e+00 0.000000000000000000e+00
-6.203924459220745646e+00 0.000000000000000000e+00
-6.153924459220744936e+00 0.000000000000000000e+00
-6.103924459220744225e+00 0.000000000000000000e+00
-6.053924459220745291e+00 0.000000000000000000e+00
-6.003924459220744581e+00 0.000000000000000000e+00
-5.953924459220745646e+00 0.000000000000000000e+00
-5.903924459220744936e+00 0.000000000000000000e+00
-5.853924459220744225e+00 0.000000000000000000e+00
-5.803924459220745291e+00 0.000000000000000000e+00
-5.753924459220744581e+00 0.000000000000000000e+00
-5.703924459220745646e+00 0.000000000000000000e+00
-5.653924459220744936e+00 0.000000000000000000e+00
-5.603924459220744225e+00 0.000000000000000000e+00
-5.553924459220745291e+00 0.000000000000000000e+00
-5.503924459220744581e+00 0.000000000000000000e+00
-5.453924459220745646e+00 0.000000000000000000e+00
-5.403924459220744936e+00 0.000000000000000000e+00
-5.353924459220744225e+00 0.000000000000000000e+00
-5.303924459220745291e+00 0.000000000000000000e+00
-5.253924459220744581e+00 0.000000000000000000e+00
-5.203924459220745646e+00 0.000000000000000000e+00
-5.153924459220744936e+00 0.000000000000000000e+00
-5.103924459220744225e+00 0.000000000000000000e+00
-5.053924459220745291e+00 0.000000000000000000e+00
-5.003924459220744581e+00 0.000000000000000000e+00
-4.953924459220745646e+00 0.000000000000000000e+00
-4.903924459220744936e+00 0.000000000000000000e+00
-4.853924459220744225e+00 0.000000000000000000e+00
-4.803924459220745291e+00 0.000000000000000000e+00
-4.753924459220744581e+00 0.000000000000000000e+00
-4.703924459220745646e+00 0.000000000000000000e+00
-4.653924459220744936e+00 0.000000000000000000e+00
-4.603924459220746002e+00 0.000000000000000000e+00
-4.553924459220745291e+00 0.000000000000000000e+00
-4.503924459220744581e+00 0.000000000000000000e+00
-4.453924459220743870e+00 0.000000000000000000e+00
-4.403924459220744936e+00 0.000000000000000000e+00
-4.353924459220746002e+00 0.000000000000000000e+00
-4.303924459220745291e+00 0.000000000000000000e+00
-4.253924459220744581e+00 0.000000000000000000e+00
-4.203924459220743870e+00 0.000000000000000000e+00
-4.153924459220744936e+00 0.000000000000000000e+00
-4.103924459220746002e+00 0.000000000000000000e+00
-4.053924459220745291e+00 0.000000000000000000e+00
-4.003924459220744581e+00 0.000000000000000000e+00
-3.953924459220743870e+00 0.000000000000000000e+00
-3.903924459220744936e+00 0.000000000000000000e+00
-3.853924459220746002e+00 0.000000000000000000e+00
-3.803924459220745291e+00 0.000000000000000000e+00
-3.753924459220744581e+00 0.000000000000000000e+00
-3.703924459220743870e+00 0.000000000000000000e+00
-3.653924459220744936e+00 0.000000000000000000e+00
-3.603924459220746002e+00 0.000000000000000000e+00
-3.553924459220745291e+00 0.000000000000000000e+00
-3.503924459220744581e+00 0.000000000000000000e+00
-3.453924459220743870e+00 0.000000000000000000e+00
-3.403924459220744936e+00 0.000000000000000000e+00
-3.353924459220746002e+00 0.000000000000000000e+00
-3.303924459220745291e+00 0.000000000000000000e+00
-3.253924459220744581e+00 0.000000000000000000e+00
-3.203924459220743870e+00 0.000000000000000000e+00
-3.153924459220744936e+00 0.000000000000000000e+00
-3.103924459220744225e+00 0.000000000000000000e+00
-3.053924459220745291e+00 0.000000000000000000e+00
-3.003924459220744581e+00 0.000000000000000000e+00
-2.953924459220743870e+00 0.000000000000000000e+00
-2.903924459220744936e+00 0.000000000000000000e+00
-2.853924459220744225e+00 0.000000000000000000e+00
-2.803924459220745291e+00 0.000000000000000000e+00
-2.753924459220744581e+00 0.000000000000000000e+00
-2.703924459220743870e+00 0.000000000000000000e+00
-2.653924459220744936e+00 0.000000000000000000e+00
-2.603924459220744225e+00 0.000000000000000000e+00
-2.553924459220745291e+00 0.000000000000000000e+00
-2.503924459220744581e+00 0.000000000000000000e+00
-2.453924459220743870e+00 0.000000000000000000e+00
-2.403924459220744936e+00 0.000000000000000000e+00
-2.353924459220744225e+00 0.000000000000000000e+00
-2.303924459220745291e+00 0.000000000000000000e+00
-2.253924459220744581e+00 0.000000000000000000e+00
-2.203924459220743870e+00 0.000000000000000000e+00
-2.153924459220744936e+00 0.000000000000000000e+00
-2.103924459220744225e+00 0.000000000000000000e+00
-2.053924459220745291e+00 0.000000000000000000e+00
-2.003924459220744581e+00 0.000000000000000000e+00
-1.953924459220743870e+00 0.000000000000000000e+00
-1.903924459220744936e+00 0.000000000000000000e+00
-1.853924459220744225e+00 0.000000000000000000e+00
-1.803924459220745291e+00 0.000000000000000000e+00
-1.753924459220744581e+00 0.000000000000000000e+00
-1.703924459220743870e+00 0.000000000000000000e+00
-1.653924459220744936e+00 0.000000000000000000e+00
-1.603924459220744225e+00 0.000000000000000000e+00
-1.553924459220745291e+00 0.000000000000000000e+00
-1.503924459220744581e+00 0.000000000000000000e+00
-1.453924459220743870e+00 0.000000000000000000e+00
-1.403924459220744936e+00 0.000000000000000000e+00
-1.353924459220744225e+00 0.000000000000000000e+00
-1.303924459220745291e+00 0.000000000000000000e+00
-1.253924459220744581e+00 0.000000000000000000e+00
-1.203924459220743870e+00 0.000000000000000000e+00
-1.153924459220744936e+00 0.000000000000000000e+00
-1.103924459220744225e+00 0.000000000000000000e+00
-1.053924459220745291e+00 0.000000000000000000e+00
-1.003924459220744581e+00 0.000000000000000000e+00
-9.539244592207438700e-01 0.000000000000000000e+00
-9.039244592207449358e-01 0.000000000000000000e+00
-8.539244592207442253e-01 0.000000000000000000e+00
-8.039244592207452911e-01 0.000000000000000000e+00
-7.539244592207445805e-01 0.000000000000000000e+00
-7.039244592207438700e-01 0.000000000000000000e+00
-6.539244592207449358e-01 0.000000000000000000e+00
-6.039244592207442253e-01 0.000000000000000000e+00
-5.539244592207452911e-01 0.000000000000000000e+00
-5.039244592207445805e-01 0.000000000000000000e+00
-4.539244592207438700e-01 0.000000000000000000e+00
-4.039244592207449358e-01 0.000000000000000000e+00
-3.539244592207442253e-01 0.000000000000000000e+00
-3.039244592207452911e-01 0.000000000000000000e+00
-2.539244592207445805e-01 3.009978648678261239e-05
-2.039244592207438700e-01 1.203991459471304495e-04
-1.539244592207449358e-01 9.029935946034783716e-05
-1.039244592207442253e-01 3.310976513546087362e-04
-5.392445922074529108e-02 4.815965837885217982e-04
-3.924459220744580534e-03 8.126942351431305344e-04
4.607554077925613001e-02 6.621953027092174725e-04
9.607554077925506419e-02 1.414689964878782782e-03
1.460755407792557747e-01 2.167184627048348092e-03
1.960755407792547089e-01 2.468182491916174649e-03
2.460755407792554195e-01 3.280876727059305401e-03
2.960755407792561300e-01 5.207263062213391726e-03
3.460755407792550642e-01 9.060035732521566978e-03
3.960755407792557747e-01 1.501979345690452466e-02
4.460755407792547089e-01 2.931719203812626143e-02
4.960755407792554195e-01 4.885195346804818706e-02
5.460755407792561300e-01 7.612236002507323518e-02
5.960755407792550642e-01 1.108876134173071432e-01
6.460755407792557747e-01 1.368035295824269748e-01
6.960755407792547089e-01 1.475792531446951661e-01
7.460755407792554195e-01 1.472782552798272970e-01
7.960755407792561300e-01 1.352082408986274853e-01
8.460755407792550642e-01 1.213322393282207090e-01
8.960755407792557747e-01 1.179309634552142688e-01
9.460755407792547089e-01 1.154025813903245268e-01
9.960755407792554195e-01 1.245529164823064583e-01
1.046075540779256130e+00 1.329206571256320024e-01
1.096075540779255064e+00 1.468869580554991450e-01
1.146075540779255775e+00 1.714182840422269760e-01
1.196075540779254709e+00 2.222568234184028046e-01
1.246075540779255419e+00 3.156564608868892563e-01
1.296075540779256130e+00 4.640484082667275523e-01
1.346075540779255064e+00 6.159319308790325298e-01
1.396075540779255775e+00 7.822633510049932237e-01
1.446075540779254709e+00 8.902613849195692985e-01
1.496075540779255419e+00 1.045064586821092156e+00
1.546075540779256130e+00 1.010178934282911278e+00
1.596075540779255064e+00 1.071070802345672535e+00
1.646075540779255775e+00 9.564508154040042287e-01
1.696075540779254709e+00 9.851359119259082142e-01
1.746075540779255419e+00 9.993731109341563723e-01
1.796075540779256130e+00 1.213442792428154116e+00
1.846075540779255064e+00 1.622167793132175406e+00
1.896075540779255775e+00 2.346097757925783789e+00
1.946075540779254709e+00 3.325213712554335732e+00
1.996075540779255419e+00 4.309416531099153680e+00
2.046075540779256130e+00 4.717178338635596546e+00
2.096075540779255064e+00 4.599096876247949162e+00
2.146075540779255775e+00 3.888410817508525241e+00
2.196075540779254709e+00 2.975062896353593000e+00
2.246075540779255419e+00 2.170706302067301863e+00
2.296075540779256130e+00 1.378901318745998417e+00
2.346075540779255064e+00 9.972059263071080260e-01
2.396075540779255775e+00 7.065322882042481822e-01
2.446075540779254709e+00 5.101913809509652786e-01
2.496075540779255419e+00 4.493597124611775628e-01
2.546075540779256130e+00 4.155576522365206915e-01
2.596075540779255064e+00 3.894912371389669947e-01
2.646075540779255775e+00 3.955412942228103135e-01
2.696075540779254709e+00 3.723042590550141306e-01
2.746075540779255419e+00 3.727557558523159065e-01
2.796075540779256130e+00 3.815147937199696582e-01
2.846075540779255064e+00 4.010495551498915456e-01
2.896075540779255775e+00 4.277781655501544655e-01
2.946075540779254709e+00 4.532726847044593610e-01
2.996075540779255419e+00 5.036597272833334138e-01
3.046075540779256130e+00 5.454984304999612732e-01
3.096075540779255064e+00 6.188516101682505210e-01
3.146075540779255775e+00 6.974722524717267280e-01
3.196075540779254709e+00 7.381972635883435885e-01
3.246075540779255419e+00 7.991794310105651000e-01
3.296075540779256130e+00 8.797866592221690318e-01
3.346075540779253288e+00 9.096456474170573347e-01
3.396075540779257551e+00 1.010239133855884930e+00
3.446075540779254709e+00 1.106979847624404156e+00
3.496075540779255419e+00 1.186051986725182417e+00
3.546075540779256130e+00 1.313343983777785828e+00
3.596075540779253288e+00 1.343413670478081690e+00
3.646075540779257551e+00 1.462759323898174646e+00
3.696075540779254709e+00 1.537196095879987956e+00
3.746075540779255419e+00 1.529610949685318522e+00
3.796075540779256130e+00 1.574850928774953029e+00
3.846075540779253288e+00 1.595138184867044506e+00
3.896075540779257551e+00 1.585476153404787425e+00
3.946075540779254709e+00 1.538460286912432862e+00
3.996075540779255419e+00 1.472632053865839286e+00
4.046075540779256130e+00 1.440244683606061171e+00
4.096075540779253288e+00 1.419566130289641848e+00
4.146075540779257551e+00 1.287337768253205450e+00
4.196075540779254709e+00 1.279210825901774262e+00
4.246075540779255419e+00 1.168142613765546400e+00
4.296075540779256130e+00 1.099545200362168851e+00
4.346075540779253288e+00 9.881458905745864607e-01
4.396075540779257551e+00 9.444109008092913538e-01
4.446075540779254709e+00 8.787632664816182881e-01
4.496075540779255419e+00 7.935206711510500721e-01
4.546075540779256130e+00 7.641131797534633785e-01
4.596075540779253288e+00 7.099034642907677828e-01
4.646075540779257551e+00 6.540984601442729751e-01
4.696075540779254709e+00 6.413662504603638848e-01
4.746075540779255419e+00 6.297778326629526191e-01
4.796075540779256130e+00 6.208381960763782459e-01
4.846075540779253288e+00 6.021462286680860920e-01
4.896075540779257551e+00 6.345335989278643174e-01
4.946075540779254709e+00 6.274601491034703660e-01
4.996075540779255419e+00 6.587940268362111329e-01
5.046075540779256130e+00 6.900376052094914225e-01
5.096075540779253288e+00 7.279031366098638323e-01
5.146075540779257551e+00 7.590263158371970409e-01
5.196075540779254709e+00 8.144701225458507166e-01
5.246075540779255419e+00 8.821043427816511739e-01
5.296075540779256130e+00 9.274045214442592222e-01
5.346075540779253288e+00 9.599122908499844176e-01
5.396075540779257551e+00 1.046900673796786085e+00
5.446075540779254709e+00 1.088107281497191270e+00
5.496075540779255419e+00 1.147975756819402005e+00
5.546075540779256130e+00 1.168293112697980529e+00
5.596075540779253288e+00 1.247244852652811042e+00
5.646075540779257551e+00 1.321049529118402122e+00
5.696075540779254709e+00 1.368306193902650847e+00
5.746075540779255419e+00 1.314728573956177593e+00
5.796075540779256130e+00 1.389014847005557218e+00
5.846075540779253288e+00 1.360510349202574076e+00
5.896075540779257551e+00 1.360209351337706263e+00
5.946075540779254709e+00 1.340885288413191878e+00
5.996075540779255419e+00 1.301003071318205029e+00
6.046075540779256130e+00 1.299197084128998148e+00
6.096075540779253288e+00 1.248418744325795693e+00
6.146075540779257551e+00 1.220847339903902817e+00
6.196075540779254709e+00 1.253716306747469478e+00
6.246075540779255419e+00 1.178256142025105424e+00
6.296075540779256130e+00 1.142286897173399929e+00
6.346075540779253288e+00 1.069626012594306896e+00
6.396075540779257551e+00 1.022790744820873066e+00
6.446075540779254709e+00 9.708084135581995788e-01
6.496075540779258972e+00 9.473907796714828855e-01
6.546075540779256130e+00 9.001341148872339382e-01
6.596075540779253288e+00 8.620578849814540812e-01
6.646075540779257551e+00 8.088113626863355776e-01
6.696075540779254709e+00 8.141691246809829030e-01
6.746075540779258972e+00 8.105872500890558552e-01
6.796075540779256130e+00 8.216037719432180975e-01
6.846075540779253288e+00 7.923768792645523584e-01
6.896075540779257551e+00 7.928283760618539677e-01
6.946075540779254709e+00 7.825342490833744336e-01
6.996075540779258972e+00 8.321386972135922377e-01
7.046075540779256130e+00 8.099250547863465766e-01
7.096075540779253288e+00 8.261789394892091742e-01
7.146075540779257551e+00 8.799070583681161128e-01
7.196075540779254709e+00 8.789137654140523059e-01
7.246075540779258972e+00 8.942646565223113519e-01
7.296075540779256130e+00 9.649991547662505331e-01
7.346075540779253288e+00 9.557284205283214096e-01
7.396075540779257551e+00 1.002172391077426949e+00
7.446075540779254709e+00 1.019810865958681756e+00
7.496075540779258972e+00 1.037629939558857073e+00
7.546075540779256130e+00 1.055930609742820714e+00
7.596075540779253288e+00 1.064208051026686030e+00
7.646075540779257551e+00 1.102585278797333812e+00
7.696075540779254709e+00 1.119952855600207631e+00
7.746075540779258972e+00 1.146741665573444147e+00
7.796075540779256130e+00 1.153333518814049441e+00
7.846075540779253288e+00 1.145266776035591461e+00
7.896075540779257551e+00 1.139999313400404501e+00
7.946075540779254709e+00 1.115227189121782647e+00
7.996075540779258972e+00 1.130578080230041804e+00
8.046075540779256130e+00 1.102103682213545266e+00
8.096075540779253288e+00 1.122120040227255533e+00
8.146075540779257551e+00 1.077301458148436364e+00
8.196075540779254709e+00 1.101381287337862558e+00
8.246075540779258972e+00 1.086271194521497785e+00
8.296075540779256130e+00 1.044101393653515508e+00
8.346075540779253288e+00 1.059632883480695176e+00
8.396075540779257551e+00 1.058759989672578339e+00
8.446075540779254709e+00 9.796276509988268710e-01
8.496075540779258972e+00 1.010118734709937627e+00
8.546075540779256130e+00 9.919685634584076706e-01
8.596075540779253288e+00 9.705074156933318763e-01
8.646075540779257551e+00 9.467586841552602106e-01
8.696075540779254709e+00 9.331535806632345054e-01
8.746075540779258972e+00 9.469994824471545947e-01
8.796075540779256130e+00 9.446215993146988010e-01
8.846075540779253288e+00 9.583772017391584130e-01
8.896075540779257551e+00 9.332137802362081569e-01
8.946075540779254709e+00 9.789654556961178145e-01
8.996075540779258972e+00 9.584675010986187793e-01
9.046075540779256130e+00 9.958514359152027540e-01
9.096075540779253288e+00 9.173812925441605648e-01
9.146075540779257551e+00 9.504308581066477357e-01
9.196075540779254709e+00 1.005393068231512865e+00
9.246075540779258972e+00 1.014091906526193076e+00
9.296075540779256130e+00 1.015205598626203853e+00
9.346075540779253288e+00 9.955805378368216552e-01
9.396075540779257551e+00 1.054124622553614055e+00
9.446075540779254709e+00 1.056984102269858283e+00
9.496075540779258972e+00 1.026733816850641690e+00
9.546075540779256130e+00 1.021195456137073743e+00
9.596075540779253288e+00 1.096986718510792436e+00
9.646075540779257551e+00 1.062522462983426230e+00
9.696075540779254709e+00 1.080100738291707385e+00
9.746075540779258972e+00 1.079077345551156641e+00
9.796075540779256130e+00 1.050301949669792512e+00
9.846075540779253288e+00 1.062191365332071591e+00
9.896075540779257551e+00 1.056532605472556563e+00
9.946075540779254709e+00 1.063636155083437229e+00
9.996075540779258972e+00 1.052318635364406951e+00
1.004607554077925613e+01 1.058097794369869060e+00
1.009607554077925329e+01 1.050332049456279337e+00
1.014607554077925755e+01 1.024897729874947760e+00
1.019607554077925471e+01 1.051626340275211069e+00
1.024607554077925897e+01 9.797480501447740631e-01
1.029607554077925613e+01 1.040639918207535208e+00
1.034607554077925329e+01 1.027064914501996329e+00
1.039607554077925755e+01 1.009306040474794663e+00
1.044607554077925471e+01 9.795674514258533305e-01
1.049607554077925897e+01 9.835105234556218434e-01
1.054607554077925613e+01 9.655108511365257939e-01
1.059607554077925329e+01 9.588888981094336739e-01
1.064607554077925755e+01 9.709890122771203114e-01
1.069607554077925471e+01 9.846844151286062718e-01
1.074607554077925897e+01 9.639155624527263599e-01
1.079607554077925613e+01 9.481733741201391341e-01
1.084607554077925329e+01 9.547652273607444284e-01
1.089607554077925755e+01 9.410397247227717532e-01
1.094607554077925471e+01 9.901926760556876150e-01
1.099607554077925897e+01 9.786343580447630641e-01
1.104607554077925613e+01 9.775507657312390020e-01
1.109607554077925329e+01 9.844135170502253951e-01
1.114607554077925755e+01 1.007861250723429025e+00
1.119607554077925471e+01 9.932929540638262278e-01
1.124607554077925897e+01 1.001028599190929347e+00
1.129607554077925613e+01 9.726144007474066822e-01
1.134607554077925329e+01 1.036335648739925341e+00
1.139607554077925755e+01 1.007500053285587560e+00
1.144607554077925471e+01 1.016981486028924131e+00
1.149607554077925897e+01 1.010118734709937627e+00
1.154607554077925613e+01 1.037991136996698316e+00
1.159607554077925329e+01 9.964534316449384921e-01
1.164607554077925755e+01 1.020743959339772022e+00
1.169607554077925471e+01 1.029412697847965408e+00
1.174607554077925897e+01 1.031278884610145941e+00
1.179607554077925613e+01 1.065923738856432657e+00
1.184607554077925329e+01 1.091147359932356453e+00
1.189607554077925755e+01 1.064238150813172856e+00
1.194607554077925471e+01 1.041843909667006685e+00
1.199607554077925897e+01 1.065201343980749948e+00
1.204607554077925613e+01 1.031188585250685685e+00
1.209607554077925329e+01 1.016108592220807516e+00
1.214607554077925755e+01 1.041964308812953766e+00
1.219607554077925471e+01 1.056743303977964121e+00
1.224607554077925897e+01 1.036997844042634398e+00
1.229607554077925613e+01 9.824570309285844960e-01
1.234607554077925329e+01 1.003316182963924774e+00
1.239607554077925755e+01 1.015356097558637760e+00
1.244607554077925471e+01 1.039586425680497861e+00
1.249607554077925897e+01 9.813132390420866713e-01
1.254607554077925613e+01 1.003045284885543786e+00
1.259607554077925329e+01 1.016319290726214852e+00
1.264607554077925755e+01 9.948581429611389471e-01
1.269607554077925471e+01 9.758350779014922649e-01
1.274607554077925897e+01 9.782129610339482806e-01
1.279607554077925613e+01 9.812229396826265271e-01
1.284607554077925329e+01 9.789654556961178145e-01
1.289607554077925755e+01 9.577451062229359602e-01
1.294607554077925471e+01 9.546749280012840622e-01
1.299607554077925897e+01 9.500696606688063817e-01
1.304607554077925613e+01 9.838717208934633085e-01
1.309607554077925329e+01 9.903130752016348071e-01
1.314607554077925755e+01 9.971457267341343744e-01
1.319607554077925471e+01 9.950989412530332201e-01
1.324607554077925897e+01 9.726144007474066822e-01
1.329607554077925613e+01 9.692432246608870816e-01
1.334607554077925329e+01 1.001901492999046184e+00
1.339607554077925755e+01 1.031730381407447661e+00
1.344607554077925471e+01 1.028750502545256129e+00
1.349607554077925897e+01 9.954601386908745742e-01
1.354607554077925613e+01 1.054245021699561136e+00
1.359607554077925329e+01 1.017824280050553920e+00
1.364607554077925755e+01 1.048857159918427095e+00
1.369607554077925471e+01 1.003406482323385251e+00
1.374607554077925897e+01 1.049188257569781513e+00
1.379607554077925613e+01 1.003255983390951345e+00
1.384607554077925329e+01 1.023814137561423809e+00
1.389607554077925755e+01 1.016259091153241423e+00
1.394607554077925471e+01 1.028840801904716606e+00
1.399607554077925897e+01 1.001931592785532787e+00
1.404607554077925613e+01 1.058398792234736874e+00
1.409607554077925329e+01 9.963932320719648406e-01
1.414607554077925755e+01 1.035191856853427517e+00
1.419607554077925471e+01 9.698151206041356609e-01
1.424607554077925897e+01 1.009877936418043465e+00
1.429607554077925613e+01 1.022459647169518648e+00
1.434607554077925329e+01 1.049188257569781513e+00
1.439607554077925755e+01 1.051746739421158150e+00
1.444607554077925471e+01 1.022820844607359891e+00
1.449607554077925897e+01 1.049248457142755164e+00
1.454607554077925613e+01 1.075104173734901636e+00
1.459607554077925329e+01 1.017312583680278548e+00
1.464607554077925755e+01 1.028901001477690258e+00
1.469607554077925471e+01 1.088197580856651747e+00
1.474607554077925897e+01 1.036847345110200713e+00
1.479607554077925613e+01 1.063274957645595986e+00
1.484607554077925329e+01 1.038292134861566129e+00
1.489607554077925755e+01 1.008944843036953198e+00
1.494607554077925471e+01 9.931725549178791468e-01
1.499607554077925897e+01 9.990420132828016220e-01
1.504607554077925613e+01 9.832396253772408556e-01
1.509607554077925329e+01 9.588286985364601334e-01
1.514607554077925755e+01 9.967845292962930204e-01
1.519607554077925471e+01 9.636145645878585464e-01
1.524607554077925897e+01 9.670158404608648617e-01
1.529607554077925613e+01 9.742397892176928309e-01
1.534607554077925329e+01 1.022730545247899636e+00
1.539607554077925755e+01 1.002774386807162799e+00
1.544607554077925471e+01 9.926006589746301234e-01
1.549607554077925897e+01 1.024024836066831146e+00
1.554607554077925613e+01 1.000908200044982266e+00
1.559607554077925329e+01 1.010690630653186650e+00
1.564607554077925755e+01 1.039195128456169570e+00
1.569607554077925471e+01 1.038502833366973466e+00
1.574607554077925897e+01 1.030827387812843998e+00
1.579607554077925613e+01 1.023332540977635263e+00
1.584607554077925329e+01 1.050663147107633755e+00
1.589607554077925755e+01 1.032874173293945264e+00
1.594607554077925471e+01 1.050151450737358605e+00
1.599607554077925897e+01 1.032242077777723033e+00
1.604607554077925613e+01 9.981390196881982924e-01
1.609607554077925329e+01 9.976574231044097463e-01
1.614607554077925755e+01 1.007891350509915851e+00
1.619607554077925471e+01 9.924802598286830424e-01
1.624607554077925897e+01 9.946173446692446740e-01
1.629607554077925613e+01 1.057164700988778794e+00
1.634607554077925329e+01 9.840523196123839300e-01
1.639607554077925755e+01 9.725241013879462049e-01
1.644607554077925471e+01 1.005724165882867283e+00
1.649607554077925897e+01 1.005031870793671400e+00
1.654607554077925613e+01 9.594005944797089347e-01
1.659607554077925329e+01 9.852262112853684695e-01
1.664607554077925755e+01 9.221370588090721521e-01
1.669607554077925471e+01 9.811928398961395903e-01
1.674607554077925897e+01 9.700258191095433302e-01
1.679607554077925613e+01 9.345080710551398884e-01
1.684607554077925329e+01 9.394143362524853824e-01
1.689607554077925755e+01 9.854369097907760278e-01
1.694607554077925471e+01 9.761059759798733637e-01
1.699607554077925897e+01 9.656914498554465265e-01
1.704607554077925613e+01 9.575344077175285129e-01
1.709607554077925329e+01 9.019702018629277562e-01
1.714607554077925755e+01 9.711094114230673924e-01
1.719607554077925471e+01 1.018095178128935130e+00
1.724607554077925897e+01 9.813132390420866713e-01
1.729607554077925613e+01 9.689723265825057608e-01
1.734607554077925329e+01 9.649389551932769926e-01
1.739607554077925755e+01 9.758049781150056612e-01
1.744607554077925471e+01 9.888381856637824541e-01
1.749607554077925897e+01 1.022369347810058393e+00
1.754607554077925613e+01 1.027305712793890713e+00
1.759607554077925329e+01 1.037027943829121446e+00
1.764607554077925755e+01 1.012195619977525496e+00
1.769607554077925471e+01 1.005001771007184574e+00
1.774607554077925897e+01 9.769788697879899786e-01
1.779607554077925613e+01 1.027486311512811223e+00
1.784607554077925329e+01 1.065472242059130936e+00
1.789607554077925755e+01 1.054184822126587484e+00
1.794607554077925471e+01 1.092050353526960116e+00
1.799607554077925897e+01 1.090966761213435943e+00
1.804607554077925613e+01 1.089251073383689317e+00
1.809607554077925329e+01 1.094097139008061159e+00
1.814607554077925755e+01 1.037961037210211712e+00
1.819607554077925471e+01 1.052589533442787939e+00
1.824607554077925897e+01 1.065652840778051447e+00
1.829607554077925613e+01 1.053131329599550137e+00
1.834607554077925329e+01 1.053010930453603056e+00
1.839607554077925755e+01 1.040609818421048605e+00
1.844607554077925471e+01 1.077963653451145865e+00
1.849607554077925897e+01 1.086421693453931692e+00
1.854607554077925613e+01 1.059452284761774443e+00
1.859607554077925329e+01 1.012647116774827438e+00
1.864607554077925755e+01 1.001480095988231067e+00
1.869607554077925471e+01 1.021376054855994253e+00
1.874607554077925897e+01 1.010058535136964197e+00
1.879607554077925613e+01 9.978380218233304788e-01
1.884607554077925329e+01 1.013249112504563065e+00
1.889607554077925755e+01 9.833299247367012219e-01
1.894607554077925471e+01 1.003767679761226717e+00
1.899607554077925897e+01 1.012105320618065463e+00
1.904607554077925613e+01 9.858583068015909223e-01
1.909607554077925329e+01 1.020412861688417383e+00
1.914607554077925755e+01 9.850456125664476259e-01
1.919607554077925471e+01 9.977778222503568273e-01
1.924607554077925897e+01 1.007379654139640479e+00
1.929607554077925613e+01 1.017252384107305341e+00
1.934607554077926039e+01 1.010058535136964197e+00
1.939607554077925755e+01 9.890789839556766161e-01
1.944607554077925471e+01 1.010690630653186650e+00
1.949607554077925187e+01 1.055057715934703877e+00
1.954607554077925613e+01 9.966039305773723989e-01
1.959607554077926039e+01 9.956708371962820214e-01
1.964607554077925755e+01 1.008764244318032466e+00
1.969607554077925471e+01 9.770390693609637411e-01
1.974607554077925187e+01 9.859787059475380033e-01
1.979607554077925613e+01 9.634640656554247506e-01
1.984607554077926039e+01 9.707783137717128641e-01
1.989607554077925755e+01 9.526883420931565594e-01
1.994607554077925471e+01 9.572936094256341288e-01
1.999607554077925187e+01 9.482335736931125636e-01
2.004607554077925613e+01 9.737882924203911106e-01
2.009607554077926039e+01 9.755340800366245624e-01
2.014607554077925755e+01 9.510930534093571254e-01
2.019607554077925471e+01 9.876040944178243741e-01
2.024607554077925187e+01 9.539826329120881798e-01
2.029607554077925613e+01 9.723435026690254723e-01
2.034607554077926039e+01 9.229497530442153375e-01
2.039607554077925755e+01 9.848650138475270044e-01
2.044607554077925471e+01 9.782430608204349953e-01
2.049607554077925187e+01 9.846543153421195571e-01
2.054607554077925613e+01 9.915772662340796018e-01
2.059607554077926039e+01 1.005212469512592133e+00
2.064607554077925755e+01 9.822764322096637635e-01
2.069607554077925471e+01 9.597316921310636850e-01
2.074607554077925187e+01 9.810423409637057945e-01
2.079607554077925613e+01 9.847446147015801454e-01
2.084607554077926039e+01 1.000637301966601278e+00
2.089607554077925755e+01 9.938648500070750291e-01
2.094607554077925471e+01 1.010750830226160080e+00
2.099607554077925187e+01 1.008372947093704397e+00
2.104607554077925613e+01 1.032783873934485008e+00
2.109607554077926039e+01 1.016439689872161933e+00
2.114607554077925755e+01 1.018155377701908781e+00
2.119607554077925471e+01 1.018155377701908781e+00
2.124607554077925187e+01 1.042295406464308405e+00
2.129607554077925613e+01 1.049489255434649326e+00
2.134607554077926039e+01 1.021225555923560346e+00
2.139607554077925755e+01 1.041843909667006685e+00
2.144607554077925471e+01 1.043108100699451590e+00
2.149607554077925187e+01 1.079318143843050803e+00
2.154607554077925613e+01 1.068843418145650537e+00
2.159607554077926039e+01 1.105414658727091437e+00
2.164607554077925755e+01 1.064057552094252124e+00
2.169607554077925471e+01 1.090184166764779361e+00
2.174607554077925187e+01 1.089461771889096653e+00
2.179607554077925613e+01 1.045455884045420669e+00
2.184607554077926039e+01 1.040519519061588127e+00
2.189607554077925755e+01 1.083381615018766508e+00
2.194607554077925471e+01 1.034258763472337250e+00
2.199607554077925187e+01 1.034920958775046529e+00
2.204607554077925613e+01 9.928414572665245075e-01
2.209607554077926039e+01 1.056321906967149005e+00
2.214607554077925755e+01 9.812831392555998455e-01
2.219607554077925471e+01 9.934735527827469603e-01
2.224607554077925187e+01 9.818550351988487579e-01
2.229607554077925613e+01 9.673770378987063268e-01
2.234607554077926039e+01 9.984701173395528206e-01
2.239607554077925755e+01 9.687917278635850282e-01
2.244607554077925471e+01 1.019570067666787594e+00
2.249607554077925187e+01 9.769487700015033749e-01
2.254607554077925613e+01 9.771895682933975369e-01
2.259607554077926039e+01 1.006235862253142654e+00
2.264607554077925755e+01 9.729755981852479252e-01
2.269607554077925471e+01 1.012195619977525496e+00
2.274607554077925187e+01 1.027365912366864142e+00
2.279607554077925613e+01 1.021797451866809370e+00
2.284607554077926039e+01 1.005995063961248270e+00
2.289607554077925755e+01 1.031248784823659115e+00
2.294607554077925471e+01 1.016409590085675330e+00
2.299607554077925187e+01 9.991624124287488140e-01
2.304607554077925613e+01 1.048796960345453444e+00
2.309607554077926039e+01 1.029984593791214209e+00
2.314607554077925755e+01 1.002142291290940346e+00
2.319607554077925471e+01 1.016228991366754597e+00
2.324607554077925187e+01 1.014784201615388959e+00
2.329607554077925613e+01 1.019028271510025396e+00
2.334607554077926039e+01 1.035643353650729237e+00
2.339607554077925755e+01 1.030947786958791079e+00
2.344607554077925471e+01 9.992226120017223545e-01
2.349607554077925187e+01 1.042265306677821579e+00
2.354607554077925613e+01 1.052258435791433300e+00
2.359607554077926039e+01 1.020804158912745674e+00
2.364607554077925755e+01 1.053372127891444299e+00
2.369607554077925471e+01 1.021917851012756451e+00
2.374607554077925187e+01 9.883565890799937970e-01
2.379607554077925613e+01 1.005603766736920424e+00
2.384607554077926039e+01 9.838115213204896570e-01
2.389607554077925755e+01 9.231303517631359590e-01
2.394607554077925471e+01 9.680693329879024311e-01
2.399607554077925187e+01 9.567518132688721533e-01
2.404607554077925613e+01 9.575043079310416871e-01
2.409607554077926039e+01 9.561197177526497004e-01
2.414607554077925755e+01 1.006055263534222144e+00
2.419607554077925471e+01 9.762865746987940962e-01
2.424607554077925187e+01 9.387220411632895001e-01
2.429607554077925613e+01 9.567217134823853275e-01
2.434607554077926039e+01 9.541030320580354829e-01
2.439607554077925755e+01 9.445914995282118642e-01
2.444607554077925471e+01 9.178327893414621741e-01
2.449607554077925187e+01 9.988614145638810005e-01
2.454607554077925613e+01 9.634339658689379249e-01
2.459607554077926039e+01 9.348090689200077019e-01
2.464607554077925755e+01 9.842329183313047736e-01
2.469607554077925471e+01 9.568120128418455828e-01
2.474607554077925187e+01 9.668352417419443512e-01
2.479607554077925613e+01 9.948581429611389471e-01
2.484607554077926039e+01 1.007861250723429025e+00
2.489607554077925755e+01 1.057856996077974898e+00
2.494607554077925471e+01 1.027727109804705607e+00
2.499607554077925187e+01 1.024807430515487727e+00
2.504607554077925613e+01 1.059422184975287617e+00
2.509607554077926039e+01 1.104270866840593612e+00
2.514607554077925755e+01 1.119320760083984956e+00
2.519607554077925471e+01 1.096113824702675599e+00
2.524607554077925187e+01 1.100809391394613757e+00
2.529607554077925613e+01 1.150082741873476921e+00
2.534607554077926039e+01 1.036004551088570480e+00
2.539607554077925755e+01 1.098521807621618329e+00
2.544607554077925471e+01 1.112397809192025244e+00
2.549607554077925187e+01 1.108635335881177353e+00
2.554607554077925613e+01 1.035974451302084098e+00
2.559607554077926039e+01 1.095210831108072158e+00
2.564607554077925755e+01 1.060204779423943977e+00
2.569607554077925471e+01 1.118327467129921038e+00
2.574607554077925897e+01 1.039134928883196141e+00
2.579607554077925613e+01 1.007439853712614131e+00
2.584607554077926039e+01 1.022881044180333543e+00
2.589607554077925755e+01 9.842329183313047736e-01
2.594607554077925471e+01 9.946775442422183255e-01
2.599607554077925897e+01 9.776109653042124314e-01
2.604607554077925613e+01 9.899518777637933420e-01
2.609607554077926039e+01 9.487151702769012207e-01
2.614607554077925755e+01 9.381802450065273025e-01
2.619607554077925471e+01 9.519960470039605660e-01
2.624607554077925897e+01 9.579859045148302332e-01
2.629607554077925613e+01 9.651195539121976141e-01
2.634607554077926039e+01 9.851961114988816437e-01
2.639607554077925755e+01 9.684907299987173257e-01
2.644607554077925471e+01 9.502502593877270032e-01
2.649607554077925897e+01 9.379996462876065699e-01
2.654607554077925613e+01 9.969651280152137529e-01
2.659607554077926039e+01 9.905538734935290801e-01
2.664607554077925755e+01 1.001028599190929347e+00
2.669607554077925471e+01 1.032994572439892345e+00
2.674607554077925897e+01 9.965738307908855731e-01
2.679607554077925613e+01 1.012496617842393531e+00
2.684607554077926039e+01 1.005814465242327760e+00
2.689607554077925755e+01 1.014814301401875785e+00
2.694607554077925471e+01 1.053883824261719449e+00
2.699607554077925897e+01 1.058910488605012468e+00
2.704607554077925613e+01 1.033385869664220857e+00
2.709607554077926039e+01 1.035191856853427517e+00
2.714607554077925755e+01 1.007560252858561212e+00
2.719607554077925471e+01 1.052709932588735242e+00
2.724607554077925897e+01 1.049067858423834432e+00
2.729607554077925613e+01 1.025620124750630691e+00
2.734607554077926039e+01 9.976574231044097463e-01
2.739607554077925755e+01 9.913665677286720435e-01
2.744607554077925471e+01 1.035402555358835075e+00
2.749607554077925897e+01 9.577752060094228970e-01
2.754607554077925613e+01 9.820958334907431420e-01
2.759607554077926039e+01 9.494676649390708656e-01
2.764607554077925755e+01 9.282172156794021856e-01
2.769607554077925471e+01 9.513037519147644616e-01
2.774607554077925897e+01 9.665041440905897119e-01
2.779607554077925613e+01 9.631630677905568261e-01
2.784607554077926039e+01 9.372471516254370361e-01
2.789607554077925755e+01 9.299329035091488116e-01
2.794607554077925471e+01 8.951676501169147926e-01
2.799607554077925897e+01 8.662718550896035818e-01
2.804607554077925613e+01 8.504393673975558787e-01
2.809607554077926039e+01 8.313260029784490523e-01
2.814607554077925755e+01 8.462855968623799185e-01
2.819607554077925471e+01 8.432154186407281315e-01
2.824607554077925897e+01 8.263595382081299068e-01
2.829607554077925613e+01 8.400850408461026930e-01
2.834607554077926039e+01 8.621782841274011622e-01
2.839607554077925755e+01 8.419512276082831148e-01
2.844607554077925471e+01 8.622384837003748137e-01
2.849607554077925897e+01 8.790943641329730385e-01
2.854607554077925613e+01 9.175618912630812973e-01
2.859607554077926039e+01 9.262607295577612865e-01
2.864607554077925755e+01 1.024717131156027250e+00
2.869607554077925471e+01 1.031278884610145941e+00
2.874607554077925897e+01 1.098943204632433446e+00
2.879607554077925613e+01 1.166637624441207333e+00
2.884607554077926039e+01 1.232556156847261164e+00
2.889607554077925755e+01 1.269398295507083052e+00
2.894607554077925471e+01 1.367312900948587151e+00
2.899607554077925897e+01 1.354068994894402689e+00
2.904607554077925613e+01 1.401716956902979483e+00
2.909607554077926039e+01 1.534396815736717157e+00
2.914607554077925755e+01 1.516126245339240119e+00
2.919607554077925471e+01 1.520942211177125580e+00
2.924607554077925897e+01 1.501919146117478787e+00
2.929607554077925613e+01 1.503905732025606401e+00
2.934607554077926039e+01 1.522146202636596612e+00
2.939607554077925755e+01 1.465408105109011538e+00
2.944607554077925471e+01 1.413455873632824877e+00
2.949607554077925897e+01 1.320778631040021356e+00
2.954607554077925613e+01 1.235204938058098056e+00
2.959607554077926039e+01 1.182319613200820907e+00
2.964607554077925755e+01 1.104692263851408729e+00
2.969607554077925471e+01 1.043108100699451590e+00
2.974607554077925897e+01 1.001961692572019613e+00
2.979607554077925613e+01 9.363742578173201991e-01
2.984607554077926039e+01 8.792749628518936600e-01
2.989607554077925755e+01 8.121223391998816377e-01
2.994607554077925471e+01 7.573708275804240664e-01
2.999607554077925897e+01 7.136358378151288484e-01
3.004607554077925613e+01 6.571686383659247621e-01
3.009607554077926039e+01 6.273096501710363482e-01
3.014607554077925755e+01 6.197245039763671359e-01
3.019607554077925471e+01 6.082865851113898881e-01
3.024607554077925897e+01 5.696384592623608967e-01
3.029607554077925613e+01 5.891732206922829507e-01
3.034607554077926039e+01 5.690665633191120953e-01
3.039607554077925755e+01 5.912802057463575345e-01
3.044607554077925471e+01 5.864642399084724067e-01
3.049607554077925897e+01 5.789392932867767350e-01
3.054607554077925613e+01 6.325169132332498778e-01
3.059607554077926039e+01 6.829942551715841859e-01
3.064607554077925755e+01 6.797434782310117773e-01
3.069607554077925471e+01 7.172779119800296588e-01
3.074607554077925897e+01 7.375952678586078504e-01
3.079607554077925613e+01 7.895173995483079077e-01
3.084607554077926039e+01 8.265702367135373541e-01
3.089607554077925755e+01 8.884553977303623062e-01
3.094607554077925471e+01 9.130469232900637611e-01
3.099607554077925897e+01 9.778216638096199897e-01
3.104607554077925613e+01 9.841125191853574705e-01
3.109607554077926039e+01 1.039134928883196141e+00
3.114607554077925755e+01 1.097679013599988318e+00
3.119607554077925471e+01 1.135273646921979740e+00
3.124607554077925897e+01 1.215549777482229032e+00
3.129607554077925613e+01 1.247004054360916658e+00
3.134607554077926039e+01 1.281077012663954795e+00
3.139607554077925755e+01 1.347115944215956151e+00
3.144607554077925471e+01 1.388533250421768450e+00
3.149607554077925897e+01 1.460953336708967543e+00
3.154607554077925613e+01 1.474799238492887632e+00
3.159607554077926039e+01 1.450538810584540927e+00
3.164607554077925755e+01 1.404124939821922213e+00
3.169607554077925471e+01 1.359065559451208660e+00
3.174607554077925897e+01 1.324601303923842677e+00
3.179607554077925613e+01 1.224248615776909244e+00
3.184607554077926039e+01 1.145989170911274391e+00
3.189607554077925755e+01 1.126484509267839274e+00
3.194607554077925471e+01 1.028238806174980757e+00
3.199607554077925897e+01 9.213243645739289667e-01
3.204607554077925613e+01 8.426736224839660450e-01
3.209607554077926039e+01 8.215736721567312717e-01
3.214607554077925755e+01 7.092713687745455520e-01
3.219607554077925471e+01 6.044338124410816304e-01
3.224607554077925897e+01 5.645816951325814959e-01
3.229607554077925613e+01 5.395085729890916060e-01
3.234607554077926039e+01 4.911382161048318817e-01
3.239607554077925755e+01 5.039306253617145126e-01
3.244607554077925471e+01 4.899342246453605720e-01
3.249607554077925897e+01 5.088067907725732919e-01
3.254607554077925613e+01 5.199738115591696630e-01
3.259607554077926039e+01 5.821298706543757140e-01
3.264607554077925755e+01 6.257143614872369142e-01
3.269607554077925471e+01 6.767033997958465941e-01
3.274607554077925897e+01 8.196773856080640241e-01
3.279607554077925613e+01 1.113029904708247475e+00
3.284607554077926039e+01 1.535299809331320819e+00
3.289607554077925755e+01 2.077998959688010849e+00
3.294607554077925471e+01 2.975875590588736852e+00
3.299607554077925897e+01 3.858160532089307981e+00
3.304607554077925613e+01 4.524178507682346861e+00
3.309607554077926039e+01 4.776625416946992608e+00
3.314607554077925755e+01 4.423765619962441775e+00
3.319607554077925471e+01 3.502140257523643108e+00
3.324607554077925897e+01 2.596738680001222654e+00
3.329607554077925613e+01 1.809508864225910507e+00
3.334607554077926039e+01 1.263739535647567802e+00
3.339607554077925755e+01 1.023061642899254275e+00
3.344607554077925471e+01 8.794555615708142815e-01
3.349607554077925897e+01 8.700042286139646475e-01
3.354607554077925613e+01 8.211823749324032029e-01
3.359607554077926039e+01 7.977948408321732243e-01
3.364607554077925755e+01 7.226356739746769842e-01
3.369607554077925471e+01 7.019571206582573275e-01
3.374607554077925897e+01 6.075942900221938947e-01
3.379607554077925613e+01 4.963454791670453004e-01
3.384607554077926039e+01 4.168519430554524230e-01
3.389607554077925755e+01 3.296829613897300226e-01
3.394607554077925471e+01 2.181632524562003850e-01
3.399607554077925897e+01 1.757526532963236965e-01
3.404607554077925613e+01 1.353286400445746218e-01
3.409607554077926039e+01 1.138674922794986194e-01
3.414607554077925755e+01 9.803500458745097179e-02
3.419607554077925471e+01 9.249664387388295550e-02
3.424607554077925897e+01 8.882446992249548590e-02
3.429607554077925613e+01 9.421233170362958154e-02
3.434607554077926039e+01 1.054094522767127229e-01
3.439607554077925755e+01 1.163958743443883614e-01
3.444607554077925471e+01 1.278939927823393163e-01
3.449607554077925897e+01 1.255161096498834949e-01
3.454607554077925613e+01 1.094127238794548040e-01
3.459607554077926039e+01 8.599508999273793031e-02
3.464607554077925755e+01 5.743039261678122009e-02
3.469607554077925471e+01 3.642074164900696576e-02
3.474607554077925897e+01 2.173204584345704918e-02
3.479607554077925613e+01 1.164861737038487208e-02
3.484607554077926039e+01 6.922950891960002150e-03
3.489607554077925755e+01 4.213970108149566601e-03
3.494607554077925471e+01 2.859479716244348393e-03
3.499607554077925897e+01 2.708980783810435115e-03
3.504607554077925613e+01 1.565188897312695844e-03
3.509607554077926039e+01 8.728938081166957592e-04
3.514607554077925755e+01 1.143791886497739271e-03
3.519607554077925471e+01 3.310976513546087362e-04
3.524607554077925897e+01 4.213970108149565734e-04
3.529607554077925613e+01 2.106985054074782867e-04
3.534607554077926039e+01 9.029935946034783716e-05
3.539607554077925755e+01 9.029935946034783716e-05
3.544607554077925471e+01 0.000000000000000000e+00
3.549607554077925897e+01 0.000000000000000000e+00
3.554607554077925613e+01 3.009978648678261239e-05
3.559607554077926039e+01 3.009978648678261239e-05
3.564607554077925755e+01 0.000000000000000000e+00
3.569607554077925471e+01 0.000000000000000000e+00
3.574607554077925897e+01 0.000000000000000000e+00
3.579607554077925613e+01 0.000000000000000000e+00
3.584607554077926039e+01 0.000000000000000000e+00
3.589607554077925755e+01 0.000000000000000000e+00
3.594607554077925471e+01 0.000000000000000000e+00
3.599607554077925897e+01 0.000000000000000000e+00
3.604607554077925613e+01 0.000000000000000000e+00
3.609607554077926039e+01 0.000000000000000000e+00
3.614607554077925755e+01 0.000000000000000000e+00
3.619607554077925471e+01 0.000000000000000000e+00
3.624607554077925897e+01 0.000000000000000000e+00
3.629607554077925613e+01 0.000000000000000000e+00
3.634607554077926039e+01 0.000000000000000000e+00
3.639607554077925755e+01 0.000000000000000000e+00
3.644607554077925471e+01 0.000000000000000000e+00
3.649607554077925897e+01 0.000000000000000000e+00
3.654607554077925613e+01 0.000000000000000000e+00
3.659607554077926039e+01 0.000000000000000000e+00
3.664607554077925755e+01 0.000000000000000000e+00
3.669607554077925471e+01 0.000000000000000000e+00
3.674607554077925897e+01 0.000000000000000000e+00
3.679607554077925613e+01 0.000000000000000000e+00
3.684607554077926039e+01 0.000000000000000000e+00
3.689607554077925755e+01 0.000000000000000000e+00
3.694607554077925471e+01 0.000000000000000000e+00
3.699607554077925897e+01 0.000000000000000000e+00
3.704607554077925613e+01 0.000000000000000000e+00
3.709607554077926039e+01 0.000000000000000000e+00
3.714607554077925755e+01 0.000000000000000000e+00
3.719607554077925471e+01 0.000000000000000000e+00
3.724607554077925897e+01 0.000000000000000000e+00
