-3.080056445605439563e+01 0.000000000000000000e+00
-3.075056445605439492e+01 0.000000000000000000e+00
-3.070056445605439421e+01 0.000000000000000000e+00
-3.065056445605439350e+01 0.000000000000000000e+00
-3.060056445605439279e+01 0.000000000000000000e+00
-3.055056445605439563e+01 0.000000000000000000e+00
-3.050056445605439492e+01 0.000000000000000000e+00
-3.045056445605439421e+01 0.000000000000000000e+00
-3.040056445605439350e+01 0.000000000000000000e+00
-3.035056445605439279e+01 0.000000000000000000e+00
-3.030056445605439563e+01 0.000000000000000000e+00
-3.025056445605439492e+01 0.000000000000000000e+00
-3.020056445605439421e+01 0.000000000000000000e+00
-3.015056445605439350e+01 0.000000000000000000e+00
-3.010056445605439279e+01 0.000000000000000000e+00
-3.005056445605439563e+01 0.000000000000000000e+00
-3.000056445605439492e+01 0.000000000000000000e+00
-2.995056445605439421e+01 0.000000000000000000e+00
-2.990056445605439350e+01 0.000000000000000000e+00
-2.985056445605439279e+01 0.000000000000000000e+00
-2.980056445605439563e+01 0.000000000000000000e+00
-2.975056445605439492e+01 0.000000000000000000e+00
-2.970056445605439421e+01 0.000000000000000000e+00
-2.965056445605439350e+01 0.000000000000000000e+00
-2.960056445605439279e+01 0.000000000000000000e+00
-2.955056445605439563e+01 0.000000000000000000e+00
-2.950056445605439492e+01 0.000000000000000000e+00
-2.945056445605439421e+01 0.000000000000000000e+00
-2.940056445605439350e+01 0.000000000000000000e+00
-2.935056445605439279e+01 0.000000000000000000e+00
-2.930056445605439563e+01 0.000000000000000000e+00
-2.925056445605439492e+01 0.000000000000000000e+00
-2.920056445605439421e+01 0.000000000000000000e+00
-2.915056445605439350e+01 0.000000000000000000e+00
-2.910056445605439279e+01 0.000000000000000000e+00
-2.905056445605439563e+01 0.000000000000000000e+00
-2.900056445605439492e+01 0.000000000000000000e+00
-2.895056445605439421e+01 0.000000000000000000e+00
-2.890056445605439350e+01 0.000000000000000000e+00
-2.885056445605439279e+01 0.000000000000000000e+00
-2.880056445605439563e+01 0.000000000000000000e+00
-2.875056445605439492e+01 0.000000000000000000e+00
-2.870056445605439421e+01 0.000000000000000000e+00
-2.865056445605439350e+01 0.000000000000000000e+00
-2.860056445605439279e+01 0.000000000000000000e+00
-2.855056445605439563e+01 0.000000000000000000e+00
-2.850056445605439492e+01 0.000000000000000000e+00
-2.845056445605439421e+01 0.000000000000000000e+00
-2.840056445605439350e+01 0.000000000000000000e+00
-2.835056445605439279e+01 0.000000000000000000e+00
-2.830056445605439563e+01 0.000000000000000000e+00
-2.825056445605439492e+01 0.000000000000000000e+00
-2.820056445605439421e+01 0.000000000000000000e+00
-2.815056445605439350e+01 0.000000000000000000e+00
-2.810056445605439279e+01 0.000000000000000000e+00
-2.805056445605439563e+01 0.000000000000000000e+00
-2.800056445605439492e+01 0.000000000000000000e+00
-2.795056445605439421e+01 0.000000000000000000e+00
-2.790056445605439350e+01 0.000000000000000000e+00
-2.785056445605439279e+01 0.000000000000000000e+00
-2.780056445605439563e+01 0.000000000000000000e+00
-2.775056445605439492e+01 0.000000000000000000e+00
-2.770056445605439421e+01 0.000000000000000000e+00
-2.765056445605439350e+01 0.000000000000000000e+00
-2.760056445605439279e+01 0.000000000000000000e+00
-2.755056445605439563e+01 0.000000000000000000e+00
-2.750056445605439492e+01 0.000000000000000000e+00
-2.745056445605439421e+01 0.000000000000000000e+00
-2.740056445605439350e+01 0.000000000000000000e+00
-2.735056445605439279e+01 0.000000000000000000e+00
-2.730056445605439563e+01 0.000000000000000000e+00
-2.725056445605439492e+01 0.000000000000000000e+00
-2.720056445605439421e+01 0.000000000000000000e+00
-2.715056445605439350e+01 0.000000000000000000e+00
-2.710056445605439279e+01 0.000000000000000000e+00
-2.705056445605439563e+01 0.000000000000000000e+00
-2.700056445605439492e+01 0.000000000000000000e+00
-2.695056445605439421e+01 0.000000000000000000e+00
-2.690056445605439350e+01 0.000000000000000000e+00
-2.685056445605439279e+01 0.000000000000000000e+00
-2.680056445605439563e+01 0.000000000000000000e+00
-2.675056445605439492e+01 0.000000000000000000e+00
-2.670056445605439421e+01 0.000000000000000000e+00
-2.665056445605439350e+01 0.000000000000000000e+00
-2.660056445605439279e+01 0.000000000000000000e+00
-2.655056445605439563e+01 0.000000000000000000e+00
-2.650056445605439492e+01 0.000000000000000000e+00
-2.645056445605439421e+01 0.000000000000000000e+00
-2.640056445605439350e+01 0.000000000000000000e+00
-2.635056445605439279e+01 0.000000000000000000e+00
-2.630056445605439563e+01 0.000000000000000000e+00
-2.625056445605439492e+01 0.000000000000000000e+00
-2.620056445605439421e+01 0.000000000000000000e+00
-2.615056445605439350e+01 0.000000000000000000e+00
-2.610056445605439279e+01 0.000000000000000000e+00
-2.605056445605439563e+01 0.000000000000000000e+00
-2.600056445605439137e+01 0.000000000000000000e+00
-2.595056445605439421e+01 0.000000000000000000e+00
-2.590056445605439350e+01 0.000000000000000000e+00
-2.585056445605439279e+01 0.000000000000000000e+00
-2.580056445605439563e+01 0.000000000000000000e+00
-2.575056445605439137e+01 0.000000000000000000e+00
-2.570056445605439421e+01 0.000000000000000000e+00
-2.565056445605439350e+01 0.000000000000000000e+00
-2.560056445605439279e+01 0.000000000000000000e+00
-2.555056445605439563e+01 0.000000000000000000e+00
-2.550056445605439137e+01 0.000000000000000000e+00
-2.545056445605439421e+01 0.000000000000000000e+00
-2.540056445605439350e+01 0.000000000000000000e+00
-2.535056445605439279e+01 0.000000000000000000e+00
-2.530056445605439563e+01 0.000000000000000000e+00
-2.525056445605439137e+01 0.000000000000000000e+00
-2.520056445605439421e+01 0.000000000000000000e+00
-2.515056445605439350e+01 0.000000000000000000e+00
-2.510056445605439279e+01 0.000000000000000000e+00
-2.505056445605439563e+01 0.000000000000000000e+00
-2.500056445605439137e+01 0.000000000000000000e+00
-2.495056445605439421e+01 0.000000000000000000e+00
-2.490056445605439350e+01 0.000000000000000000e+00
-2.485056445605439279e+01 0.000000000000000000e+00
-2.480056445605439563e+01 0.000000000000000000e+00
-2.475056445605439137e+01 0.000000000000000000e+00
-2.470056445605439421e+01 0.000000000000000000e+00
-2.465056445605439350e+01 0.000000000000000000e+00
-2.460056445605439279e+01 0.000000000000000000e+00
-2.455056445605439563e+01 0.000000000000000000e+00
-2.450056445605439137e+01 0.000000000000000000e+00
-2.445056445605439421e+01 0.000000000000000000e+00
-2.440056445605439350e+01 0.000000000000000000e+00
-2.435056445605439279e+01 0.000000000000000000e+00
-2.430056445605439563e+01 0.000000000000000000e+00
-2.425056445605439137e+01 0.000000000000000000e+00
-2.420056445605439421e+01 0.000000000000000000e+00
-2.415056445605439350e+01 0.000000000000000000e+00
-2.410056445605439279e+01 0.000000000000000000e+00
-2.405056445605439563e+01 0.000000000000000000e+00
-2.400056445605439137e+01 0.000000000000000000e+00
-2.395056445605439421e+01 0.000000000000000000e+00
-2.390056445605439350e+01 0.000000000000000000e+00
-2.385056445605439279e+01 0.000000000000000000e+00
-2.380056445605439563e+01 0.000000000000000000e+00
-2.375056445605439137e+01 0.000000000000000000e+00
-2.370056445605439421e+01 0.000000000000000000e+00
-2.365056445605439350e+01 0.000000000000000000e+00
-2.360056445605439279e+01 0.000000000000000000e+00
-2.355056445605439563e+01 0.000000000000000000e+00
-2.350056445605439137e+01 0.000000000000000000e+00
-2.345056445605439421e+01 0.000000000000000000e+00
-2.340056445605439350e+01 0.000000000000000000e+00
-2.335056445605439279e+01 0.000000000000000000e+00
-2.330056445605439563e+01 0.000000000000000000e+00
-2.325056445605439137e+01 0.000000000000000000e+00
-2.320056445605439421e+01 0.000000000000000000e+00
-2.315056445605439350e+01 0.000000000000000000e+00
-2.310056445605439279e+01 0.000000000000000000e+00
-2.305056445605439563e+01 0.000000000000000000e+00
-2.300056445605439137e+01 0.000000000000000000e+00
-2.295056445605439421e+01 0.000000000000000000e+00
-2.290056445605439350e+01 0.000000000000000000e+00
-2.285056445605439279e+01 0.000000000000000000e+00
-2.280056445605439563e+01 0.000000000000000000e+00
-2.275056445605439492e+01 0.000000000000000000e+00
-2.270056445605439421e+01 0.000000000000000000e+00
-2.265056445605439350e+01 0.000000000000000000e+00
-2.260056445605439279e+01 0.000000000000000000e+00
-2.255056445605439563e+01 0.000000000000000000e+00
-2.250056445605439492e+01 0.000000000000000000e+00
-2.245056445605439421e+01 0.000000000000000000e+00
-2.240056445605439350e+01 0.000000000000000000e+00
-2.235056445605439279e+01 0.000000000000000000e+00
-2.230056445605439563e+01 0.000000000000000000e+00
-2.225056445605439492e+01 0.000000000000000000e+00
-2.220056445605439421e+01 0.000000000000000000e+00
-2.215056445605439350e+01 0.000000000000000000e+00
-2.210056445605439279e+01 0.000000000000000000e+00
-2.205056445605439563e+01 0.000000000000000000e+00
-2.200056445605439492e+01 0.000000000000000000e+00
-2.195056445605439421e+01 0.000000000000000000e+00
-2.190056445605439350e+01 0.000000000000000000e+00
-2.185056445605439279e+01 0.000000000000000000e+00
-2.180056445605439563e+01 0.000000000000000000e+00
-2.175056445605439492e+01 0.000000000000000000e+00
-2.170056445605439421e+01 0.000000000000000000e+00
-2.165056445605439350e+01 0.000000000000000000e+00
-2.160056445605439279e+01 0.000000000000000000e+00
-2.155056445605439563e+01 0.000000000000000000e+00
-2.150056445605439492e+01 0.000000000000000000e+00
-2.145056445605439421e+01 0.000000000000000000e+00
-2.140056445605439350e+01 0.000000000000000000e+00
-2.135056445605439279e+01 0.000000000000000000e+00
-2.130056445605439563e+01 0.000000000000000000e+00
-2.125056445605439137e+01 0.000000000000000000e+00
-2.120056445605439421e+01 0.000000000000000000e+00
-2.115056445605439350e+01 0.000000000000000000e+00
-2.110056445605439279e+01 0.000000000000000000e+00
-2.105056445605439563e+01 0.000000000000000000e+00
-2.100056445605439137e+01 0.000000000000000000e+00
-2.095056445605439421e+01 0.000000000000000000e+00
-2.090056445605439350e+01 0.000000000000000000e+00
-2.085056445605439279e+01 0.000000000000000000e+00
-2.080056445605439563e+01 0.000000000000000000e+00
-2.075056445605439137e+01 0.000000000000000000e+00
-2.070056445605439421e+01 0.000000000000000000e+00
-2.065056445605439350e+01 0.000000000000000000e+00
-2.060056445605439279e+01 0.000000000000000000e+00
-2.055056445605439563e+01 0.000000000000000000e+00
-2.050056445605439137e+01 0.000000000000000000e+00
-2.045056445605439421e+01 0.000000000000000000e+00
-2.040056445605439350e+01 0.000000000000000000e+00
-2.035056445605439279e+01 0.000000000000000000e+00
-2.030056445605439563e+01 0.000000000000000000e+00
-2.025056445605439137e+01 0.000000000000000000e+00
-2.020056445605439421e+01 0.000000000000000000e+00
-2.015056445605439350e+01 0.000000000000000000e+00
-2.010056445605439279e+01 0.000000000000000000e+00
-2.005056445605439563e+01 0.000000000000000000e+00
-2.000056445605439137e+01 0.000000000000000000e+00
-1.995056445605439421e+01 0.000000000000000000e+00
-1.990056445605439350e+01 0.000000000000000000e+00
-1.985056445605439279e+01 0.000000000000000000e+00
-1.980056445605439563e+01 0.000000000000000000e+00
-1.975056445605439137e+01 0.000000000000000000e+00
-1.970056445605439421e+01 0.000000000000000000e+00
-1.965056445605439350e+01 0.000000000000000000e+00
-1.960056445605439279e+01 0.000000000000000000e+00
-1.955056445605439563e+01 0.000000000000000000e+00
-1.950056445605439137e+01 0.000000000000000000e+00
-1.945056445605439421e+01 0.000000000000000000e+00
-1.940056445605439350e+01 0.000000000000000000e+00
-1.935056445605439279e+01 0.000000000000000000e+00
-1.930056445605439563e+01 0.000000000000000000e+00
-1.925056445605439137e+01 0.000000000000000000e+00
-1.920056445605439421e+01 0.000000000000000000e+00
-1.915056445605439350e+01 0.000000000000000000e+00
-1.910056445605439279e+01 0.000000000000000000e+00
-1.905056445605439563e+01 0.000000000000000000e+00
-1.900056445605439137e+01 0.000000000000000000e+00
-1.895056445605439421e+01 0.000000000000000000e+00
-1.890056445605439350e+01 0.000000000000000000e+00
-1.885056445605439279e+01 0.000000000000000000e+00
-1.880056445605439563e+01 0.000000000000000000e+00
-1.875056445605439137e+01 0.000000000000000000e+00
-1.870056445605439421e+01 0.000000000000000000e+00
-1.865056445605439350e+01 0.000000000000000000e+00
-1.860056445605439279e+01 0.000000000000000000e+00
-1.855056445605439563e+01 0.000000000000000000e+00
-1.850056445605439137e+01 0.000000000000000000e+00
-1.845056445605439421e+01 0.000000000000000000e+00
-1.840056445605439350e+01 0.000000000000000000e+00
-1.835056445605439279e+01 0.000000000000000000e+00
-1.830056445605439563e+01 0.000000000000000000e+00
-1.825056445605439137e+01 0.000000000000000000e+00
-1.820056445605439421e+01 0.000000000000000000e+00
-1.815056445605439350e+01 0.000000000000000000e+00
-1.810056445605439279e+01 0.000000000000000000e+00
-1.805056445605439563e+01 0.000000000000000000e+00
-1.800056445605439137e+01 0.000000000000000000e+00
-1.795056445605439421e+01 0.000000000000000000e+00
-1.790056445605439350e+01 0.000000000000000000e+00
-1.785056445605439279e+01 0.000000000000000000e+00
-1.780056445605439563e+01 0.000000000000000000e+00
-1.775056445605439137e+01 0.000000000000000000e+00
-1.770056445605439421e+01 0.000000000000000000e+00
-1.765056445605439350e+01 0.000000000000000000e+00
-1.760056445605439279e+01 0.000000000000000000e+00
-1.755056445605439563e+01 0.000000000000000000e+00
-1.750056445605439137e+01 0.000000000000000000e+00
-1.745056445605439421e+01 0.000000000000000000e+00
-1.740056445605439350e+01 0.000000000000000000e+00
-1.735056445605439279e+01 0.000000000000000000e+00
-1.730056445605439563e+01 0.000000000000000000e+00
-1.725056445605439137e+01 0.000000000000000000e+00
-1.720056445605439421e+01 0.000000000000000000e+00
-1.715056445605439350e+01 0.000000000000000000e+00
-1.710056445605439279e+01 0.000000000000000000e+00
-1.705056445605439563e+01 0.000000000000000000e+00
-1.700056445605439137e+01 0.000000000000000000e+00
-1.695056445605439421e+01 0.000000000000000000e+00
-1.690056445605439350e+01 0.000000000000000000e+00
-1.685056445605439279e+01 0.000000000000000000e+00
-1.680056445605439563e+01 0.000000000000000000e+00
-1.675056445605439137e+01 0.000000000000000000e+00
-1.670056445605439421e+01 0.000000000000000000e+00
-1.665056445605439350e+01 0.000000000000000000e+00
-1.660056445605439279e+01 0.000000000000000000e+00
-1.655056445605439563e+01 0.000000000000000000e+00
-1.650056445605439137e+01 0.000000000000000000e+00
-1.645056445605439421e+01 0.000000000000000000e+00
-1.640056445605439350e+01 0.000000000000000000e+00
-1.635056445605439279e+01 0.000000000000000000e+00
-1.630056445605439563e+01 0.000000000000000000e+00
-1.625056445605439137e+01 0.000000000000000000e+00
-1.620056445605439421e+01 0.000000000000000000e+00
-1.615056445605439350e+01 0.000000000000000000e+00
-1.610056445605439279e+01 0.000000000000000000e+00
-1.605056445605439563e+01 0.000000000000000000e+00
-1.600056445605439137e+01 0.000000000000000000e+00
-1.595056445605439421e+01 0.000000000000000000e+00
-1.590056445605439350e+01 0.000000000000000000e+00
-1.585056445605439279e+01 0.000000000000000000e+00
-1.580056445605439386e+01 0.000000000000000000e+00
-1.575056445605439315e+01 0.000000000000000000e+00
-1.570056445605439421e+01 0.000000000000000000e+00
-1.565056445605439350e+01 0.000000000000000000e+00
-1.560056445605439279e+01 0.000000000000000000e+00
-1.555056445605439386e+01 0.000000000000000000e+00
-1.550056445605439315e+01 0.000000000000000000e+00
-1.545056445605439421e+01 0.000000000000000000e+00
-1.540056445605439350e+01 0.000000000000000000e+00
-1.535056445605439279e+01 0.000000000000000000e+00
-1.530056445605439386e+01 0.000000000000000000e+00
-1.525056445605439315e+01 0.000000000000000000e+00
-1.520056445605439421e+01 0.000000000000000000e+00
-1.515056445605439350e+01 0.000000000000000000e+00
-1.510056445605439279e+01 0.000000000000000000e+00
-1.505056445605439386e+01 0.000000000000000000e+00
-1.500056445605439315e+01 0.000000000000000000e+00
-1.495056445605439421e+01 0.000000000000000000e+00
-1.490056445605439350e+01 0.000000000000000000e+00
-1.485056445605439279e+01 0.000000000000000000e+00
-1.480056445605439563e+01 0.000000000000000000e+00
-1.475056445605439137e+01 0.000000000000000000e+00
-1.470056445605439421e+01 0.000000000000000000e+00
-1.465056445605439350e+01 0.000000000000000000e+00
-1.460056445605439279e+01 0.000000000000000000e+00
-1.455056445605439563e+01 0.000000000000000000e+00
-1.450056445605439137e+01 0.000000000000000000e+00
-1.445056445605439421e+01 0.000000000000000000e+00
-1.440056445605439350e+01 0.000000000000000000e+00
-1.435056445605439279e+01 0.000000000000000000e+00
-1.430056445605439563e+01 0.000000000000000000e+00
-1.425056445605439137e+01 0.000000000000000000e+00
-1.420056445605439421e+01 0.000000000000000000e+00
-1.415056445605439350e+01 0.000000000000000000e+00
-1.410056445605439279e+01 0.000000000000000000e+00
-1.405056445605439563e+01 0.000000000000000000e+00
-1.400056445605439137e+01 0.000000000000000000e+00
-1.395056445605439421e+01 0.000000000000000000e+00
-1.390056445605439350e+01 0.000000000000000000e+00
-1.385056445605439279e+01 0.000000000000000000e+00
-1.380056445605439563e+01 0.000000000000000000e+00
-1.375056445605439137e+01 0.000000000000000000e+00
-1.370056445605439421e+01 0.000000000000000000e+00
-1.365056445605439350e+01 0.000000000000000000e+00
-1.360056445605439279e+01 0.000000000000000000e+00
-1.355056445605439563e+01 0.000000000000000000e+00
-1.350056445605439137e+01 0.000000000000000000e+00
-1.345056445605439421e+01 0.000000000000000000e+00
-1.340056445605439350e+01 0.000000000000000000e+00
-1.335056445605439279e+01 0.000000000000000000e+00
-1.330056445605439563e+01 0.000000000000000000e+00
-1.325056445605439137e+01 0.000000000000000000e+00
-1.320056445605439421e+01 0.000000000000000000e+00
-1.315056445605439350e+01 0.000000000000000000e+00
-1.310056445605439279e+01 0.000000000000000000e+00
-1.305056445605439563e+01 0.000000000000000000e+00
-1.300056445605439137e+01 0.000000000000000000e+00
-1.295056445605439421e+01 0.000000000000000000e+00
-1.290056445605439350e+01 0.000000000000000000e+00
-1.285056445605439279e+01 0.000000000000000000e+00
-1.280056445605439563e+01 0.000000000000000000e+00
-1.275056445605439137e+01 0.000000000000000000e+00
-1.270056445605439421e+01 0.000000000000000000e+00
-1.265056445605439350e+01 0.000000000000000000e+00
-1.260056445605439279e+01 0.000000000000000000e+00
-1.255056445605439563e+01 0.000000000000000000e+00
-1.250056445605439137e+01 0.000000000000000000e+00
-1.245056445605439421e+01 0.000000000000000000e+00
-1.240056445605439350e+01 0.000000000000000000e+00
-1.235056445605439279e+01 0.000000000000000000e+00
-1.230056445605439563e+01 0.000000000000000000e+00
-1.225056445605439137e+01 0.000000000000000000e+00
-1.220056445605439421e+01 0.000000000000000000e+00
-1.215056445605439350e+01 0.000000000000000000e+00
-1.210056445605439279e+01 0.000000000000000000e+00
-1.205056445605439563e+01 0.000000000000000000e+00
-1.200056445605439137e+01 0.000000000000000000e+00
-1.195056445605439421e+01 0.000000000000000000e+00
-1.190056445605439350e+01 0.000000000000000000e+00
-1.185056445605439279e+01 0.000000000000000000e+00
-1.180056445605439563e+01 0.000000000000000000e+00
-1.175056445605439137e+01 0.000000000000000000e+00
-1.170056445605439421e+01 0.000000000000000000e+00
-1.165056445605438995e+01 0.000000000000000000e+00
-1.160056445605439279e+01 0.000000000000000000e+00
-1.155056445605439563e+01 0.000000000000000000e+00
-1.150056445605439137e+01 0.000000000000000000e+00
-1.145056445605439421e+01 0.000000000000000000e+00
-1.140056445605438995e+01 0.000000000000000000e+00
-1.135056445605439279e+01 0.000000000000000000e+00
-1.130056445605439563e+01 0.000000000000000000e+00
-1.125056445605439137e+01 0.000000000000000000e+00
-1.120056445605439421e+01 0.000000000000000000e+00
-1.115056445605438995e+01 0.000000000000000000e+00
-1.110056445605439279e+01 0.000000000000000000e+00
-1.105056445605439563e+01 0.000000000000000000e+00
-1.100056445605439137e+01 0.000000000000000000e+00
-1.095056445605439421e+01 0.000000000000000000e+00
-1.090056445605438995e+01 0.000000000000000000e+00
-1.085056445605439279e+01 0.000000000000000000e+00
-1.080056445605439563e+01 0.000000000000000000e+00
-1.075056445605439137e+01 0.000000000000000000e+00
-1.070056445605439421e+01 0.000000000000000000e+00
-1.065056445605438995e+01 0.000000000000000000e+00
-1.060056445605439279e+01 0.000000000000000000e+00
-1.055056445605439563e+01 0.000000000000000000e+00
-1.050056445605439137e+01 0.000000000000000000e+00
-1.045056445605439421e+01 0.000000000000000000e+00
-1.040056445605438995e+01 0.000000000000000000e+00
-1.035056445605439279e+01 0.000000000000000000e+00
-1.030056445605439563e+01 0.000000000000000000e+00
-1.025056445605439137e+01 0.000000000000000000e+00
-1.020056445605439421e+01 0.000000000000000000e+00
-1.015056445605438995e+01 0.000000000000000000e+00
-1.010056445605439279e+01 0.000000000000000000e+00
-1.005056445605439563e+01 0.000000000000000000e+00
-1.000056445605439137e+01 0.000000000000000000e+00
-9.950564456054394213e+00 0.000000000000000000e+00
-9.900564456054389950e+00 0.000000000000000000e+00
-9.850564456054392792e+00 0.000000000000000000e+00
-9.800564456054395635e+00 0.000000000000000000e+00
-9.750564456054391371e+00 0.000000000000000000e+00
-9.700564456054394213e+00 0.000000000000000000e+00
-9.650564456054389950e+00 0.000000000000000000e+00
-9.600564456054392792e+00 0.000000000000000000e+00
-9.550564456054395635e+00 0.000000000000000000e+00
-9.500564456054391371e+00 0.000000000000000000e+00
-9.450564456054394213e+00 0.000000000000000000e+00
-9.400564456054389950e+00 0.000000000000000000e+00
-9.350564456054392792e+00 0.000000000000000000e+00
-9.300564456054395635e+00 0.000000000000000000e+00
-9.250564456054391371e+00 0.000000000000000000e+00
-9.200564456054394213e+00 0.000000000000000000e+00
-9.150564456054389950e+00 0.000000000000000000e+00
-9.100564456054392792e+00 0.000000000000000000e+00
-9.050564456054395635e+00 0.000000000000000000e+00
-9.000564456054391371e+00 0.000000000000000000e+00
-8.950564456054394213e+00 0.000000000000000000e+00
-8.900564456054389950e+00 0.000000000000000000e+00
-8.850564456054392792e+00 0.000000000000000000e+00
-8.800564456054395635e+00 0.000000000000000000e+00
-8.750564456054391371e+00 0.000000000000000000e+00
-8.700564456054394213e+00 0.000000000000000000e+00
-8.650564456054389950e+00 0.000000000000000000e+00
-8.600564456054392792e+00 0.000000000000000000e+00
-8.550564456054395635e+00 0.000000000000000000e+00
-8.500564456054391371e+00 0.000000000000000000e+00
-8.450564456054394213e+00 0.000000000000000000e+00
-8.400564456054389950e+00 0.000000000000000000e+00
-8.350564456054392792e+00 0.000000000000000000e+00
-8.300564456054395635e+00 0.000000000000000000e+00
-8.250564456054391371e+00 0.000000000000000000e+00
-8.200564456054394213e+00 0.000000000000000000e+00
-8.150564456054389950e+00 0.000000000000000000e+00
-8.100564456054392792e+00 0.000000000000000000e+00
-8.050564456054395635e+00 0.000000000000000000e+00
-8.000564456054391371e+00 0.000000000000000000e+00
-7.950564456054394213e+00 0.000000000000000000e+00
-7.900564456054389950e+00 0.000000000000000000e+00
-7.850564456054392792e+00 0.000000000000000000e+00
-7.800564456054395635e+00 0.000000000000000000e+00
-7.750564456054391371e+00 0.000000000000000000e+00
-7.700564456054394213e+00 0.000000000000000000e+00
-7.650564456054389950e+00 0.000000000000000000e+00
-7.600564456054392792e+00 0.000000000000000000e+00
-7.550564456054395635e+00 0.000000000000000000e+00
-7.500564456054391371e+00 0.000000000000000000e+00
-7.450564456054394213e+00 0.000000000000000000e+00
-7.400564456054389950e+00 0.000000000000000000e+00
-7.350564456054392792e+00 0.000000000000000000e+00
-7.300564456054395635e+00 0.000000000000000000e+00
-7.250564456054391371e+00 0.000000000000000000e+00
-7.200564456054394213e+00 0.000000000000000000e+00
-7.150564456054389950e+00 0.000000000000000000e+00
-7.100564456054392792e+00 0.000000000000000000e+00
-7.050564456054395635e+00 0.000000000000000000e+00
-7.000564456054391371e+00 0.000000000000000000e+00
-6.950564456054394213e+00 0.000000000000000000e+00
-6.900564456054389950e+00 0.000000000000000000e+00
-6.850564456054392792e+00 0.000000000000000000e+00
-6.800564456054395635e+00 0.000000000000000000e+00
-6.750564456054391371e+00 0.000000000000000000e+00
-6.700564456054394213e+00 0.000000000000000000e+00
-6.650564456054389950e+00 0.000000000000000000e+00
-6.600564456054392792e+00 0.000000000000000000e+00
-6.550564456054395635e+00 0.000000000000000000e+00
-6.500564456054391371e+00 0.000000000000000000e+00
-6.450564456054394213e+00 0.000000000000000000e+00
-6.400564456054389950e+00 0.000000000000000000e+00
-6.350564456054392792e+00 0.000000000000000000e+00
-6.300564456054395635e+00 0.000000000000000000e+00
-6.250564456054391371e+00 0.000000000000000000e+00
-6.200564456054394213e+00 0.000000000000000000e+00
-6.150564456054389950e+00 0.000000000000000000e+00
-6.100564456054392792e+00 0.000000000000000000e+00
-6.050564456054395635e+00 0.000000000000000000e+00
-6.000564456054391371e+00 0.000000000000000000e+00
-5.950564456054394213e+00 0.000000000000000000e+00
-5.900564456054389950e+00 0.000000000000000000e+00
-5.850564456054392792e+00 0.000000000000000000e+00
-5.800564456054395635e+00 0.000000000000000000e+00
-5.750564456054391371e+00 0.000000000000000000e+00
-5.700564456054394213e+00 0.000000000000000000e+00
-5.650564456054389950e+00 0.000000000000000000e+00
-5.600564456054392792e+00 0.000000000000000000e+00
-5.550564456054395635e+00 0.000000000000000000e+00
-5.500564456054391371e+00 0.000000000000000000e+00
-5.450564456054394213e+00 0.000000000000000000e+00
-5.400564456054389950e+00 0.000000000000000000e+00
-5.350564456054392792e+00 0.000000000000000000e+00
-5.300564456054395635e+00 0.000000000000000000e+00
-5.250564456054391371e+00 0.000000000000000000e+00
-5.200564456054394213e+00 0.000000000000000000e+00
-5.150564456054389950e+00 0.000000000000000000e+00
-5.100564456054392792e+00 0.000000000000000000e+00
-5.050564456054395635e+00 0.000000000000000000e+00
-5.000564456054391371e+00 0.000000000000000000e+00
-4.950564456054394213e+00 0.000000000000000000e+00
-4.900564456054389950e+00 0.000000000000000000e+00
-4.850564456054392792e+00 0.000000000000000000e+00
-4.800564456054395635e+00 0.000000000000000000e+00
-4.750564456054391371e+00 0.000000000000000000e+00
-4.700564456054394213e+00 0.000000000000000000e+00
-4.650564456054389950e+00 0.000000000000000000e+00
-4.600564456054392792e+00 0.000000000000000000e+00
-4.550564456054395635e+00 0.000000000000000000e+00
-4.500564456054391371e+00 0.000000000000000000e+00
-4.450564456054394213e+00 0.000000000000000000e+00
-4.400564456054389950e+00 0.000000000000000000e+00
-4.350564456054392792e+00 0.000000000000000000e+00
-4.300564456054395635e+00 0.000000000000000000e+00
-4.250564456054391371e+00 0.000000000000000000e+00
-4.200564456054394213e+00 0.000000000000000000e+00
-4.150564456054389950e+00 0.000000000000000000e+00
-4.100564456054392792e+00 0.000000000000000000e+00
-4.050564456054395635e+00 0.000000000000000000e+00
-4.000564456054391371e+00 0.000000000000000000e+00
-3.950564456054394213e+00 0.000000000000000000e+00
-3.900564456054389950e+00 0.000000000000000000e+00
-3.850564456054392792e+00 0.000000000000000000e+00
-3.800564456054395635e+00 0.000000000000000000e+00
-3.750564456054391371e+00 0.000000000000000000e+00
-3.700564456054394213e+00 0.000000000000000000e+00
-3.650564456054389950e+00 0.000000000000000000e+00
-3.600564456054392792e+00 0.000000000000000000e+00
-3.550564456054395635e+00 0.000000000000000000e+00
-3.500564456054391371e+00 0.000000000000000000e+00
-3.450564456054394213e+00 0.000000000000000000e+00
-3.400564456054389950e+00 0.000000000000000000e+00
-3.350564456054392792e+00 0.000000000000000000e+00
-3.300564456054395635e+00 0.000000000000000000e+00
-3.250564456054391371e+00 0.000000000000000000e+00
-3.200564456054394213e+00 0.000000000000000000e+00
-3.150564456054389950e+00 0.000000000000000000e+00
-3.100564456054392792e+00 0.000000000000000000e+00
-3.050564456054395635e+00 0.000000000000000000e+00
-3.000564456054391371e+00 0.000000000000000000e+00
-2.950564456054394213e+00 0.000000000000000000e+00
-2.900564456054389950e+00 0.000000000000000000e+00
-2.850564456054392792e+00 0.000000000000000000e+00
-2.800564456054395635e+00 0.000000000000000000e+00
-2.750564456054391371e+00 0.000000000000000000e+00
-2.700564456054394213e+00 0.000000000000000000e+00
-2.650564456054389950e+00 0.000000000000000000e+00
-2.600564456054392792e+00 0.000000000000000000e+00
-2.550564456054395635e+00 0.000000000000000000e+00
-2.500564456054391371e+00 0.000000000000000000e+00
-2.450564456054394213e+00 0.000000000000000000e+00
-2.400564456054389950e+00 0.000000000000000000e+00
-2.350564456054392792e+00 0.000000000000000000e+00
-2.300564456054395635e+00 0.000000000000000000e+00
-2.250564456054391371e+00 0.000000000000000000e+00
-2.200564456054394213e+00 0.000000000000000000e+00
-2.150564456054389950e+00 0.000000000000000000e+00
-2.100564456054392792e+00 0.000000000000000000e+00
-2.050564456054395635e+00 0.000000000000000000e+00
-2.000564456054391371e+00 0.000000000000000000e+00
-1.950564456054394213e+00 0.000000000000000000e+00
-1.900564456054389950e+00 0.000000000000000000e+00
-1.850564456054392792e+00 0.000000000000000000e+00
-1.800564456054395635e+00 0.000000000000000000e+00
-1.750564456054391371e+00 0.000000000000000000e+00
-1.700564456054394213e+00 0.000000000000000000e+00
-1.650564456054389950e+00 0.000000000000000000e+00
-1.600564456054392792e+00 0.000000000000000000e+00
-1.550564456054395635e+00 0.000000000000000000e+00
-1.500564456054391371e+00 0.000000000000000000e+00
-1.450564456054394213e+00 0.000000000000000000e+00
-1.400564456054389950e+00 0.000000000000000000e+00
-1.350564456054392792e+00 0.000000000000000000e+00
-1.300564456054395635e+00 0.000000000000000000e+00
-1.250564456054391371e+00 0.000000000000000000e+00
-1.200564456054394213e+00 0.000000000000000000e+00
-1.150564456054389950e+00 0.000000000000000000e+00
-1.100564456054392792e+00 0.000000000000000000e+00
-1.050564456054395635e+00 0.000000000000000000e+00
-1.000564456054391371e+00 0.000000000000000000e+00
-9.505644560543942134e-01 0.000000000000000000e+00
-9.005644560543899502e-01 0.000000000000000000e+00
-8.505644560543927923e-01 0.000000000000000000e+00
-8.005644560543956345e-01 0.000000000000000000e+00
-7.505644560543913713e-01 0.000000000000000000e+00
-7.005644560543942134e-01 0.000000000000000000e+00
-6.505644560543899502e-01 0.000000000000000000e+00
-6.005644560543927923e-01 0.000000000000000000e+00
-5.505644560543956345e-01 0.000000000000000000e+00
-5.005644560543913713e-01 0.000000000000000000e+00
-4.505644560543942134e-01 0.000000000000000000e+00
-4.005644560543899502e-01 0.000000000000000000e+00
-3.505644560543927923e-01 0.000000000000000000e+00
-3.005644560543956345e-01 0.000000000000000000e+00
-2.505644560543913713e-01 0.000000000000000000e+00
-2.005644560543942134e-01 0.000000000000000000e+00
-1.505644560543899502e-01 0.000000000000000000e+00
-1.005644560543927923e-01 0.000000000000000000e+00
-5.056445605439563451e-02 0.000000000000000000e+00
-5.644560543913712536e-04 0.000000000000000000e+00
4.943554394560578658e-02 0.000000000000000000e+00
9.943554394561004983e-02 0.000000000000000000e+00
1.494355439456072077e-01 0.000000000000000000e+00
1.994355439456043655e-01 0.000000000000000000e+00
2.494355439456086287e-01 0.000000000000000000e+00
2.994355439456057866e-01 0.000000000000000000e+00
3.494355439456100498e-01 0.000000000000000000e+00
3.994355439456072077e-01 0.000000000000000000e+00
4.494355439456043655e-01 0.000000000000000000e+00
4.994355439456086287e-01 0.000000000000000000e+00
5.494355439456057866e-01 0.000000000000000000e+00
5.994355439456100498e-01 0.000000000000000000e+00
6.494355439456072077e-01 0.000000000000000000e+00
6.994355439456043655e-01 0.000000000000000000e+00
7.494355439456086287e-01 0.000000000000000000e+00
7.994355439456057866e-01 0.000000000000000000e+00
8.494355439456100498e-01 0.000000000000000000e+00
8.994355439456072077e-01 0.000000000000000000e+00
9.494355439456043655e-01 0.000000000000000000e+00
9.994355439456086287e-01 0.000000000000000000e+00
1.049435543945605787e+00 0.000000000000000000e+00
1.099435543945610050e+00 0.000000000000000000e+00
1.149435543945607208e+00 0.000000000000000000e+00
1.199435543945611471e+00 0.000000000000000000e+00
1.249435543945608629e+00 0.000000000000000000e+00
1.299435543945605787e+00 0.000000000000000000e+00
1.349435543945602944e+00 2.855076633231138259e-05
1.399435543945607208e+00 8.565229899693414437e-05
1.449435543945611471e+00 5.710153266462276517e-05
1.499435543945608629e+00 2.569568969908024060e-04
1.549435543945605787e+00 7.708706909724072180e-04
1.599435543945602944e+00 1.513190615612503009e-03
1.649435543945607208e+00 3.112033530221940732e-03
1.699435543945611471e+00 8.251171470037989286e-03
1.749435543945608629e+00 2.863641863130831494e-02
1.799435543945605787e+00 7.505996468764662699e-02
1.849435543945602944e+00 2.254654017262629484e-01
1.899435543945607208e+00 6.116430671371066996e-01
1.949435543945611471e+00 1.272764612328109113e+00
1.999435543945608629e+00 2.262191419574360207e+00
2.049435543945605787e+00 3.211418747824716480e+00
2.099435543945602944e+00 3.855067224020344518e+00
2.149435543945607208e+00 3.910113101509040234e+00
2.199435543945611471e+00 3.471716084476399011e+00
2.249435543945608629e+00 2.745213284384403707e+00
2.299435543945605787e+00 1.991473053211383348e+00
2.349435543945602944e+00 1.386510865396037628e+00
2.399435543945607208e+00 9.643877851728138717e-01
2.449435543945611471e+00 6.864175241614302037e-01
2.499435543945608629e+00 5.275325095221173877e-01
2.549435543945605787e+00 4.519015295078245842e-01
2.599435543945602944e+00 4.150710409391428213e-01
2.649435543945607208e+00 4.067627679364402282e-01
2.699435543945611471e+00 3.982831903357437198e-01
2.749435543945608629e+00 3.758422879985469089e-01
2.799435543945605787e+00 3.670486519681950832e-01
2.849435543945602944e+00 3.271917821682884253e-01
2.899435543945607208e+00 3.168849555223240411e-01
2.949435543945611471e+00 2.836233127451812663e-01
2.999435543945608629e+00 2.571282015887963457e-01
3.049435543945605787e+00 2.612395119406491495e-01
3.099435543945602944e+00 2.677490866644161582e-01
3.149435543945607208e+00 2.816818606345840026e-01
3.199435543945611471e+00 3.499752937014728449e-01
3.249435543945608629e+00 4.261201875097473390e-01
3.299435543945605787e+00 5.665328563320547461e-01
3.349435543945602944e+00 7.606209658591074341e-01
3.399435543945607208e+00 9.491987774840240366e-01
3.449435543945611471e+00 1.211437566246304165e+00
3.499435543945608629e+00 1.540542249758857452e+00
3.549435543945605787e+00 1.718128016345834341e+00
3.599435543945602944e+00 1.924635709227442648e+00
3.649435543945607208e+00 2.024334985259873765e+00
3.699435543945611471e+00 2.140365299634386709e+00
3.749435543945608629e+00 2.101165097460123921e+00
3.799435543945605787e+00 2.176482019044761351e+00
3.849435543945602944e+00 2.156953294873459992e+00
3.899435543945607208e+00 2.076154626153019045e+00
3.949435543945611471e+00 1.923408026275153171e+00
3.999435543945608629e+00 1.794501316284766945e+00
4.049435543945605787e+00 1.654916619686097157e+00
4.099435543945602944e+00 1.503597558124846412e+00
4.149435543945607208e+00 1.376917807908381031e+00
4.199435543945611471e+00 1.213122061459910528e+00
4.249435543945608629e+00 1.100888999007594515e+00
4.299435543945605787e+00 1.052238493177335865e+00
4.349435543945602944e+00 9.576498043183883091e-01
4.399435543945607208e+00 9.469718177101038581e-01
4.449435543945611471e+00 8.471868893786755894e-01
4.499435543945608629e+00 8.316838232602306036e-01
4.549435543945605787e+00 7.864023078571845682e-01
4.599435543945602944e+00 7.713275032337241210e-01
4.649435543945607208e+00 7.772375118645127312e-01
4.699435543945611471e+00 7.410351401551419359e-01
4.749435543945608629e+00 7.321844025921253607e-01
4.799435543945605787e+00 7.523697943890694795e-01
4.849435543945602944e+00 7.532263173790387789e-01
4.899435543945607208e+00 8.156097418151392331e-01
4.949435543945611471e+00 8.264875837877498910e-01
4.999435543945608629e+00 8.531825503084610185e-01
5.049435543945605787e+00 9.178500360511463452e-01
5.099435543945602944e+00 9.859150629873765226e-01
5.149435543945607208e+00 9.716111290548885560e-01
5.199435543945611471e+00 1.062630972122297290e+00
5.249435543945608629e+00 1.110596259560580279e+00
5.299435543945605787e+00 1.146969935867944823e+00
5.349435543945602944e+00 1.179974621748096864e+00
5.399435543945607208e+00 1.237161806711716716e+00
5.449435543945611471e+00 1.235620065329771755e+00
5.499435543945608629e+00 1.268995911172243751e+00
5.549435543945605787e+00 1.274135049112059992e+00
5.599435543945602944e+00 1.291208407378782397e+00
5.649435543945607208e+00 1.233535859387513201e+00
5.699435543945611471e+00 1.235448760731778339e+00
5.749435543945608629e+00 1.251751248307527931e+00
5.799435543945605787e+00 1.246726313433041078e+00
5.849435543945602944e+00 1.297946388233207626e+00
5.899435543945607208e+00 1.281672451423790049e+00
5.949435543945611471e+00 1.241273117063569575e+00
5.999435543945608629e+00 1.285840863308307602e+00
6.049435543945605787e+00 1.246526458068714982e+00
6.099435543945602944e+00 1.262086625719824662e+00
6.149435543945607208e+00 1.209467563369374776e+00
6.199435543945611471e+00 1.231879914940239074e+00
6.249435543945608629e+00 1.193336380391618823e+00
6.299435543945605787e+00 1.165841992413602979e+00
6.349435543945602944e+00 1.120845984673880080e+00
6.399435543945607208e+00 1.140317607312516746e+00
6.449435543945611471e+00 1.063830104308254532e+00
6.499435543945608629e+00 1.046100078415888923e+00
6.549435543945605787e+00 1.062002855262986545e+00
6.599435543945602944e+00 9.750943225474306697e-01
6.649435543945607208e+00 1.012353072611096971e+00
6.699435543945611471e+00 9.949085543820546107e-01
6.749435543945608629e+00 9.824889710274992138e-01
6.799435543945605787e+00 9.806331712158989911e-01
6.849435543945602944e+00 9.849443369320780572e-01
6.899435543945607208e+00 9.782063560776526057e-01
6.949435543945611471e+00 1.019176705764519353e+00
6.999435543945608629e+00 1.081931290162939652e+00
7.049435543945605787e+00 1.034936728779955128e+00
7.099435543945602944e+00 1.041674709634380802e+00
7.149435543945607208e+00 1.074051278655221875e+00
7.199435543945611471e+00 1.033023827435690434e+00
7.249435543945608629e+00 1.043102247950996153e+00
7.299435543945605787e+00 1.085186077524823212e+00
7.349435543945602944e+00 1.070596635929012219e+00
7.399435543945607208e+00 1.106113789246407464e+00
7.449435543945611471e+00 1.103487118743834872e+00
7.499435543945608629e+00 1.087584341896737472e+00
7.549435543945605787e+00 1.083473031544884613e+00
7.599435543945610050e+00 1.111167274887226553e+00
7.649435543945607208e+00 1.074907801645191174e+00
7.699435543945611471e+00 1.098719140766338809e+00
7.749435543945608629e+00 1.104914657060450445e+00
7.799435543945605787e+00 1.120646129309553984e+00
7.849435543945610050e+00 1.084129699170527594e+00
7.899435543945607208e+00 1.058062849509127545e+00
7.949435543945611471e+00 1.123301350578459035e+00
7.999435543945608629e+00 1.121673956897517144e+00
8.049435543945605787e+00 1.088726372550030019e+00
8.099435543945610050e+00 1.078933459698047104e+00
8.149435543945607208e+00 1.089868403203322123e+00
8.199435543945611471e+00 1.079218967361370130e+00
8.249435543945608629e+00 1.108826112047977208e+00
8.299435543945605787e+00 1.099233054560320388e+00
8.349435543945610050e+00 1.063201987448943342e+00
8.399435543945607208e+00 1.059119227863422941e+00
8.449435543945611471e+00 1.077334616783437671e+00
8.499435543945608629e+00 1.076221136896477582e+00
8.549435543945605787e+00 1.083501582311216849e+00
8.599435543945610050e+00 1.044586887800276420e+00
8.649435543945607208e+00 1.048127182825483006e+00
8.699435543945611471e+00 1.039961663654441981e+00
8.749435543945608629e+00 1.038448473038829478e+00
8.799435543945605787e+00 1.049097908880781693e+00
8.849435543945610050e+00 1.057862994144801227e+00
8.899435543945607208e+00 1.074365337084877359e+00
8.949435543945611471e+00 1.080675056444317939e+00
8.999435543945608629e+00 1.091238839987273224e+00
9.049435543945605787e+00 1.019776271857497862e+00
9.099435543945610050e+00 1.081817087097610486e+00
9.149435543945607208e+00 1.127241356332318034e+00
9.199435543945611471e+00 1.108569155150986418e+00
9.249435543945608629e+00 1.099775519120634204e+00
9.299435543945605787e+00 1.128583242349936455e+00
9.349435543945610050e+00 1.112566262437509890e+00
9.399435543945607208e+00 1.142030653292455122e+00
9.449435543945611471e+00 1.166555761571910654e+00
9.499435543945608629e+00 1.134321946382731205e+00
9.549435543945605787e+00 1.148311821885563910e+00
9.599435543945610050e+00 1.157647922476229718e+00
9.649435543945607208e+00 1.164071844900999686e+00
9.699435543945611471e+00 1.128811648480595231e+00
9.749435543945608629e+00 1.167555038393541800e+00
9.799435543945605787e+00 1.178689837263142914e+00
9.849435543945610050e+00 1.131609623581161461e+00
9.899435543945607208e+00 1.126698891772003996e+00
9.949435543945611471e+00 1.154935599674659974e+00
9.999435543945608629e+00 1.156819950252592655e+00
1.004943554394560579e+01 1.106542050741392114e+00
1.009943554394561005e+01 1.138832967463236479e+00
1.014943554394560721e+01 1.141745145629132097e+00
1.019943554394561147e+01 1.126070774912693251e+00
1.024943554394560863e+01 1.094607830414485949e+00
1.029943554394560579e+01 1.111966696344531158e+00
1.034943554394561005e+01 1.055493280539219425e+00
1.039943554394560721e+01 1.084643612964509174e+00
1.044943554394561147e+01 1.050639650262726210e+00
1.049943554394560863e+01 1.039904562121777509e+00
1.054943554394560579e+01 1.056778065024173374e+00
1.059943554394561005e+01 1.064572424232894443e+00
1.064943554394560721e+01 1.048412690488806254e+00
1.069943554394561147e+01 1.049240662712443317e+00
1.074943554394560863e+01 1.049440518076769413e+00
1.079943554394560579e+01 1.034222959621647675e+00
1.084943554394561005e+01 1.033052378202022670e+00
1.089943554394560721e+01 1.031796144483400957e+00
1.094943554394561147e+01 1.031967449081394816e+00
1.099943554394560863e+01 1.043130798717328611e+00
1.104943554394560579e+01 1.041360651204725318e+00
1.109943554394561005e+01 1.028427154056188231e+00
1.114943554394560721e+01 1.001075519909834011e+00
1.119943554394561147e+01 1.081674333265948862e+00
1.124943554394560863e+01 1.025486425123960155e+00
1.129943554394560579e+01 1.071710115815972308e+00
1.134943554394561005e+01 1.044244278604288700e+00
1.139943554394560721e+01 1.069740112939042920e+00
1.144943554394561147e+01 1.043559060212313261e+00
1.149943554394560863e+01 1.078562299735727148e+00
1.154943554394560579e+01 1.088440864886706771e+00
1.159943554394561005e+01 1.115935252864722615e+00
1.164943554394560721e+01 1.098376531570351089e+00
1.169943554394561147e+01 1.089068981746017739e+00
1.174943554394560863e+01 1.120617578543221748e+00
1.179943554394560579e+01 1.152537335302745491e+00
1.184943554394561005e+01 1.064572424232894443e+00
1.189943554394560721e+01 1.129154257676582729e+00
1.194943554394561147e+01 1.115564092902402660e+00
1.199943554394560863e+01 1.124643236596077456e+00
1.204943554394560579e+01 1.112509160904845196e+00
1.209943554394561005e+01 1.094864787311476739e+00
1.214943554394560721e+01 1.109711185804278744e+00
1.219943554394561147e+01 1.123701061307111226e+00
1.224943554394560863e+01 1.080789259509647104e+00
1.229943554394560579e+01 1.052723856204985209e+00
1.234943554394561005e+01 1.083929843806201498e+00
1.239943554394560721e+01 1.084158249936860052e+00
1.244943554394561147e+01 1.048384139722473796e+00
1.249943554394560863e+01 1.032224405978385606e+00
1.254943554394560579e+01 1.057206326519158024e+00
1.259943554394561005e+01 1.077705776745757627e+00
1.264943554394560721e+01 1.117362791181338189e+00
1.269943554394561147e+01 1.061260535338346189e+00
1.274943554394560863e+01 1.062031406029318781e+00
1.279943554394560579e+01 1.105913933882081146e+00
1.284943554394561005e+01 1.105028860125779833e+00
1.289943554394560721e+01 1.065657353353522296e+00
1.294943554394561147e+01 1.104572047864462725e+00
1.299943554394560863e+01 1.092752030602885727e+00
1.304943554394560579e+01 1.070710838994341385e+00
1.309943554394561005e+01 1.105999586181078520e+00
1.314943554394560721e+01 1.084986222160496894e+00
1.319943554394561147e+01 1.078533748969394690e+00
1.324943554394560863e+01 1.092723479836553491e+00
1.329943554394560579e+01 1.142401813254775300e+00
1.334943554394561005e+01 1.135321223204361907e+00
1.339943554394560721e+01 1.104429294032801101e+00
1.344943554394561147e+01 1.135292672438029893e+00
1.349943554394560863e+01 1.136777312287309716e+00
1.354943554394560579e+01 1.118647575666292138e+00
1.359943554394561005e+01 1.129953679133887556e+00
1.364943554394560721e+01 1.095407251871790777e+00
1.369943554394561147e+01 1.107541327563023037e+00
1.374943554394560863e+01 1.116877428153688845e+00
1.379943554394560579e+01 1.129982229900219792e+00
1.384943554394561005e+01 1.053066465400972929e+00
1.389943554394560721e+01 1.131752377412822863e+00
1.394943554394561147e+01 1.123958018204102016e+00
1.399943554394560863e+01 1.118961634095947622e+00
1.404943554394560579e+01 1.113879597688796297e+00
1.409943554394561005e+01 1.071852869647633932e+00
1.414943554394560721e+01 1.125042947324729870e+00
1.419943554394561147e+01 1.113651191558137743e+00
1.424943554394560863e+01 1.085186077524823212e+00
1.429943554394560579e+01 1.103258712613176318e+00
1.434943554394561005e+01 1.055835889735207145e+00
1.439943554394560721e+01 1.085814194384133957e+00
1.444943554394561147e+01 1.049697474973760425e+00
1.449943554394560863e+01 1.065971411783177780e+00
1.454943554394560579e+01 1.088983329447020587e+00
1.459943554394561005e+01 1.074879250878858938e+00
1.464943554394560721e+01 1.047955878227489146e+00
1.469943554394561147e+01 1.069511706808384144e+00
1.474943554394560863e+01 1.031110926091425517e+00
1.479943554394560579e+01 1.060632418479035444e+00
1.484943554394561005e+01 1.035650497938263026e+00
1.489943554394560721e+01 1.082873465451906103e+00
1.494943554394561147e+01 1.086642166607771021e+00
1.499943554394560863e+01 1.087527240364072778e+00
1.504943554394560579e+01 1.063687350476592908e+00
1.509943554394561005e+01 1.080932013341308728e+00
1.514943554394560721e+01 1.061203433805681717e+00
1.519943554394561147e+01 1.053637480727619202e+00
1.524943554394560863e+01 1.091495796884264013e+00
1.529943554394560579e+01 1.108083792123336853e+00
1.534943554394561005e+01 1.098976097663329599e+00
1.539943554394560721e+01 1.093608553592855248e+00
1.544943554394561147e+01 1.087355935766078918e+00
1.549943554394560863e+01 1.066685180941485456e+00
1.554943554394560579e+01 1.103515669510167108e+00
1.559943554394561005e+01 1.095778411834110733e+00
1.564943554394560721e+01 1.117134385050679635e+00
1.569943554394561147e+01 1.115506991369737744e+00
1.574943554394560863e+01 1.047641819797833662e+00
1.579943554394560579e+01 1.143943554636720261e+00
1.584943554394561005e+01 1.111509884083214272e+00
1.589943554394560721e+01 1.125785267249370225e+00
1.594943554394561147e+01 1.091467246117931778e+00
1.599943554394560863e+01 1.113137277764156163e+00
1.604943554394560579e+01 1.094664931947150643e+00
1.609943554394561005e+01 1.120103664749239947e+00
1.614943554394560721e+01 1.078876358165382410e+00
1.619943554394561147e+01 1.109397127374623260e+00
1.624943554394560863e+01 1.095064642675802835e+00
1.629943554394560579e+01 1.086956225037426504e+00
1.634943554394561005e+01 1.087041877336423434e+00
1.639943554394560721e+01 1.069968519069701252e+00
1.644943554394561147e+01 1.102487841922204170e+00
1.649943554394560863e+01 1.098205226972357229e+00
1.654943554394560579e+01 1.106285093844401102e+00
1.659943554394561005e+01 1.116420615892371959e+00
1.664943554394560721e+01 1.108369299786660100e+00
1.669943554394561147e+01 1.123529756709117366e+00
1.674943554394560863e+01 1.108968865879638610e+00
1.679943554394560579e+01 1.096663485590412490e+00
1.684943554394561005e+01 1.078904908931714646e+00
1.689943554394560721e+01 1.100831897474930043e+00
1.694943554394561147e+01 1.085985498982127817e+00
1.699943554394560863e+01 1.088954778680688351e+00
1.704943554394560579e+01 1.122958741382471315e+00
1.709943554394561005e+01 1.052495450074326655e+00
1.714943554394560721e+01 1.059176329396087413e+00
1.719943554394561147e+01 1.076592296858797315e+00
1.724943554394560863e+01 1.069083445313399494e+00
1.729943554394560579e+01 1.033509190463339777e+00
1.734943554394561005e+01 1.040275722084097465e+00
1.739943554394560721e+01 1.091524347650596249e+00
1.744943554394561147e+01 1.119389895590932493e+00
1.749943554394560863e+01 1.082645059321247549e+00
1.754943554394560579e+01 1.057520384948813508e+00
1.759943554394561005e+01 1.077734327512090085e+00
1.764943554394560721e+01 1.089068981746017739e+00
1.769943554394561147e+01 1.059918649320727546e+00
1.774943554394560863e+01 1.113651191558137743e+00
1.779943554394560579e+01 1.128668894648933607e+00
1.784943554394561005e+01 1.085300280590152378e+00
1.789943554394560721e+01 1.036878180890552503e+00
1.794943554394561147e+01 1.116135108229048711e+00
1.799943554394560863e+01 1.097434356281385082e+00
1.804943554394560579e+01 1.093094639798873668e+00
1.809943554394561005e+01 1.124443381231751360e+00
1.814943554394560721e+01 1.112823219334500680e+00
1.819943554394561147e+01 1.099004648429661835e+00
1.824943554394560863e+01 1.088697821783697561e+00
1.829943554394560579e+01 1.117391341947670647e+00
1.834943554394561005e+01 1.072994900300926258e+00
1.839943554394560721e+01 1.117105834284347399e+00
1.844943554394561147e+01 1.110139447299263393e+00
1.849943554394560863e+01 1.048698198152129279e+00
1.854943554394560579e+01 1.071881420413966168e+00
1.859943554394561005e+01 1.054065742222603852e+00
1.864943554394560721e+01 1.085500135954478473e+00
1.869943554394561147e+01 1.092637827537556561e+00
1.874943554394560863e+01 1.119675403254255297e+00
1.879943554394560579e+01 1.057948646443798379e+00
1.884943554394561005e+01 1.033851799659327497e+00
1.889943554394560721e+01 1.042731087988676197e+00
1.894943554394561147e+01 1.040104417486103605e+00
1.899943554394560863e+01 1.121131492337203328e+00
1.904943554394560579e+01 1.100061026783957452e+00
1.909943554394561005e+01 1.102287986557877630e+00
