-9.845179509449559774e+00 2.447585232123316613e-03
-9.795179509449560840e+00 2.138416571223529170e-03
-9.745179509449560129e+00 2.602169562573209902e-03
-9.695179509449559418e+00 2.937102278547979416e-03
-9.645179509449560484e+00 3.040158498847908997e-03
-9.595179509449559774e+00 3.761552040947412599e-03
-9.545179509449560840e+00 3.813080151097376740e-03
-9.495179509449560129e+00 5.590799951271153458e-03
-9.445179509449559418e+00 7.316991641294966903e-03
-9.395179509449560484e+00 8.940127111018849465e-03
-9.345179509449559774e+00 1.203181372001672217e-02
-9.295179509449560840e+00 1.301084781286604951e-02
-9.245179509449560129e+00 1.234098238091650875e-02
-9.195179509449559418e+00 1.290779159256612123e-02
-9.145179509449560484e+00 1.275320726211622707e-02
-9.095179509449559774e+00 1.107854368224237863e-02
-9.045179509449560840e+00 1.146500450836711316e-02
-8.995179509449560129e+00 1.244403860121643876e-02
-8.945179509449559418e+00 1.458245517243996967e-02
-8.895179509449560484e+00 1.339730863899078403e-02
-8.845179509449559774e+00 1.249556671136640290e-02
-8.795179509449560840e+00 1.058902663581771757e-02
-8.745179509449560129e+00 6.827474594870304100e-03
-8.695179509449559418e+00 3.735787985872430529e-03
-8.645179509449560484e+00 2.293000901673422891e-03
-8.595179509449559774e+00 1.107854368224238124e-03
-8.545179509449560840e+00 3.864608261247340880e-04
-8.495179509449560129e+00 2.318764956748404745e-04
-8.445179509449559418e+00 0.000000000000000000e+00
-8.395179509449560484e+00 0.000000000000000000e+00
-8.345179509449559774e+00 0.000000000000000000e+00
-8.295179509449560840e+00 0.000000000000000000e+00
-8.245179509449560129e+00 0.000000000000000000e+00
-8.195179509449559418e+00 0.000000000000000000e+00
-8.145179509449560484e+00 0.000000000000000000e+00
-8.095179509449559774e+00 0.000000000000000000e+00
-8.045179509449560840e+00 0.000000000000000000e+00
-7.995179509449560129e+00 0.000000000000000000e+00
-7.945179509449559418e+00 0.000000000000000000e+00
-7.895179509449560484e+00 0.000000000000000000e+00
-7.845179509449559774e+00 0.000000000000000000e+00
-7.795179509449559951e+00 0.000000000000000000e+00
-7.745179509449560129e+00 0.000000000000000000e+00
-7.695179509449560307e+00 0.000000000000000000e+00
-7.645179509449560484e+00 0.000000000000000000e+00
-7.595179509449559774e+00 0.000000000000000000e+00
-7.545179509449559951e+00 0.000000000000000000e+00
-7.495179509449560129e+00 0.000000000000000000e+00
-7.445179509449559418e+00 0.000000000000000000e+00
-7.395179509449560484e+00 0.000000000000000000e+00
-7.345179509449559774e+00 0.000000000000000000e+00
-7.295179509449559951e+00 0.000000000000000000e+00
-7.245179509449560129e+00 0.000000000000000000e+00
-7.195179509449559418e+00 0.000000000000000000e+00
-7.145179509449560484e+00 0.000000000000000000e+00
-7.095179509449559774e+00 0.000000000000000000e+00
-7.045179509449559951e+00 0.000000000000000000e+00
-6.995179509449560129e+00 0.000000000000000000e+00
-6.945179509449559418e+00 0.000000000000000000e+00
-6.895179509449560484e+00 0.000000000000000000e+00
-6.845179509449559774e+00 0.000000000000000000e+00
-6.795179509449559951e+00 0.000000000000000000e+00
-6.745179509449560129e+00 0.000000000000000000e+00
-6.695179509449559418e+00 0.000000000000000000e+00
-6.645179509449560484e+00 0.000000000000000000e+00
-6.595179509449559774e+00 0.000000000000000000e+00
-6.545179509449559951e+00 0.000000000000000000e+00
-6.495179509449560129e+00 0.000000000000000000e+00
-6.445179509449559418e+00 0.000000000000000000e+00
-6.395179509449560484e+00 0.000000000000000000e+00
-6.345179509449559774e+00 0.000000000000000000e+00
-6.295179509449559951e+00 0.000000000000000000e+00
-6.245179509449560129e+00 0.000000000000000000e+00
-6.195179509449559418e+00 0.000000000000000000e+00
-6.145179509449560484e+00 0.000000000000000000e+00
-6.095179509449559774e+00 0.000000000000000000e+00
-6.045179509449559951e+00 0.000000000000000000e+00
-5.995179509449560129e+00 0.000000000000000000e+00
-5.945179509449559418e+00 0.000000000000000000e+00
-5.895179509449560484e+00 0.000000000000000000e+00
-5.845179509449559774e+00 0.000000000000000000e+00
-5.795179509449559951e+00 0.000000000000000000e+00
-5.745179509449560129e+00 0.000000000000000000e+00
-5.695179509449559418e+00 0.000000000000000000e+00
-5.645179509449560484e+00 0.000000000000000000e+00
-5.595179509449559774e+00 0.000000000000000000e+00
-5.545179509449559951e+00 0.000000000000000000e+00
-5.495179509449560129e+00 0.000000000000000000e+00
-5.445179509449559418e+00 0.000000000000000000e+00
-5.395179509449560484e+00 0.000000000000000000e+00
-5.345179509449559774e+00 0.000000000000000000e+00
-5.295179509449559951e+00 0.000000000000000000e+00
-5.245179509449560129e+00 0.000000000000000000e+00
-5.195179509449559418e+00 0.000000000000000000e+00
-5.145179509449560484e+00 0.000000000000000000e+00
-5.095179509449559774e+00 0.000000000000000000e+00
-5.045179509449559063e+00 0.000000000000000000e+00
-4.995179509449560129e+00 0.000000000000000000e+00
-4.945179509449559418e+00 0.000000000000000000e+00
-4.895179509449560484e+00 0.000000000000000000e+00
-4.845179509449559774e+00 0.000000000000000000e+00
-4.795179509449559063e+00 0.000000000000000000e+00
-4.745179509449560129e+00 0.000000000000000000e+00
-4.695179509449559418e+00 0.000000000000000000e+00
-4.645179509449560484e+00 0.000000000000000000e+00
-4.595179509449559774e+00 0.000000000000000000e+00
-4.545179509449559063e+00 0.000000000000000000e+00
-4.495179509449560129e+00 0.000000000000000000e+00
-4.445179509449559418e+00 0.000000000000000000e+00
-4.395179509449560484e+00 0.000000000000000000e+00
-4.345179509449559774e+00 0.000000000000000000e+00
-4.295179509449559063e+00 0.000000000000000000e+00
-4.245179509449560129e+00 0.000000000000000000e+00
-4.195179509449559418e+00 0.000000000000000000e+00
-4.145179509449560484e+00 0.000000000000000000e+00
-4.095179509449559774e+00 0.000000000000000000e+00
-4.045179509449559063e+00 0.000000000000000000e+00
-3.995179509449560129e+00 0.000000000000000000e+00
-3.945179509449559418e+00 0.000000000000000000e+00
-3.895179509449560484e+00 0.000000000000000000e+00
-3.845179509449559774e+00 0.000000000000000000e+00
-3.795179509449559063e+00 0.000000000000000000e+00
-3.745179509449560129e+00 0.000000000000000000e+00
-3.695179509449559418e+00 0.000000000000000000e+00
-3.645179509449560484e+00 0.000000000000000000e+00
-3.595179509449559774e+00 0.000000000000000000e+00
-3.545179509449559063e+00 0.000000000000000000e+00
-3.495179509449560129e+00 0.000000000000000000e+00
-3.445179509449559418e+00 0.000000000000000000e+00
-3.395179509449560484e+00 0.000000000000000000e+00
-3.345179509449559774e+00 0.000000000000000000e+00
-3.295179509449559063e+00 0.000000000000000000e+00
-3.245179509449560129e+00 0.000000000000000000e+00
-3.195179509449559418e+00 0.000000000000000000e+00
-3.145179509449560484e+00 0.000000000000000000e+00
-3.095179509449559774e+00 0.000000000000000000e+00
-3.045179509449559063e+00 0.000000000000000000e+00
-2.995179509449560129e+00 0.000000000000000000e+00
-2.945179509449559418e+00 0.000000000000000000e+00
-2.895179509449560484e+00 0.000000000000000000e+00
-2.845179509449559774e+00 0.000000000000000000e+00
-2.795179509449559063e+00 0.000000000000000000e+00
-2.745179509449560129e+00 0.000000000000000000e+00
-2.695179509449559418e+00 0.000000000000000000e+00
-2.645179509449560484e+00 0.000000000000000000e+00
-2.595179509449559774e+00 0.000000000000000000e+00
-2.545179509449559063e+00 0.000000000000000000e+00
-2.495179509449560129e+00 0.000000000000000000e+00
-2.445179509449559418e+00 0.000000000000000000e+00
-2.395179509449560484e+00 0.000000000000000000e+00
-2.345179509449559774e+00 0.000000000000000000e+00
-2.295179509449559063e+00 0.000000000000000000e+00
-2.245179509449560129e+00 0.000000000000000000e+00
-2.195179509449559418e+00 0.000000000000000000e+00
-2.145179509449560484e+00 0.000000000000000000e+00
-2.095179509449559774e+00 0.000000000000000000e+00
-2.045179509449559063e+00 0.000000000000000000e+00
-1.995179509449560129e+00 0.000000000000000000e+00
-1.945179509449559418e+00 2.576405507498227344e-05
-1.895179509449560484e+00 0.000000000000000000e+00
-1.845179509449559774e+00 0.000000000000000000e+00
-1.795179509449560840e+00 0.000000000000000000e+00
-1.745179509449560129e+00 0.000000000000000000e+00
-1.695179509449559418e+00 0.000000000000000000e+00
-1.645179509449558708e+00 0.000000000000000000e+00
-1.595179509449559774e+00 0.000000000000000000e+00
-1.545179509449560840e+00 0.000000000000000000e+00
-1.495179509449560129e+00 0.000000000000000000e+00
-1.445179509449559418e+00 0.000000000000000000e+00
-1.395179509449558708e+00 0.000000000000000000e+00
-1.345179509449559774e+00 0.000000000000000000e+00
-1.295179509449560840e+00 0.000000000000000000e+00
-1.245179509449560129e+00 2.576405507498227344e-05
-1.195179509449559418e+00 0.000000000000000000e+00
-1.145179509449558708e+00 0.000000000000000000e+00
-1.095179509449559774e+00 0.000000000000000000e+00
-1.045179509449560840e+00 0.000000000000000000e+00
-9.951795094495601290e-01 0.000000000000000000e+00
-9.451795094495594185e-01 0.000000000000000000e+00
-8.951795094495587080e-01 0.000000000000000000e+00
-8.451795094495597738e-01 0.000000000000000000e+00
-7.951795094495608396e-01 0.000000000000000000e+00
-7.451795094495601290e-01 0.000000000000000000e+00
-6.951795094495594185e-01 0.000000000000000000e+00
-6.451795094495587080e-01 0.000000000000000000e+00
-5.951795094495597738e-01 0.000000000000000000e+00
-5.451795094495608396e-01 0.000000000000000000e+00
-4.951795094495601290e-01 0.000000000000000000e+00
-4.451795094495594185e-01 0.000000000000000000e+00
-3.951795094495587080e-01 2.576405507498227344e-05
-3.451795094495597738e-01 0.000000000000000000e+00
-2.951795094495590632e-01 0.000000000000000000e+00
-2.451795094495601290e-01 0.000000000000000000e+00
-1.951795094495594185e-01 0.000000000000000000e+00
-1.451795094495587080e-01 0.000000000000000000e+00
-9.517950944955977377e-02 2.576405507498227344e-05
-4.517950944955906323e-02 0.000000000000000000e+00
4.820490550439870958e-03 0.000000000000000000e+00
5.482049055044058150e-02 0.000000000000000000e+00
1.048204905504412920e-01 0.000000000000000000e+00
1.548204905504402262e-01 5.152811014996454687e-05
2.048204905504409368e-01 2.576405507498227344e-05
2.548204905504398710e-01 2.576405507498227344e-05
3.048204905504405815e-01 1.545843304498936677e-04
3.548204905504412920e-01 1.288202753749113807e-04
4.048204905504402262e-01 1.803483855248759276e-04
4.548204905504409368e-01 4.122248811997163750e-04
5.048204905504398710e-01 5.410451565746278099e-04
5.548204905504405815e-01 6.183373217995746709e-04
6.048204905504412920e-01 6.441013768745570663e-04
6.548204905504402262e-01 1.004798147924308759e-03
7.048204905504409368e-01 1.133618423299220194e-03
7.548204905504398710e-01 1.880776020473706300e-03
8.048204905504405815e-01 2.061124405998582092e-03
8.548204905504412920e-01 2.215708736448476247e-03
9.048204905504402262e-01 2.911338223472996912e-03
9.548204905504409368e-01 5.307395345446348951e-03
1.004820490550439871e+00 9.481172267593478142e-03
1.054820490550440582e+00 1.733920906546307372e-02
1.104820490550441292e+00 3.065922553922890981e-02
1.154820490550440226e+00 5.621716817361132462e-02
1.204820490550440937e+00 8.849952918256411005e-02
1.254820490550439871e+00 1.246722625078392210e-01
1.304820490550440582e+00 1.602524225663897739e-01
1.354820490550441292e+00 1.804514417451759112e-01
1.404820490550440226e+00 1.858361292558471656e-01
1.454820490550440937e+00 1.808121385162256012e-01
1.504820490550439871e+00 1.552541958818432211e-01
1.554820490550440582e+00 1.521367452177703194e-01
1.604820490550441292e+00 1.507454862437213050e-01
1.654820490550440226e+00 1.759169680519789836e-01
1.704820490550440937e+00 1.981771116367636587e-01
1.754820490550439871e+00 2.431353877426077614e-01
1.804820490550440582e+00 3.471448780803112477e-01
1.854820490550441292e+00 5.452446975518497885e-01
1.904820490550440226e+00 1.018504625224199378e+00
1.954820490550440937e+00 1.783439420400423137e+00
2.004820490550439871e+00 2.903763591280952738e+00
2.054820490550440582e+00 4.066418104649677900e+00
2.104820490550441292e+00 5.185531364941683208e+00
2.154820490550440226e+00 5.800390539306135018e+00
2.204820490550440937e+00 5.906564210270136783e+00
2.254820490550439871e+00 5.317314506650216543e+00
2.304820490550440582e+00 4.534138760480905361e+00
2.354820490550441292e+00 3.516123652303131397e+00
2.404820490550440226e+00 2.652667110520175342e+00
2.454820490550440937e+00 1.802118360329785229e+00
2.504820490550439871e+00 1.218047231779937123e+00
2.554820490550440582e+00 7.300760286597728355e-01
2.604820490550441292e+00 4.293837418796546679e-01
2.654820490550440226e+00 2.701103534061142231e-01
2.704820490550440937e+00 1.872789163400461754e-01
2.754820490550439871e+00 1.432481462169014619e-01
2.804820490550440582e+00 1.380953352019050062e-01
2.854820490550441292e+00 1.553314880470681447e-01
2.904820490550440226e+00 1.694244261730834811e-01
2.954820490550440937e+00 1.911692886563684801e-01
3.004820490550439871e+00 1.946989642016410671e-01
3.054820490550440582e+00 1.951884812480657039e-01
3.104820490550441292e+00 1.900099061779942922e-01
3.154820490550440226e+00 1.905509513345689243e-01
3.204820490550440937e+00 1.675951782627596864e-01
3.254820490550439871e+00 1.610511082737142163e-01
3.304820490550440582e+00 1.585004668212909584e-01
3.354820490550441292e+00 1.549965553310934108e-01
3.404820490550440226e+00 1.532961276961445629e-01
3.454820490550440937e+00 1.714340224689320513e-01
3.504820490550439871e+00 1.893142766909697849e-01
3.554820490550440582e+00 2.154647925920767648e-01
3.604820490550441292e+00 2.606291811385207380e-01
3.654820490550440226e+00 2.742068381630363150e-01
3.704820490550440937e+00 3.350100081399945418e-01
3.754820490550439871e+00 4.037742711351222646e-01
3.804820490550440582e+00 4.742647258202737359e-01
3.854820490550441292e+00 5.279827806516117494e-01
3.904820490550440226e+00 6.772854798111340724e-01
3.954820490550440937e+00 7.434475732436884865e-01
4.004820490550439871e+00 8.637141823337057822e-01
4.054820490550440582e+00 9.371417392974052962e-01
4.104820490550441292e+00 1.010131307324830363e+00
4.154820490550440226e+00 1.048493985331478529e+00
4.204820490550440937e+00 1.005725653907008077e+00
4.254820490550439871e+00 1.115300180140907926e+00
4.304820490550440582e+00 1.161314782504826226e+00
4.354820490550441292e+00 1.193648671623928958e+00
4.404820490550440226e+00 1.297348993300732278e+00
4.454820490550440937e+00 1.474090411115110966e+00
4.504820490550439871e+00 1.609635104864592714e+00
4.554820490550440582e+00 1.817989018255974365e+00
4.604820490550441292e+00 1.947504923117910458e+00
4.654820490550440226e+00 2.043733668822969474e+00
4.704820490550440937e+00 2.095081430587408811e+00
4.754820490550439871e+00 2.098353465581931587e+00
4.804820490550440582e+00 1.946809293630885618e+00
4.854820490550441292e+00 1.899274612017543218e+00
4.904820490550440226e+00 1.693471340078585019e+00
4.954820490550440937e+00 1.505548322361664138e+00
5.004820490550439871e+00 1.338932178191754030e+00
5.054820490550440582e+00 1.174222574097392391e+00
5.104820490550441292e+00 1.078766750044583000e+00
5.154820490550440226e+00 9.825380043395239849e-01
5.204820490550440937e+00 9.108108750107734020e-01
5.254820490550439871e+00 8.731180624360744824e-01
5.304820490550440582e+00 8.395732627284474558e-01
5.354820490550441292e+00 8.360693512382498804e-01
5.404820490550440226e+00 8.600556865130583040e-01
5.454820490550440937e+00 8.160506804449886298e-01
5.504820490550439871e+00 8.671665657137533900e-01
5.554820490550440582e+00 9.451285963706499427e-01
5.604820490550441292e+00 9.428355954689764395e-01
5.654820490550440226e+00 9.494311935681719605e-01
5.704820490550440937e+00 1.012656184722178443e+00
5.754820490550439871e+00 1.045350770612330837e+00
5.804820490550440582e+00 1.076267636702309627e+00
5.854820490550441292e+00 1.066374239553516290e+00
5.904820490550440226e+00 1.086676314952602418e+00
5.954820490550440937e+00 1.099687162765468518e+00
6.004820490550439871e+00 1.065292149240367081e+00
6.054820490550440582e+00 1.097136521313045066e+00
6.104820490550441292e+00 1.104865737835539985e+00
6.154820490550438450e+00 1.055553336422023758e+00
6.204820490550442713e+00 1.039090105229110161e+00
6.254820490550439871e+00 1.051946368711526469e+00
6.304820490550440582e+00 1.005828710127308012e+00
6.354820490550441292e+00 1.012321252006203487e+00
6.404820490550438450e+00 9.902929849170938326e-01
6.454820490550442713e+00 9.683935381033588197e-01
6.504820490550439871e+00 9.564390165485670003e-01
6.554820490550440582e+00 9.244400601454390021e-01
6.604820490550441292e+00 8.872110005620897910e-01
6.654820490550438450e+00 8.622713952495069112e-01
6.704820490550442713e+00 8.430256461084950637e-01
6.754820490550439871e+00 8.514504921180142683e-01
6.804820490550440582e+00 8.271807522373809674e-01
6.854820490550441292e+00 8.331837770698519163e-01
6.904820490550438450e+00 8.014939893276236127e-01
6.954820490550442713e+00 7.783063397601396316e-01
7.004820490550439871e+00 7.834591507751359485e-01
7.054820490550440582e+00 7.868342419899587714e-01
7.104820490550441292e+00 8.051782492033461303e-01
7.154820490550438450e+00 7.793884300732888404e-01
7.204820490550442713e+00 8.052813054236460655e-01
7.254820490550439871e+00 8.065695081773950337e-01
7.304820490550440582e+00 8.087336888036935623e-01
7.354820490550441292e+00 8.072909017194946912e-01
7.404820490550438450e+00 8.072651376644196519e-01
7.454820490550442713e+00 8.232130877558336834e-01
7.504820490550439871e+00 8.478177603524417183e-01
7.554820490550440582e+00 8.777813564046461625e-01
7.604820490550441292e+00 8.746639057405733997e-01
7.654820490550438450e+00 9.190296085796927361e-01
7.704820490550442713e+00 9.737524615589552290e-01
7.754820490550439871e+00 1.005261900915658480e+00
7.804820490550440582e+00 1.028604134813592363e+00
7.854820490550441292e+00 1.079462379531607397e+00
7.904820490550438450e+00 1.135782603925518552e+00
7.954820490550442713e+00 1.131119309956946983e+00
8.004820490550439871e+00 1.154899532791155536e+00
8.054820490550440582e+00 1.167446627612671817e+00
8.104820490550441292e+00 1.206711047546944693e+00
8.154820490550438450e+00 1.217583478788587303e+00
8.204820490550442713e+00 1.236107834387499604e+00
8.254820490550439871e+00 1.271404589840225752e+00
8.304820490550440582e+00 1.272409387988149732e+00
8.354820490550441292e+00 1.267539981578977848e+00
8.404820490550438450e+00 1.285033774974891019e+00
8.454820490550442713e+00 1.268081026735552674e+00
8.504820490550439871e+00 1.272770084759199394e+00
8.554820490550440582e+00 1.249633963301865602e+00
8.604820490550441292e+00 1.236803463874524223e+00
8.654820490550438450e+00 1.234072474036576272e+00
8.704820490550442713e+00 1.220185648351160612e+00
8.754820490550439871e+00 1.174763619253966995e+00
8.804820490550440582e+00 1.196534245792326701e+00
8.854820490550441292e+00 1.115377472306132489e+00
8.904820490550438450e+00 1.134777805777594129e+00
8.954820490550442713e+00 1.115094067700308056e+00
9.004820490550439871e+00 1.073768523360036253e+00
9.054820490550440582e+00 1.077040558354559252e+00
9.104820490550441292e+00 1.013274522043977832e+00
9.154820490550438450e+00 1.038162599246410966e+00
9.204820490550442713e+00 1.018478861169124228e+00
9.254820490550439871e+00 1.006807744220157508e+00
9.304820490550444134e+00 9.868406015370461137e-01
9.354820490550441292e+00 9.787249241884267148e-01
9.404820490550438450e+00 9.556918589513925255e-01
9.454820490550442713e+00 9.388936950425040839e-01
9.504820490550439871e+00 9.636014238594121650e-01
9.554820490550444134e+00 9.673629759003594675e-01
9.604820490550441292e+00 8.854075167068409247e-01
9.654820490550438450e+00 9.403107180716281377e-01
9.704820490550442713e+00 9.657398404306356543e-01
9.754820490550439871e+00 9.472670129418734319e-01
9.804820490550444134e+00 9.786991601333516755e-01
9.854820490550441292e+00 9.432220562951011411e-01
9.904820490550438450e+00 9.482975751448727841e-01
9.954820490550442713e+00 9.778489463158773765e-01
1.000482049055043987e+01 9.529351050583694249e-01
1.005482049055044413e+01 9.558979713919925070e-01
1.010482049055044129e+01 9.744738551010546646e-01
1.015482049055043845e+01 9.647092782276363021e-01
1.020482049055044271e+01 9.717943933732564599e-01
1.025482049055043987e+01 9.670538072394597728e-01
1.030482049055044413e+01 9.841869038643229484e-01
1.035482049055044129e+01 9.755301813591289450e-01
1.040482049055043845e+01 9.960898973089648001e-01
1.045482049055044271e+01 9.819454310727994129e-01
1.050482049055043987e+01 9.529608691134443532e-01
1.055482049055044413e+01 9.662293574770602911e-01
1.060482049055044129e+01 1.021441727502747421e+00
1.065482049055043845e+01 1.001526112929786105e+00
1.070482049055044271e+01 9.978418530540635878e-01
1.075482049055043987e+01 1.010466240040804653e+00
1.080482049055044413e+01 1.012681948777253371e+00
1.085482049055044129e+01 1.018118164398074565e+00
1.090482049055043845e+01 1.010208599490054926e+00
1.095482049055044271e+01 1.028836011309267162e+00
1.100482049055043987e+01 1.021622075888272363e+00
1.105482049055044413e+01 1.027290168004768356e+00
1.110482049055044129e+01 1.019432131206898795e+00
1.115482049055043845e+01 9.949562788856656237e-01
1.120482049055044271e+01 1.005777182017158156e+00
1.125482049055043987e+01 1.001964101866060775e+00
1.130482049055044413e+01 9.763288670664533875e-01
1.135482049055044129e+01 9.937196042420664011e-01
1.140482049055043845e+01 1.042336376168558010e+00
1.145482049055044271e+01 9.430932360197262776e-01
1.150482049055043987e+01 1.018246984673449651e+00
1.155482049055044413e+01 1.041228521800333651e+00
1.160482049055044129e+01 1.026362662022069161e+00
1.165482049055043845e+01 1.019998940418548550e+00
1.170482049055044271e+01 1.065240621130217225e+00
1.175482049055043987e+01 1.052951166859450671e+00
1.180482049055044413e+01 1.076293400757384555e+00
1.185482049055044129e+01 1.068435363959514772e+00
1.190482049055043845e+01 1.051250739224502073e+00
1.195482049055044271e+01 1.057820573268622333e+00
1.200482049055043987e+01 1.076808681858884231e+00
1.205482049055044413e+01 1.088737439358601122e+00
1.210482049055044129e+01 1.142146325529039164e+00
1.215482049055043845e+01 1.056944595396072772e+00
1.220482049055044271e+01 1.085310820033628332e+00
1.225482049055043987e+01 1.099738690875618374e+00
1.230482049055044413e+01 1.068950645061014670e+00
1.235482049055044129e+01 1.104221636458665445e+00
1.240482049055043845e+01 1.088737439358601122e+00
1.245482049055044271e+01 1.101825579336692229e+00
1.250482049055043987e+01 1.095796790449146352e+00
1.255482049055044413e+01 1.054754650714699427e+00
1.260482049055044129e+01 1.046690501476229773e+00
1.265482049055043845e+01 1.077169378629933894e+00
1.270482049055044271e+01 1.056455078349648247e+00
1.275482049055043987e+01 1.063385609164818391e+00
1.280482049055044413e+01 1.052178245207201268e+00
1.285482049055044129e+01 1.009873666774080414e+00
1.290482049055043845e+01 1.068744532620414578e+00
1.295482049055044271e+01 1.034246462875013428e+00
1.300482049055043987e+01 1.007992890753606652e+00
1.305482049055044413e+01 1.029196708080317268e+00
1.310482049055044129e+01 9.756847656895789589e-01
1.315482049055043845e+01 9.924571655433923612e-01
1.320482049055044271e+01 9.885925572821450125e-01
1.325482049055043987e+01 9.863768485456964052e-01
1.330482049055044413e+01 1.003793349776384680e+00
1.335482049055044129e+01 9.757620578548037438e-01
1.340482049055043845e+01 9.801934753277007362e-01
1.345482049055044271e+01 9.861965001601714631e-01
1.350482049055043987e+01 1.004901204144608595e+00
1.355482049055044413e+01 9.666673464133350713e-01
1.360482049055044129e+01 9.930239747550418938e-01
1.365482049055043845e+01 9.930497388101168221e-01
1.370482049055044271e+01 9.816362624118997182e-01
1.375482049055043987e+01 9.609219621316139603e-01
1.380482049055044413e+01 9.934877277463916023e-01
1.385482049055044129e+01 9.975842125033138608e-01
1.390482049055043845e+01 9.591957704415901009e-01
1.395482049055044271e+01 1.004102518437284264e+00
1.400482049055043987e+01 9.840065554787981172e-01
1.405482049055044413e+01 1.009641790278405615e+00
1.410482049055044129e+01 1.034504103425763155e+00
1.415482049055043845e+01 9.792144412348513516e-01
1.420482049055044271e+01 1.036900160547736593e+00
1.425482049055043987e+01 1.000856247497836415e+00
1.430482049055044413e+01 1.045221950336956196e+00
1.435482049055044129e+01 1.031927697918265219e+00
1.440482049055043845e+01 9.709957076659320174e-01
1.445482049055044271e+01 1.061736709640019649e+00
1.450482049055043987e+01 1.044268680299181407e+00
1.455482049055044413e+01 1.047746827734304276e+00
1.460482049055044129e+01 1.024353065726220535e+00
1.465482049055043845e+01 1.058387382480272088e+00
1.470482049055044271e+01 1.053672560401550218e+00
1.475482049055043987e+01 9.965021221901644299e-01
1.480482049055044413e+01 1.025821616865494113e+00
1.485482049055044129e+01 1.029480112686141702e+00
1.490482049055043845e+01 1.090334810773250007e+00
1.495482049055044271e+01 1.059392180628196067e+00
1.500482049055043987e+01 1.045247714392030902e+00
1.505482049055044413e+01 1.012888061217853242e+00
1.510482049055044129e+01 1.020694569905572724e+00
1.515482049055043845e+01 1.063231024834368821e+00
1.520482049055044271e+01 1.004179810602509271e+00
1.525482049055043987e+01 1.054342425833499686e+00
1.530482049055044413e+01 1.048004468285054003e+00
1.535482049055044129e+01 1.051688728160776520e+00
1.540482049055043845e+01 1.028346494262842636e+00
1.545482049055044271e+01 9.971204595119640413e-01
1.550482049055043987e+01 1.015979747826851076e+00
1.555482049055044413e+01 1.010517768150954732e+00
1.560482049055044129e+01 9.715625168775816611e-01
1.565482049055043845e+01 1.004772383869233732e+00
1.570482049055044271e+01 1.017061838140000285e+00
1.575482049055043987e+01 1.019200254711223774e+00
1.580482049055044413e+01 1.040842060974208838e+00
1.585482049055044129e+01 1.024327301671145163e+00
1.590482049055043845e+01 1.020874918291097888e+00
1.595482049055044271e+01 1.026388426077144089e+00
1.600482049055043987e+01 1.005364957135958415e+00
1.605482049055044413e+01 1.050245941076577649e+00
1.610482049055044129e+01 1.015953983771776148e+00
1.615482049055043845e+01 1.006060586622983033e+00
1.620482049055044271e+01 1.033937294214113845e+00
1.625482049055043987e+01 1.036797104327436658e+00
1.630482049055044413e+01 1.044732433290531448e+00
1.635482049055044129e+01 1.038961284953735298e+00
1.640482049055043845e+01 1.035508901573687579e+00
1.645482049055044271e+01 1.085954921410502871e+00
1.650482049055043987e+01 1.035818070234587385e+00
1.655482049055044413e+01 1.021415963447672492e+00
1.660482049055044129e+01 1.052513177923176002e+00
1.665482049055043845e+01 1.023193683247846097e+00
1.670482049055044271e+01 1.072480320606286952e+00
1.675482049055043987e+01 1.022755694311571428e+00
1.680482049055044413e+01 1.003123484344434990e+00
1.685482049055044129e+01 1.005081552530133537e+00
1.690482049055043845e+01 9.938741885725161929e-01
1.695482049055044271e+01 9.856554550035969697e-01
1.700482049055043987e+01 9.809663969799500283e-01
1.705482049055044413e+01 9.770760246636278623e-01
1.710482049055044129e+01 9.921222328274175162e-01
1.715482049055043845e+01 9.674917961757344420e-01
1.720482049055044271e+01 9.557949151716925718e-01
1.725482049055043987e+01 1.019792827977948457e+00
1.730482049055044413e+01 9.726961353008809485e-01
1.735482049055044129e+01 9.950593351059655589e-01
1.740482049055043845e+01 1.002247506471885430e+00
1.745482049055044271e+01 9.999029774600621812e-01
1.750482049055043987e+01 1.029145179970166968e+00
1.755482049055044413e+01 9.985374825410879840e-01
1.760482049055044129e+01 1.030691023274665996e+00
1.765482049055043845e+01 1.031618529257365413e+00
1.770482049055044271e+01 1.012810769052628235e+00
1.775482049055043987e+01 1.028501078593292650e+00
1.780482049055044413e+01 9.998514493499122135e-01
1.785482049055044129e+01 9.946728742798407463e-01
1.790482049055043845e+01 1.039940319046584571e+00
1.795482049055044271e+01 1.036127238895486968e+00
1.800482049055043987e+01 1.003406888950259646e+00
1.805482049055044413e+01 1.057923629488922268e+00
1.810482049055044129e+01 1.017834759792249910e+00
1.815482049055043845e+01 1.051431087610026571e+00
1.820482049055044271e+01 1.041872623177208412e+00
1.825482049055043987e+01 1.079591199806982260e+00
1.830482049055044413e+01 1.068615712345039714e+00
1.835482049055044129e+01 1.056558134569947960e+00
1.840482049055043845e+01 1.015567522945651335e+00
1.845482049055044271e+01 1.079926132522956994e+00
1.850482049055043987e+01 1.039399273890009967e+00
1.855482049055044413e+01 1.006240935008507753e+00
1.860482049055044129e+01 1.014614252907876990e+00
1.865482049055043845e+01 1.085285055978553626e+00
1.870482049055044271e+01 1.062123170466144462e+00
1.875482049055043987e+01 1.053234571465275549e+00
1.880482049055044413e+01 9.959868410886647538e-01
1.885482049055044129e+01 1.077427019180683843e+00
1.890482049055043845e+01 1.034117642599638787e+00
1.895482049055044271e+01 1.050065592691052707e+00
1.900482049055043987e+01 1.079745784137432274e+00
1.905482049055044413e+01 1.063024912393768728e+00
1.910482049055044129e+01 1.081214335276706073e+00
1.915482049055043845e+01 1.071475522458362750e+00
1.920482049055044271e+01 1.069079465336389756e+00
1.925482049055043987e+01 1.049936772415677844e+00
1.930482049055044413e+01 1.089433068845625519e+00
1.935482049055044129e+01 1.060242394445670921e+00
1.940482049055043845e+01 1.080106480908481936e+00
1.945482049055044271e+01 1.039888790936434715e+00
1.950482049055043987e+01 1.030665259219590846e+00
1.955482049055044413e+01 1.022214649154996824e+00
1.960482049055044129e+01 1.021802424273797083e+00
1.965482049055043845e+01 1.021132558841847615e+00
1.970482049055044271e+01 9.882576245661701675e-01
1.975482049055043987e+01 1.041718038846758176e+00
1.980482049055044413e+01 1.011831734959778739e+00
1.985482049055044129e+01 9.475246534926230479e-01
1.990482049055043845e+01 1.000650135057236767e+00
1.995482049055044271e+01 9.862222642152465024e-01
2.000482049055043987e+01 1.010775408701704681e+00
2.005482049055044413e+01 9.853462863426971641e-01
2.010482049055044129e+01 1.006807744220157508e+00
2.015482049055043845e+01 9.811209813104002642e-01
2.020482049055044271e+01 1.021467491557822349e+00
2.025482049055043987e+01 1.021132558841847615e+00
2.030482049055044413e+01 1.028063089657017759e+00
2.035482049055044129e+01 9.771533168288527582e-01
2.040482049055043845e+01 1.015670579165951271e+00
2.045482049055044271e+01 1.001010831828286429e+00
2.050482049055043987e+01 9.821773075684745447e-01
2.055482049055044413e+01 1.027934269381642673e+00
2.060482049055044129e+01 1.003999462216984329e+00
2.065482049055043845e+01 1.034942092362038046e+00
2.070482049055044271e+01 1.004076754382209113e+00
2.075482049055043987e+01 9.826925886699739987e-01
2.080482049055044413e+01 9.740873942749299630e-01
2.085482049055044129e+01 9.361369411494810944e-01
2.090482049055043845e+01 9.828729370554988298e-01
2.095482049055044271e+01 9.663839418075101939e-01
2.100482049055043987e+01 9.713821684920567190e-01
2.105482049055044413e+01 9.662808855872102587e-01
2.110482049055044129e+01 9.583713206791906192e-01
2.115482049055043845e+01 9.630603787028374496e-01
2.120482049055044271e+01 9.355443678827564113e-01
2.125482049055043987e+01 9.435569890110759861e-01
2.130482049055044413e+01 9.396150885846037415e-01
2.135482049055044129e+01 9.512089133683456765e-01
2.140482049055043845e+01 9.545324764730184208e-01
2.145482049055044271e+01 1.000469786671711825e+00
2.150482049055043987e+01 9.832336338265488251e-01
2.155482049055044413e+01 9.946986383349156746e-01
2.160482049055044129e+01 1.007838306423156638e+00
2.165482049055043845e+01 1.037003216768036529e+00
2.170482049055044271e+01 1.027676628830893168e+00
2.175482049055043987e+01 1.014717309128177147e+00
2.180482049055044413e+01 1.047231546632804822e+00
2.185482049055044129e+01 1.082090313149255634e+00
2.190482049055043845e+01 1.059469472793421074e+00
2.195482049055044271e+01 1.095101160962121734e+00
2.200482049055043987e+01 1.090540923213849878e+00
2.205482049055044413e+01 1.127821510907349278e+00
2.210482049055044129e+01 1.094328239309872108e+00
2.215482049055044556e+01 1.153946262753381191e+00
2.220482049055044271e+01 1.171285471818844348e+00
2.225482049055043987e+01 1.212456431828665915e+00
2.230482049055043703e+01 1.196353897406801758e+00
2.235482049055044129e+01 1.188083635727732679e+00
2.240482049055044556e+01 1.261588484856657200e+00
2.245482049055044271e+01 1.260403338323207834e+00
2.250482049055043987e+01 1.207818901915169052e+00
2.255482049055043703e+01 1.202614562790022656e+00
2.260482049055044129e+01 1.161546659000501025e+00
2.265482049055044556e+01 1.170151853395545061e+00
2.270482049055044271e+01 1.157166769637753889e+00
2.275482049055043987e+01 1.128465612284223818e+00
2.280482049055043703e+01 1.102521208823716625e+00
2.285482049055044129e+01 1.092782396005373080e+00
2.290482049055044556e+01 1.027032527454018407e+00
2.295482049055044271e+01 1.023992368955170651e+00
2.300482049055043987e+01 9.816620264669746465e-01
2.305482049055043703e+01 9.694756284165080285e-01
2.310482049055044129e+01 9.469320802258985870e-01
2.315482049055044556e+01 9.272225780935371420e-01
2.320482049055044271e+01 9.240793633743893398e-01
2.325482049055043987e+01 8.792756715989951122e-01
2.330482049055043703e+01 8.707992974793260510e-01
2.335482049055044129e+01 8.595404054115587389e-01
2.340482049055044556e+01 8.376924867079736936e-01
2.345482049055044271e+01 8.418920276851959983e-01
2.350482049055043987e+01 8.512701437324893261e-01
2.355482049055043703e+01 8.613181252117324549e-01
2.360482049055044129e+01 8.424073087866955634e-01
2.365482049055044556e+01 8.645901602062551206e-01
2.370482049055044271e+01 8.373833180470739990e-01
2.375482049055043987e+01 8.604421473391831166e-01
2.380482049055043703e+01 8.854332807619158530e-01
2.385482049055044129e+01 9.046532658478527722e-01
2.390482049055044556e+01 9.149846519329206673e-01
2.395482049055044271e+01 9.179732823216184556e-01
2.400482049055043987e+01 9.254448582933633149e-01
2.405482049055043703e+01 9.560267916673672595e-01
2.410482049055044129e+01 9.566708930442419101e-01
2.415482049055044556e+01 9.856554550035969697e-01
2.420482049055044271e+01 9.904733333026185527e-01
2.425482049055043987e+01 1.001448820764561098e+00
2.430482049055043703e+01 1.050245941076577649e+00
2.435482049055044129e+01 1.080492941734606749e+00
2.440482049055044556e+01 9.996195728542373038e-01
2.445482049055044271e+01 1.063823598101093060e+00
2.450482049055043987e+01 1.059340652518046211e+00
2.455482049055043703e+01 1.050735458123002175e+00
2.460482049055044129e+01 1.090901619984899540e+00
2.465482049055044556e+01 1.034272226930088356e+00
2.470482049055044271e+01 1.060345450665970635e+00
2.475482049055043987e+01 1.036256059170862054e+00
2.480482049055043703e+01 1.060319686610895706e+00
2.485482049055044129e+01 9.985374825410879840e-01
2.490482049055044556e+01 1.018298512783599508e+00
2.495482049055044271e+01 9.688057629845585605e-01
2.500482049055043987e+01 9.588350736705403277e-01
2.505482049055043703e+01 9.815589702466748223e-01
2.510482049055044129e+01 9.051685469493524483e-01
2.515482049055044556e+01 8.899677544551126696e-01
2.520482049055044271e+01 8.819036052166433493e-01
2.525482049055043987e+01 8.356828904121250678e-01
2.530482049055043703e+01 8.290615282578546186e-01
2.535482049055044129e+01 8.123406565141911839e-01
2.540482049055044556e+01 8.097642510066929145e-01
2.545482049055044271e+01 8.436182193752196357e-01
2.550482049055043987e+01 8.588447759245342317e-01
2.555482049055043703e+01 9.037772879753034339e-01
2.560482049055044129e+01 9.928178623144421344e-01
2.565482049055044556e+01 1.061762473695094577e+00
2.570482049055044271e+01 1.214594848399889626e+00
2.575482049055043987e+01 1.336716469455305534e+00
2.580482049055043703e+01 1.486611741881552540e+00
2.585482049055044129e+01 1.719338451373867427e+00
2.590482049055044556e+01 1.904350130867314972e+00
2.595482049055044271e+01 2.014053477376589463e+00
2.600482049055043987e+01 2.115125865435744767e+00
2.605482049055043703e+01 2.088563124653438408e+00
2.610482049055044129e+01 2.040590454103821116e+00
2.615482049055044556e+01 1.881858110786855498e+00
2.620482049055044271e+01 1.704214951044852544e+00
2.625482049055043987e+01 1.503564490120890884e+00
2.630482049055043703e+01 1.325225700891863312e+00
2.635482049055044129e+01 1.195297571148727700e+00
2.640482049055044556e+01 1.125940734886875294e+00
2.645482049055044271e+01 1.028861775364342090e+00
2.650482049055043987e+01 1.005493777411333278e+00
2.655482049055043703e+01 9.983313701004882246e-01
2.660482049055044129e+01 1.017551355186425033e+00
2.665482049055044556e+01 9.988981793121378683e-01
2.670482049055044271e+01 9.508224525422208639e-01
2.675482049055043987e+01 9.054519515551772146e-01
2.680482049055043703e+01 8.555469768749364157e-01
2.685482049055044129e+01 8.023184390900230945e-01
2.690482049055044556e+01 7.310808268076971483e-01
2.695482049055044271e+01 6.137513199962278954e-01
2.700482049055043987e+01 5.865187137819715124e-01
2.705482049055043703e+01 4.989466905821068332e-01
2.710482049055044129e+01 4.423945896925207122e-01
2.715482049055044556e+01 3.769538898020656781e-01
2.720482049055044271e+01 3.314288044845720149e-01
2.725482049055043987e+01 2.836880104306298556e-01
2.730482049055043703e+01 2.439856015600821715e-01
2.735482049055044129e+01 2.430065674672328424e-01
2.740482049055044556e+01 2.156451409776016515e-01
2.745482049055044271e+01 2.132748479107032802e-01
2.750482049055043987e+01 2.040513161938596332e-01
2.755482049055043703e+01 2.196385695142239192e-01
2.760482049055044129e+01 2.213647612042477231e-01
2.765482049055044556e+01 2.392450154262854289e-01
2.770482049055044271e+01 2.363336772028124255e-01
2.775482049055043987e+01 2.390389029856855585e-01
2.780482049055043703e+01 2.331131703184396442e-01
2.785482049055044129e+01 2.116774764960543953e-01
2.790482049055044556e+01 1.951369531379157640e-01
2.795482049055044271e+01 1.866348149631716358e-01
2.800482049055043987e+01 2.126307465338287128e-01
2.805482049055043703e+01 2.598820235413462076e-01
2.810482049055044129e+01 3.796333515298638828e-01
2.815482049055044556e+01 5.889147709039448397e-01
2.820482049055044271e+01 9.920707047172674375e-01
2.825482049055043987e+01 1.548754642722409702e+00
2.830482049055043703e+01 2.154828274306292535e+00
2.835482049055044129e+01 2.899924747074780207e+00
2.840482049055044556e+01 3.612816150999540010e+00
2.845482049055044271e+01 4.154222004345217378e+00
2.850482049055043987e+01 4.806928575614818122e+00
2.855482049055044413e+01 5.072452927217585561e+00
2.860482049055044129e+01 4.932528344105356233e+00
2.865482049055044556e+01 4.329134174249270828e+00
2.870482049055044271e+01 3.439681700895658611e+00
2.875482049055043987e+01 2.481387672381693221e+00
2.880482049055044413e+01 1.604147361133621441e+00
2.885482049055044129e+01 1.009590262168255537e+00
2.890482049055044556e+01 6.278184940671681646e-01
2.895482049055044271e+01 3.914848168643556559e-01
2.900482049055043987e+01 2.693889598640146765e-01
2.905482049055044413e+01 1.967343245525646489e-01
2.910482049055044129e+01 1.571865000124669232e-01
2.915482049055044556e+01 1.387136725237045898e-01
2.920482049055044271e+01 1.370132448887557419e-01
2.925482049055043987e+01 1.459791360548495509e-01
2.930482049055044413e+01 1.553057239919931609e-01
2.935482049055044129e+01 1.652764133060112828e-01
2.940482049055044556e+01 1.600720741808648873e-01
2.945482049055044271e+01 1.397442347267038587e-01
2.950482049055043987e+01 1.086470202512002659e-01
2.955482049055044413e+01 7.461270349714865802e-02
2.960482049055044129e+01 4.954427790919091468e-02
2.965482049055044556e+01 3.063346148415392600e-02
2.970482049055044271e+01 1.772566989158780998e-02
2.975482049055043987e+01 1.161958883881700731e-02
2.980482049055044413e+01 7.420047861594895183e-03
2.985482049055044129e+01 5.590799951271153458e-03
2.990482049055044556e+01 5.307395345446348951e-03
2.995482049055044271e+01 3.916136371397305888e-03
3.000482049055043987e+01 2.576405507498228265e-03
3.005482049055044413e+01 1.442787084199007421e-03
3.010482049055044129e+01 1.288202753749114133e-03
3.015482049055044556e+01 9.532700377743441849e-04
3.020482049055044271e+01 7.471575971744859974e-04
3.025482049055043987e+01 3.349327159747695682e-04
3.030482049055044413e+01 1.545843304498936677e-04
3.035482049055044129e+01 2.318764956748404745e-04
3.040482049055044556e+01 5.152811014996454687e-05
3.045482049055044271e+01 7.729216522494683386e-05
3.050482049055043987e+01 5.152811014996454687e-05
3.055482049055044413e+01 2.576405507498227344e-05
3.060482049055044129e+01 7.729216522494683386e-05
3.065482049055044556e+01 0.000000000000000000e+00
3.070482049055044271e+01 0.000000000000000000e+00
3.075482049055043987e+01 0.000000000000000000e+00
3.080482049055044413e+01 0.000000000000000000e+00
3.085482049055044129e+01 0.000000000000000000e+00
3.090482049055044556e+01 0.000000000000000000e+00
3.095482049055044271e+01 0.000000000000000000e+00
3.100482049055043987e+01 0.000000000000000000e+00
3.105482049055044413e+01 0.000000000000000000e+00
3.110482049055044129e+01 0.000000000000000000e+00
3.115482049055044556e+01 0.000000000000000000e+00
3.120482049055044271e+01 0.000000000000000000e+00
3.125482049055043987e+01 0.000000000000000000e+00
3.130482049055044413e+01 0.000000000000000000e+00
3.135482049055044129e+01 0.000000000000000000e+00
3.140482049055044556e+01 0.000000000000000000e+00
3.145482049055044271e+01 0.000000000000000000e+00
3.150482049055043987e+01 0.000000000000000000e+00
3.155482049055044413e+01 0.000000000000000000e+00
3.160482049055044129e+01 0.000000000000000000e+00
3.165482049055044556e+01 0.000000000000000000e+00
3.170482049055044271e+01 0.000000000000000000e+00
3.175482049055043987e+01 0.000000000000000000e+00
3.180482049055044413e+01 0.000000000000000000e+00
3.185482049055044129e+01 0.000000000000000000e+00
3.190482049055044556e+01 0.000000000000000000e+00
3.195482049055044271e+01 0.000000000000000000e+00
3.200482049055044342e+01 0.000000000000000000e+00
3.205482049055044058e+01 0.000000000000000000e+00
3.210482049055043774e+01 0.000000000000000000e+00
3.215482049055044911e+01 0.000000000000000000e+00
3.220482049055044627e+01 0.000000000000000000e+00
3.225482049055044342e+01 0.000000000000000000e+00
3.230482049055044058e+01 0.000000000000000000e+00
3.235482049055043774e+01 0.000000000000000000e+00
3.240482049055044911e+01 0.000000000000000000e+00
3.245482049055044627e+01 0.000000000000000000e+00
3.250482049055044342e+01 0.000000000000000000e+00
3.255482049055044058e+01 0.000000000000000000e+00
3.260482049055043774e+01 0.000000000000000000e+00
3.265482049055044911e+01 0.000000000000000000e+00
3.270482049055044627e+01 0.000000000000000000e+00
3.275482049055044342e+01 0.000000000000000000e+00
3.280482049055044058e+01 0.000000000000000000e+00
3.285482049055043774e+01 0.000000000000000000e+00
3.290482049055044911e+01 0.000000000000000000e+00
3.295482049055044627e+01 0.000000000000000000e+00
3.300482049055044342e+01 0.000000000000000000e+00
3.305482049055044058e+01 0.000000000000000000e+00
3.310482049055043774e+01 0.000000000000000000e+00
3.315482049055044911e+01 0.000000000000000000e+00
3.320482049055044627e+01 0.000000000000000000e+00
3.325482049055044342e+01 0.000000000000000000e+00
3.330482049055044058e+01 0.000000000000000000e+00
3.335482049055043774e+01 0.000000000000000000e+00
3.340482049055044911e+01 0.000000000000000000e+00
3.345482049055044627e+01 0.000000000000000000e+00
3.350482049055044342e+01 0.000000000000000000e+00
3.355482049055044058e+01 0.000000000000000000e+00
3.360482049055043774e+01 0.000000000000000000e+00
3.365482049055044911e+01 0.000000000000000000e+00
3.370482049055044627e+01 0.000000000000000000e+00
3.375482049055044342e+01 0.000000000000000000e+00
3.380482049055044058e+01 0.000000000000000000e+00
3.385482049055043774e+01 0.000000000000000000e+00
3.390482049055044911e+01 0.000000000000000000e+00
3.395482049055044627e+01 0.000000000000000000e+00
3.400482049055044342e+01 0.000000000000000000e+00
3.405482049055044058e+01 0.000000000000000000e+00
3.410482049055043774e+01 0.000000000000000000e+00
3.415482049055044911e+01 0.000000000000000000e+00
3.420482049055044627e+01 0.000000000000000000e+00
3.425482049055044342e+01 0.000000000000000000e+00
3.430482049055044058e+01 0.000000000000000000e+00
3.435482049055043774e+01 0.000000000000000000e+00
3.440482049055044911e+01 0.000000000000000000e+00
3.445482049055044627e+01 0.000000000000000000e+00
3.450482049055044342e+01 0.000000000000000000e+00
3.455482049055044058e+01 0.000000000000000000e+00
3.460482049055043774e+01 0.000000000000000000e+00
3.465482049055044911e+01 0.000000000000000000e+00
3.470482049055044627e+01 0.000000000000000000e+00
3.475482049055044342e+01 0.000000000000000000e+00
3.480482049055044058e+01 0.000000000000000000e+00
3.485482049055043774e+01 0.000000000000000000e+00
3.490482049055044911e+01 0.000000000000000000e+00
3.495482049055044627e+01 0.000000000000000000e+00
3.500482049055044342e+01 0.000000000000000000e+00
3.505482049055044058e+01 0.000000000000000000e+00
3.510482049055043774e+01 0.000000000000000000e+00
3.515482049055044911e+01 0.000000000000000000e+00
3.520482049055044627e+01 0.000000000000000000e+00
3.525482049055044342e+01 0.000000000000000000e+00
3.530482049055044058e+01 0.000000000000000000e+00
3.535482049055043774e+01 0.000000000000000000e+00
3.540482049055044911e+01 0.000000000000000000e+00
3.545482049055044627e+01 0.000000000000000000e+00
3.550482049055044342e+01 0.000000000000000000e+00
3.555482049055044058e+01 0.000000000000000000e+00
3.560482049055043774e+01 0.000000000000000000e+00
3.565482049055044911e+01 0.000000000000000000e+00
3.570482049055044627e+01 0.000000000000000000e+00
3.575482049055044342e+01 0.000000000000000000e+00
3.580482049055044058e+01 0.000000000000000000e+00
3.585482049055043774e+01 0.000000000000000000e+00
3.590482049055044911e+01 0.000000000000000000e+00
3.595482049055044627e+01 0.000000000000000000e+00
3.600482049055044342e+01 0.000000000000000000e+00
3.605482049055044058e+01 0.000000000000000000e+00
3.610482049055043774e+01 0.000000000000000000e+00
3.615482049055044911e+01 0.000000000000000000e+00
3.620482049055044627e+01 0.000000000000000000e+00
3.625482049055044342e+01 0.000000000000000000e+00
3.630482049055044058e+01 0.000000000000000000e+00
3.635482049055043774e+01 0.000000000000000000e+00
3.640482049055044911e+01 0.000000000000000000e+00
3.645482049055044627e+01 0.000000000000000000e+00
3.650482049055044342e+01 0.000000000000000000e+00
3.655482049055044058e+01 0.000000000000000000e+00
3.660482049055043774e+01 0.000000000000000000e+00
3.665482049055044911e+01 0.000000000000000000e+00
3.670482049055044627e+01 0.000000000000000000e+00
3.675482049055044342e+01 0.000000000000000000e+00
3.680482049055044058e+01 0.000000000000000000e+00
3.685482049055043774e+01 0.000000000000000000e+00
3.690482049055044911e+01 0.000000000000000000e+00
3.695482049055044627e+01 0.000000000000000000e+00
3.700482049055044342e+01 0.000000000000000000e+00
3.705482049055044058e+01 0.000000000000000000e+00
3.710482049055043774e+01 0.000000000000000000e+00
3.715482049055044911e+01 0.000000000000000000e+00
3.720482049055044627e+01 0.000000000000000000e+00
3.725482049055044342e+01 0.000000000000000000e+00
3.730482049055044058e+01 0.000000000000000000e+00
3.735482049055043774e+01 0.000000000000000000e+00
3.740482049055044911e+01 0.000000000000000000e+00
3.745482049055044627e+01 0.000000000000000000e+00
3.750482049055044342e+01 0.000000000000000000e+00
3.755482049055044058e+01 0.000000000000000000e+00
3.760482049055043774e+01 0.000000000000000000e+00
3.765482049055044911e+01 0.000000000000000000e+00
3.770482049055044627e+01 0.000000000000000000e+00
3.775482049055044342e+01 0.000000000000000000e+00
3.780482049055044058e+01 0.000000000000000000e+00
3.785482049055043774e+01 0.000000000000000000e+00
3.790482049055044911e+01 0.000000000000000000e+00
3.795482049055044627e+01 0.000000000000000000e+00
3.800482049055044342e+01 0.000000000000000000e+00
3.805482049055044058e+01 0.000000000000000000e+00
3.810482049055043774e+01 0.000000000000000000e+00
3.815482049055044911e+01 0.000000000000000000e+00
3.820482049055044627e+01 0.000000000000000000e+00
3.825482049055044342e+01 0.000000000000000000e+00
3.830482049055044058e+01 0.000000000000000000e+00
3.835482049055043774e+01 0.000000000000000000e+00
3.840482049055044911e+01 0.000000000000000000e+00
3.845482049055044627e+01 0.000000000000000000e+00
3.850482049055044342e+01 0.000000000000000000e+00
3.855482049055044058e+01 0.000000000000000000e+00
3.860482049055043774e+01 0.000000000000000000e+00
3.865482049055044911e+01 0.000000000000000000e+00
3.870482049055044627e+01 0.000000000000000000e+00
3.875482049055044342e+01 0.000000000000000000e+00
3.880482049055044058e+01 0.000000000000000000e+00
3.885482049055043774e+01 0.000000000000000000e+00
3.890482049055044911e+01 0.000000000000000000e+00
3.895482049055044627e+01 0.000000000000000000e+00
3.900482049055044342e+01 0.000000000000000000e+00
3.905482049055044058e+01 0.000000000000000000e+00
3.910482049055043774e+01 0.000000000000000000e+00
3.915482049055044911e+01 0.000000000000000000e+00
3.920482049055044627e+01 0.000000000000000000e+00
3.925482049055044342e+01 0.000000000000000000e+00
3.930482049055044058e+01 0.000000000000000000e+00
3.935482049055043774e+01 0.000000000000000000e+00
3.940482049055044911e+01 0.000000000000000000e+00
3.945482049055044627e+01 0.000000000000000000e+00
3.950482049055044342e+01 0.000000000000000000e+00
3.955482049055044058e+01 0.000000000000000000e+00
3.960482049055043774e+01 0.000000000000000000e+00
3.965482049055044911e+01 0.000000000000000000e+00
3.970482049055044627e+01 0.000000000000000000e+00
3.975482049055044342e+01 0.000000000000000000e+00
3.980482049055044058e+01 0.000000000000000000e+00
3.985482049055043774e+01 0.000000000000000000e+00
3.990482049055044911e+01 0.000000000000000000e+00
3.995482049055044627e+01 0.000000000000000000e+00
4.000482049055044342e+01 0.000000000000000000e+00
4.005482049055044058e+01 0.000000000000000000e+00
