################################################################################
# Neural network connection values (weights and biases).
################################################################################
# Col  Name       Description
################################################################################
# 1    connection Neural network connection value.
# 2    t          Connection type (a = weight, b = bias).
# 3    index      Index enumerating weights.
# 4    l_s        Starting point layer (end point layer for biases).
# 5    n_s        Starting point neuron in starting layer (end point neuron for biases).
# 6    l_e        End point layer.
# 7    n_e        End point neuron in end layer.
################################################################################
#                      1 2         3     4     5     6     7
#             connection t     index   l_s   n_s   l_e   n_e
############################################################
  4.5506427504904287E-02 a         1     0     1     1     1
  2.9578540897894040E-01 a         2     0     1     1     2
 -1.0079997440848648E-01 a         3     0     1     1     3
 -4.8448677052083416E-02 a         4     0     1     1     4
 -1.7402121252688585E-01 a         5     0     1     1     5
  1.6895787216553868E-01 a         6     0     1     1     6
 -1.5487374195673789E-01 a         7     0     1     1     7
  1.6690383337687527E-02 a         8     0     1     1     8
 -3.9280566723676288E-02 a         9     0     1     1     9
  1.1494185290179747E-01 a        10     0     1     1    10
  6.4260374068144346E-02 a        11     0     1     1    11
  1.3061818083015597E-01 a        12     0     1     1    12
 -2.3378078290318526E-02 a        13     0     1     1    13
 -2.2253890758985062E-01 a        14     0     1     1    14
  4.3456011463403353E-02 a        15     0     1     1    15
  6.2273197033377976E-02 a        16     0     2     1     1
  1.3308722464182542E-02 a        17     0     2     1     2
  2.8230000261236596E-02 a        18     0     2     1     3
  1.6089324985553052E-01 a        19     0     2     1     4
  1.5489131323905447E-01 a        20     0     2     1     5
  2.7884296142886417E-01 a        21     0     2     1     6
 -4.2240081679813871E-02 a        22     0     2     1     7
 -4.8377966149667856E-02 a        23     0     2     1     8
  7.7391120591001450E-02 a        24     0     2     1     9
 -1.2955477451553565E-01 a        25     0     2     1    10
  1.0906476360328318E-01 a        26     0     2     1    11
  1.2379519264049722E-01 a        27     0     2     1    12
  6.4137901431846681E-02 a        28     0     2     1    13
 -2.4696379684717218E-01 a        29     0     2     1    14
  6.2342429298593696E-02 a        30     0     2     1    15
  1.6880777296120142E-01 a        31     0     3     1     1
  7.4515038746977555E-02 a        32     0     3     1     2
 -3.1692893262239767E-03 a        33     0     3     1     3
 -1.2092610178541306E-01 a        34     0     3     1     4
  4.0709538439063477E-02 a        35     0     3     1     5
  2.0463288710688560E-01 a        36     0     3     1     6
  1.2981424695450378E-01 a        37     0     3     1     7
 -2.0358370548721116E-01 a        38     0     3     1     8
 -1.0018655687964167E-01 a        39     0     3     1     9
 -4.2729589196861935E-02 a        40     0     3     1    10
 -9.1655628740494335E-02 a        41     0     3     1    11
 -1.0839822621403164E-01 a        42     0     3     1    12
  1.6831810775656370E-01 a        43     0     3     1    13
  1.5912403282328411E-01 a        44     0     3     1    14
 -1.0078038406775303E-01 a        45     0     3     1    15
  7.5382606431727797E-02 a        46     0     4     1     1
 -8.4253208746693925E-03 a        47     0     4     1     2
 -7.5233844319209320E-02 a        48     0     4     1     3
  7.7149744723103209E-02 a        49     0     4     1     4
 -7.8312078983799327E-02 a        50     0     4     1     5
  9.7536802919637164E-02 a        51     0     4     1     6
 -2.3904439093265667E-01 a        52     0     4     1     7
  3.5957862740879998E-04 a        53     0     4     1     8
  9.5600913335837909E-02 a        54     0     4     1     9
 -7.1205026936007323E-03 a        55     0     4     1    10
 -1.6338433335478811E-01 a        56     0     4     1    11
  9.2144241124676771E-02 a        57     0     4     1    12
  1.5080380307097843E-01 a        58     0     4     1    13
 -1.4563596133853898E-01 a        59     0     4     1    14
  1.0340962791833751E-01 a        60     0     4     1    15
  1.3401995871103756E-01 a        61     0     5     1     1
 -2.3305206583913779E-01 a        62     0     5     1     2
 -7.0461352039852709E-02 a        63     0     5     1     3
 -6.7432792560372323E-02 a        64     0     5     1     4
 -1.5126345495018796E-02 a        65     0     5     1     5
 -5.4149233486951005E-02 a        66     0     5     1     6
  2.3072200308051763E-01 a        67     0     5     1     7
  2.5953783223548355E-01 a        68     0     5     1     8
 -1.2513964634518995E-02 a        69     0     5     1     9
 -2.7947733589459639E-01 a        70     0     5     1    10
  1.0296888170450658E-01 a        71     0     5     1    11
 -1.5189829514637007E-01 a        72     0     5     1    12
 -3.2269356394529734E-02 a        73     0     5     1    13
 -2.9258601564043979E-03 a        74     0     5     1    14
 -1.3373223939192619E-01 a        75     0     5     1    15
 -9.6448816144544203E-02 a        76     0     6     1     1
  1.8441121334277899E-01 a        77     0     6     1     2
 -2.6559750791113654E-02 a        78     0     6     1     3
 -4.4606245958920987E-02 a        79     0     6     1     4
 -1.1748157643216624E-01 a        80     0     6     1     5
 -9.6936069876245694E-03 a        81     0     6     1     6
  7.3613223023350591E-02 a        82     0     6     1     7
 -5.6621096809032746E-02 a        83     0     6     1     8
 -1.0434811349124423E-01 a        84     0     6     1     9
 -3.0890944066377626E-02 a        85     0     6     1    10
  1.4374145814622930E-01 a        86     0     6     1    11
  6.1696105647707680E-02 a        87     0     6     1    12
 -1.5434160831369987E-02 a        88     0     6     1    13
 -1.8727890458207530E-01 a        89     0     6     1    14
 -3.0358755536430343E-01 a        90     0     6     1    15
  1.8731825938485774E-01 a        91     0     7     1     1
  2.4083560226186393E-01 a        92     0     7     1     2
  2.8812748184638087E-01 a        93     0     7     1     3
 -3.0863314400187136E-02 a        94     0     7     1     4
 -3.7252003912713105E-02 a        95     0     7     1     5
 -9.0703792797031974E-02 a        96     0     7     1     6
 -2.5129737962803661E-01 a        97     0     7     1     7
 -2.1258012274705010E-01 a        98     0     7     1     8
 -1.2814879385463068E-01 a        99     0     7     1     9
 -1.3133541186500172E-02 a       100     0     7     1    10
 -1.8059262662953843E-01 a       101     0     7     1    11
 -7.6174509273404245E-02 a       102     0     7     1    12
  9.1749408818724301E-02 a       103     0     7     1    13
 -2.0013779186811315E-01 a       104     0     7     1    14
  9.8814392872293488E-02 a       105     0     7     1    15
  2.7212784316453054E-01 a       106     0     8     1     1
 -1.7502004788325500E-02 a       107     0     8     1     2
 -1.7238665938684242E-01 a       108     0     8     1     3
 -2.6554874402634106E-02 a       109     0     8     1     4
  1.8263194335232272E-01 a       110     0     8     1     5
 -1.4680845374245199E-01 a       111     0     8     1     6
  2.8789853087524062E-02 a       112     0     8     1     7
 -1.1550635618370454E-02 a       113     0     8     1     8
 -1.8711999988324268E-01 a       114     0     8     1     9
 -2.8578006197818173E-01 a       115     0     8     1    10
 -1.0092754811434218E-01 a       116     0     8     1    11
 -1.1154290122076221E-01 a       117     0     8     1    12
  1.3469859643096934E-02 a       118     0     8     1    13
 -2.3360477365826754E-01 a       119     0     8     1    14
 -1.6140609368295974E-01 a       120     0     8     1    15
 -1.8450916029528086E-01 a       121     0     9     1     1
  1.5346317002082582E-01 a       122     0     9     1     2
  2.9975358501896119E-02 a       123     0     9     1     3
 -1.6722385602290064E-02 a       124     0     9     1     4
 -3.0825634070464308E-01 a       125     0     9     1     5
  9.3249047732749765E-02 a       126     0     9     1     6
 -1.3120336642155336E-01 a       127     0     9     1     7
  2.2957255441132096E-01 a       128     0     9     1     8
 -1.1575487343316285E-01 a       129     0     9     1     9
 -2.3655354124168571E-01 a       130     0     9     1    10
  1.2640407662909564E-01 a       131     0     9     1    11
 -1.5031577920986205E-01 a       132     0     9     1    12
  9.0035026978745325E-02 a       133     0     9     1    13
  3.2385132238769349E-02 a       134     0     9     1    14
  6.6165096746252400E-02 a       135     0     9     1    15
 -4.3288229191091453E-02 a       136     0    10     1     1
  1.7928644427724916E-01 a       137     0    10     1     2
 -2.0577587463132166E-01 a       138     0    10     1     3
 -6.6070500303955310E-02 a       139     0    10     1     4
 -1.2393289782167116E-01 a       140     0    10     1     5
 -8.5475928308785185E-02 a       141     0    10     1     6
 -1.4425990565291877E-01 a       142     0    10     1     7
  7.3634813485555381E-02 a       143     0    10     1     8
  4.5132165899505694E-02 a       144     0    10     1     9
 -1.7605254089338657E-01 a       145     0    10     1    10
 -1.2060701234493880E-01 a       146     0    10     1    11
 -5.4405866359173672E-03 a       147     0    10     1    12
 -1.1318404724488722E-01 a       148     0    10     1    13
  1.7400150436602174E-01 a       149     0    10     1    14
  1.3208785292425268E-01 a       150     0    10     1    15
 -3.6056171023459350E-02 a       151     0    11     1     1
 -8.2081194091836160E-02 a       152     0    11     1     2
  1.6705272207593963E-01 a       153     0    11     1     3
  2.2338427366928257E-01 a       154     0    11     1     4
 -1.4120511743690986E-01 a       155     0    11     1     5
  8.2430867972064503E-02 a       156     0    11     1     6
 -6.3118663827733568E-02 a       157     0    11     1     7
  1.2119330937447240E-01 a       158     0    11     1     8
  1.7298297512807237E-01 a       159     0    11     1     9
 -2.0327719951699999E-01 a       160     0    11     1    10
  1.8969829987037518E-01 a       161     0    11     1    11
 -1.0737087498386462E-01 a       162     0    11     1    12
  2.9335791323318333E-01 a       163     0    11     1    13
 -1.6693213392607008E-02 a       164     0    11     1    14
  7.4295993041295111E-02 a       165     0    11     1    15
  1.6224525527898043E-01 a       166     0    12     1     1
 -1.7969906197155816E-01 a       167     0    12     1     2
  1.7218674851391164E-01 a       168     0    12     1     3
  3.3763388825444518E-01 a       169     0    12     1     4
  3.6990526039374895E-02 a       170     0    12     1     5
  7.8281332047926547E-02 a       171     0    12     1     6
 -1.0466290986573912E-01 a       172     0    12     1     7
  3.4341086810018362E-01 a       173     0    12     1     8
  2.2141379927563612E-01 a       174     0    12     1     9
  3.7982038386174003E-03 a       175     0    12     1    10
  1.2912365151213800E-01 a       176     0    12     1    11
  1.9538387073154481E-01 a       177     0    12     1    12
 -1.1719266086351801E-01 a       178     0    12     1    13
 -3.3056105737184469E-02 a       179     0    12     1    14
 -2.0518059044507275E-01 a       180     0    12     1    15
  1.4175939348399205E-01 a       181     0    13     1     1
  1.6919944279890978E-02 a       182     0    13     1     2
 -7.1769246015512154E-03 a       183     0    13     1     3
  2.5180387293000855E-01 a       184     0    13     1     4
 -6.4816193016627791E-02 a       185     0    13     1     5
 -5.3390674098062918E-02 a       186     0    13     1     6
 -3.1132549523483627E-02 a       187     0    13     1     7
 -2.8686856816404944E-02 a       188     0    13     1     8
  1.0246159474243022E-01 a       189     0    13     1     9
  1.6576179872520963E-01 a       190     0    13     1    10
 -2.3463038229406147E-01 a       191     0    13     1    11
 -1.3892826674533965E-01 a       192     0    13     1    12
  1.7286573942231173E-01 a       193     0    13     1    13
  1.3168868431405095E-01 a       194     0    13     1    14
 -4.7168156836552511E-02 a       195     0    13     1    15
 -2.1705543472263950E-01 a       196     0    14     1     1
  1.3178859195584203E-01 a       197     0    14     1     2
 -2.6441625631981339E-02 a       198     0    14     1     3
 -2.0802787553433463E-01 a       199     0    14     1     4
 -1.5389801179503976E-01 a       200     0    14     1     5
  1.8300997876433606E-02 a       201     0    14     1     6
  5.9847734975535728E-02 a       202     0    14     1     7
  1.5800901741981793E-01 a       203     0    14     1     8
  1.9504664245167856E-02 a       204     0    14     1     9
 -5.2455018540833211E-02 a       205     0    14     1    10
  2.1769345868925516E-01 a       206     0    14     1    11
 -1.1882737526811396E-01 a       207     0    14     1    12
 -4.3952144352012050E-02 a       208     0    14     1    13
  2.6147654426088671E-02 a       209     0    14     1    14
 -2.6807411396852182E-01 a       210     0    14     1    15
  5.9621752019974487E-02 a       211     0    15     1     1
  1.7134319072632151E-01 a       212     0    15     1     2
 -8.4890503517783669E-02 a       213     0    15     1     3
 -3.2151795520232153E-02 a       214     0    15     1     4
 -6.5551456716864701E-02 a       215     0    15     1     5
  2.7710406696694997E-02 a       216     0    15     1     6
 -2.9504357350919785E-01 a       217     0    15     1     7
 -7.4238995247394537E-02 a       218     0    15     1     8
 -1.2225646145588048E-01 a       219     0    15     1     9
 -7.3790842144380239E-02 a       220     0    15     1    10
  2.0365749418112411E-01 a       221     0    15     1    11
  6.6319585500430919E-02 a       222     0    15     1    12
 -2.6371835213220013E-01 a       223     0    15     1    13
 -8.5488093748073923E-02 a       224     0    15     1    14
 -6.2938699680574639E-02 a       225     0    15     1    15
 -9.3776102730517980E-02 a       226     0    16     1     1
 -1.4404508027405780E-01 a       227     0    16     1     2
 -5.9150241869650406E-02 a       228     0    16     1     3
 -1.8821796070571714E-01 a       229     0    16     1     4
 -1.3711178290528778E-01 a       230     0    16     1     5
 -7.4697710795947211E-02 a       231     0    16     1     6
  2.0259013973922498E-02 a       232     0    16     1     7
  2.4726502420903282E-01 a       233     0    16     1     8
 -7.5018718194665490E-02 a       234     0    16     1     9
 -6.7633693604087691E-02 a       235     0    16     1    10
  8.8373126386095527E-02 a       236     0    16     1    11
  7.8220677571525121E-02 a       237     0    16     1    12
  4.3479681903121800E-04 a       238     0    16     1    13
  3.3909633723647477E-02 a       239     0    16     1    14
 -1.7728242087648925E-02 a       240     0    16     1    15
  3.7843922346947161E-02 a       241     0    17     1     1
 -5.2183207670320163E-02 a       242     0    17     1     2
  2.2599949185434512E-01 a       243     0    17     1     3
  2.4575228828643370E-01 a       244     0    17     1     4
 -2.7183929203196117E-01 a       245     0    17     1     5
  9.9960467790888199E-02 a       246     0    17     1     6
  1.3022104634451945E-01 a       247     0    17     1     7
 -3.1019277623166659E-02 a       248     0    17     1     8
  1.9301979303675487E-01 a       249     0    17     1     9
  4.0692291445454790E-02 a       250     0    17     1    10
 -4.4633639527055423E-02 a       251     0    17     1    11
  4.6970187341660773E-02 a       252     0    17     1    12
 -1.0635143609330598E-01 a       253     0    17     1    13
 -1.0915927274525559E-01 a       254     0    17     1    14
 -2.6824862768689506E-01 a       255     0    17     1    15
 -7.0183801862469752E-02 a       256     0    18     1     1
  1.5980651526392392E-01 a       257     0    18     1     2
 -1.2241259241661111E-01 a       258     0    18     1     3
  2.6233577891823151E-02 a       259     0    18     1     4
 -2.0744680287030082E-01 a       260     0    18     1     5
 -9.2951358651924679E-02 a       261     0    18     1     6
 -2.3623282702990508E-02 a       262     0    18     1     7
  7.3686895589871069E-03 a       263     0    18     1     8
 -1.3089774262206322E-01 a       264     0    18     1     9
  8.1224109586156154E-02 a       265     0    18     1    10
  1.2329570805150405E-01 a       266     0    18     1    11
  2.1607631596602908E-01 a       267     0    18     1    12
  1.5772440590144957E-01 a       268     0    18     1    13
  2.6188073413219182E-01 a       269     0    18     1    14
  2.4583860419712826E-02 a       270     0    18     1    15
 -3.9600717668589934E-02 a       271     0    19     1     1
  1.8820738597031048E-01 a       272     0    19     1     2
 -1.5662851615617251E-01 a       273     0    19     1     3
 -3.3973359502098260E-02 a       274     0    19     1     4
 -6.5987472472047129E-02 a       275     0    19     1     5
  1.8355073525730691E-02 a       276     0    19     1     6
  1.6198944020826131E-01 a       277     0    19     1     7
  2.6186202511155182E-01 a       278     0    19     1     8
  1.7416719617238230E-01 a       279     0    19     1     9
 -4.9279760904962479E-02 a       280     0    19     1    10
 -8.5761138004384160E-02 a       281     0    19     1    11
  5.3466746901936799E-02 a       282     0    19     1    12
  7.4975918509592732E-02 a       283     0    19     1    13
  2.1444525368249065E-01 a       284     0    19     1    14
 -1.0824645177927850E-03 a       285     0    19     1    15
  3.5306615238743483E-02 a       286     0    20     1     1
 -5.3380525348707608E-03 a       287     0    20     1     2
 -1.0069929822851617E-01 a       288     0    20     1     3
  1.1481130220733199E-01 a       289     0    20     1     4
  7.3926199231100304E-02 a       290     0    20     1     5
  1.0672603329877761E-01 a       291     0    20     1     6
 -1.9784589414870146E-01 a       292     0    20     1     7
  1.6602957070496877E-01 a       293     0    20     1     8
 -1.3280354304682132E-01 a       294     0    20     1     9
  1.3116536807531293E-01 a       295     0    20     1    10
 -1.0466558960231173E-01 a       296     0    20     1    11
  1.4133909227362096E-01 a       297     0    20     1    12
  2.7140788285607931E-01 a       298     0    20     1    13
  7.1933830880773222E-02 a       299     0    20     1    14
  8.5106803204493861E-02 a       300     0    20     1    15
 -1.3367988925430174E-01 a       301     0    21     1     1
 -7.5982688548444102E-02 a       302     0    21     1     2
  5.4795192423622102E-02 a       303     0    21     1     3
  1.6122849204117445E-01 a       304     0    21     1     4
  1.7505895835639756E-01 a       305     0    21     1     5
  1.8080922488063764E-01 a       306     0    21     1     6
 -3.6241089672269533E-01 a       307     0    21     1     7
 -1.7527187811172742E-01 a       308     0    21     1     8
 -3.5377712289233830E-02 a       309     0    21     1     9
 -2.4864437511894152E-01 a       310     0    21     1    10
 -7.1316385823326944E-02 a       311     0    21     1    11
  1.5398284699972023E-01 a       312     0    21     1    12
  1.0027310782322879E-01 a       313     0    21     1    13
  6.5446235305368500E-02 a       314     0    21     1    14
 -5.7719137260035573E-02 a       315     0    21     1    15
 -5.7269596191941621E-04 a       316     0    22     1     1
 -1.7846426074394986E-01 a       317     0    22     1     2
  1.3047508933631402E-02 a       318     0    22     1     3
 -8.6827813497293641E-03 a       319     0    22     1     4
  2.7936653980248083E-01 a       320     0    22     1     5
 -1.2201330156809953E-01 a       321     0    22     1     6
  5.7227294481339508E-02 a       322     0    22     1     7
 -1.7772203603768313E-01 a       323     0    22     1     8
  1.2312438693426528E-02 a       324     0    22     1     9
 -1.3627168801902345E-01 a       325     0    22     1    10
  8.5611554053496006E-02 a       326     0    22     1    11
 -1.8784365446627756E-02 a       327     0    22     1    12
  1.8532241290771623E-01 a       328     0    22     1    13
 -1.5654950152927222E-01 a       329     0    22     1    14
  8.4092434405243027E-02 a       330     0    22     1    15
 -1.1895795288506744E-01 a       331     0    23     1     1
 -2.0104455470943675E-01 a       332     0    23     1     2
  9.6935410741334063E-02 a       333     0    23     1     3
  3.4604309179505333E-01 a       334     0    23     1     4
  5.5349791474794081E-02 a       335     0    23     1     5
  6.1268630930991226E-02 a       336     0    23     1     6
 -7.5314010126313419E-02 a       337     0    23     1     7
 -1.0267653720479288E-01 a       338     0    23     1     8
  1.0285471017814932E-01 a       339     0    23     1     9
  1.1644066209974657E-01 a       340     0    23     1    10
 -2.4632841950458209E-01 a       341     0    23     1    11
  1.6786921371630148E-01 a       342     0    23     1    12
 -1.6815242713870245E-02 a       343     0    23     1    13
  4.5224949816094970E-02 a       344     0    23     1    14
  1.7476349291673552E-02 a       345     0    23     1    15
  2.2643159441643031E-02 a       346     0    24     1     1
 -1.8595583435087795E-01 a       347     0    24     1     2
 -1.0451403850810771E-01 a       348     0    24     1     3
  2.2858774548117725E-01 a       349     0    24     1     4
  1.1475299531725877E-01 a       350     0    24     1     5
  3.2718604384764732E-02 a       351     0    24     1     6
  1.4452307813299131E-01 a       352     0    24     1     7
  2.2771064060610274E-01 a       353     0    24     1     8
  1.4324222691362834E-01 a       354     0    24     1     9
  8.2890925282544964E-02 a       355     0    24     1    10
  1.1790175917802632E-01 a       356     0    24     1    11
 -5.7235624244782561E-02 a       357     0    24     1    12
  5.8643587603997592E-02 a       358     0    24     1    13
 -2.0262107007077787E-01 a       359     0    24     1    14
 -1.7898389052432942E-01 a       360     0    24     1    15
  6.3987626348137261E-02 a       361     0    25     1     1
  1.7994283656270807E-01 a       362     0    25     1     2
  1.0698479071663951E-01 a       363     0    25     1     3
 -1.5354025452982914E-01 a       364     0    25     1     4
 -3.6543211509780793E-02 a       365     0    25     1     5
  7.5467945669888237E-02 a       366     0    25     1     6
 -1.3813163246367124E-01 a       367     0    25     1     7
  4.5204615564527637E-02 a       368     0    25     1     8
  2.5425557856576453E-01 a       369     0    25     1     9
 -2.7886674644281123E-01 a       370     0    25     1    10
  1.6976435439252086E-01 a       371     0    25     1    11
 -1.5721927361474883E-01 a       372     0    25     1    12
 -1.5942933242478008E-01 a       373     0    25     1    13
  9.7872549204359408E-02 a       374     0    25     1    14
 -1.8646390553919226E-03 a       375     0    25     1    15
  3.3609488539803077E-02 a       376     0    26     1     1
  1.7920385083070287E-01 a       377     0    26     1     2
 -4.9742340283235716E-02 a       378     0    26     1     3
 -8.4867665946602694E-02 a       379     0    26     1     4
 -1.5671312931252313E-01 a       380     0    26     1     5
  9.3231000657778423E-02 a       381     0    26     1     6
  7.8923025758144999E-02 a       382     0    26     1     7
  1.9723953092194046E-02 a       383     0    26     1     8
  1.5988519297131784E-01 a       384     0    26     1     9
 -5.2491475099424138E-02 a       385     0    26     1    10
  3.6294823619675454E-02 a       386     0    26     1    11
 -3.8314369600999300E-02 a       387     0    26     1    12
 -1.1772656545454348E-01 a       388     0    26     1    13
  2.9830068464097834E-02 a       389     0    26     1    14
  7.1575982260548270E-03 a       390     0    26     1    15
 -4.8772174581817491E-02 a       391     0    27     1     1
  1.2729712509884621E-02 a       392     0    27     1     2
 -5.7055947074750986E-02 a       393     0    27     1     3
  1.3450733058313871E-01 a       394     0    27     1     4
  2.3914134056155938E-02 a       395     0    27     1     5
 -1.2291687027370962E-01 a       396     0    27     1     6
 -7.6215776304084555E-03 a       397     0    27     1     7
  7.4270101770013988E-02 a       398     0    27     1     8
  1.1792514221891776E-02 a       399     0    27     1     9
  1.1989733799421756E-01 a       400     0    27     1    10
 -1.8054214545966840E-02 a       401     0    27     1    11
  1.0538781900992053E-01 a       402     0    27     1    12
  1.0291427583460888E-01 a       403     0    27     1    13
 -2.1395037283100048E-03 a       404     0    27     1    14
  4.8809301299326258E-02 a       405     0    27     1    15
  3.8633978885399947E-02 a       406     0    28     1     1
  1.7803498602955173E-01 a       407     0    28     1     2
 -8.0012773545856619E-02 a       408     0    28     1     3
  5.6744794952906907E-02 a       409     0    28     1     4
  1.6213615538444934E-01 a       410     0    28     1     5
  9.1797922980590099E-02 a       411     0    28     1     6
 -1.3542534409217127E-01 a       412     0    28     1     7
  1.0896051319604606E-01 a       413     0    28     1     8
 -1.3015233161987450E-01 a       414     0    28     1     9
 -6.5722466728208792E-02 a       415     0    28     1    10
  2.4648827659674258E-02 a       416     0    28     1    11
  1.6639051999042750E-01 a       417     0    28     1    12
  1.4536096873626855E-01 a       418     0    28     1    13
 -1.2106545897349281E-01 a       419     0    28     1    14
  1.5194937541047948E-02 a       420     0    28     1    15
 -1.2180896604468990E-01 a       421     0    29     1     1
 -1.4422985340995009E-01 a       422     0    29     1     2
 -1.9693483559504316E-01 a       423     0    29     1     3
 -7.5239494072919327E-02 a       424     0    29     1     4
 -2.5353395393591238E-01 a       425     0    29     1     5
 -1.8793567870936370E-01 a       426     0    29     1     6
  8.1364635753009340E-02 a       427     0    29     1     7
  1.1895509944770929E-01 a       428     0    29     1     8
 -2.6188294714660058E-02 a       429     0    29     1     9
 -1.4695164017970225E-01 a       430     0    29     1    10
 -1.1974384704062685E-01 a       431     0    29     1    11
  6.0734373148143693E-02 a       432     0    29     1    12
  1.2369713062316354E-01 a       433     0    29     1    13
 -2.5419833603576508E-01 a       434     0    29     1    14
  2.4062579432651535E-01 a       435     0    29     1    15
  1.1058938321513535E-01 a       436     0    30     1     1
 -2.3678805479023898E-02 a       437     0    30     1     2
 -1.7709168788947471E-02 a       438     0    30     1     3
  1.0922212346000162E-01 a       439     0    30     1     4
  3.5933377633002458E-02 a       440     0    30     1     5
  1.1215766526594713E-02 a       441     0    30     1     6
 -5.2871918606117986E-02 a       442     0    30     1     7
  1.0199967031521409E-01 a       443     0    30     1     8
 -7.3929089186819796E-03 a       444     0    30     1     9
 -9.4080560878738423E-02 a       445     0    30     1    10
 -1.4303811233350981E-03 a       446     0    30     1    11
 -2.0344820675284697E-01 a       447     0    30     1    12
  1.6877654727919345E-01 a       448     0    30     1    13
  7.2581305449952699E-02 a       449     0    30     1    14
 -1.3054574483717185E-01 a       450     0    30     1    15
  2.6182093635539716E-01 a       451     0    31     1     1
  1.2986186361144766E-01 a       452     0    31     1     2
 -1.7591831111326062E-01 a       453     0    31     1     3
  1.2424368951947716E-01 a       454     0    31     1     4
  3.4047512508425290E-02 a       455     0    31     1     5
  1.8938177121553995E-01 a       456     0    31     1     6
 -1.5835458213556217E-01 a       457     0    31     1     7
  1.2319777216749964E-01 a       458     0    31     1     8
 -4.7801101434292587E-02 a       459     0    31     1     9
  2.5795199674999475E-01 a       460     0    31     1    10
 -2.0921314955206019E-01 a       461     0    31     1    11
  8.2080726622104916E-02 a       462     0    31     1    12
 -1.3036663699690726E-01 a       463     0    31     1    13
  3.6940317156937172E-02 a       464     0    31     1    14
  6.8363260132658530E-03 a       465     0    31     1    15
 -8.2231512951807216E-03 a       466     0    32     1     1
 -3.9301669048174004E-03 a       467     0    32     1     2
 -1.2131246598321327E-01 a       468     0    32     1     3
 -2.7050220739529357E-01 a       469     0    32     1     4
  1.5404335157622182E-01 a       470     0    32     1     5
  1.2941843824523559E-02 a       471     0    32     1     6
 -9.7340969202378419E-02 a       472     0    32     1     7
 -1.1862821780634622E-01 a       473     0    32     1     8
 -1.9245981240066423E-01 a       474     0    32     1     9
  2.1417476067530783E-01 a       475     0    32     1    10
 -4.5907588665391692E-02 a       476     0    32     1    11
 -1.4678914028887091E-01 a       477     0    32     1    12
 -2.0679603914011867E-02 a       478     0    32     1    13
 -9.5142662532182939E-02 a       479     0    32     1    14
  1.0836292049694569E-01 a       480     0    32     1    15
 -8.6217031826399514E-03 a       481     0    33     1     1
  1.6204157954071008E-01 a       482     0    33     1     2
  1.1802894540968374E-01 a       483     0    33     1     3
  9.3258948487308202E-02 a       484     0    33     1     4
  1.0261041234241219E-02 a       485     0    33     1     5
 -1.9178183383170214E-01 a       486     0    33     1     6
 -4.7330612862500600E-02 a       487     0    33     1     7
 -3.3908998563437459E-01 a       488     0    33     1     8
 -7.5093553034438584E-02 a       489     0    33     1     9
 -5.5599281405837531E-02 a       490     0    33     1    10
 -5.7816216596104142E-02 a       491     0    33     1    11
  2.3761510995487312E-01 a       492     0    33     1    12
  2.6468320296364797E-02 a       493     0    33     1    13
 -2.4181995457746286E-01 a       494     0    33     1    14
 -1.4529310410279184E-01 a       495     0    33     1    15
 -1.8713727450044401E-01 a       496     0    34     1     1
  1.5367899145059638E-01 a       497     0    34     1     2
  2.9106430461311134E-01 a       498     0    34     1     3
  2.4399610850383957E-01 a       499     0    34     1     4
 -3.4874126400985819E-02 a       500     0    34     1     5
  4.1432294166537979E-02 a       501     0    34     1     6
  9.6866734513675976E-03 a       502     0    34     1     7
  5.5307290815430697E-02 a       503     0    34     1     8
  1.4511110596708351E-01 a       504     0    34     1     9
 -1.0722221357869556E-01 a       505     0    34     1    10
  2.2180293760461961E-01 a       506     0    34     1    11
  1.3437720115355163E-02 a       507     0    34     1    12
 -9.4504246765091712E-02 a       508     0    34     1    13
  9.3607976275992700E-03 a       509     0    34     1    14
  2.9874395490939903E-01 a       510     0    34     1    15
 -2.1534699247092259E-01 a       511     0    35     1     1
  2.1416346040305770E-01 a       512     0    35     1     2
  5.8396814187049062E-02 a       513     0    35     1     3
  2.8364384034978540E-02 a       514     0    35     1     4
  1.2305815699672604E-01 a       515     0    35     1     5
  2.6587780765389718E-01 a       516     0    35     1     6
 -2.4887925607049513E-01 a       517     0    35     1     7
  2.2728202626796259E-01 a       518     0    35     1     8
 -1.5364797529835103E-03 a       519     0    35     1     9
 -1.9511043458193353E-01 a       520     0    35     1    10
  4.4319451961234275E-02 a       521     0    35     1    11
  2.2621722807601558E-03 a       522     0    35     1    12
  1.5389400443844023E-01 a       523     0    35     1    13
  2.5638763551133048E-01 a       524     0    35     1    14
  1.8058320166614400E-01 a       525     0    35     1    15
 -1.3040729888449723E-01 a       526     0    36     1     1
  1.9267618411485019E-01 a       527     0    36     1     2
  2.0217273790336951E-01 a       528     0    36     1     3
  1.3610634213615869E-01 a       529     0    36     1     4
  1.2929417097983509E-01 a       530     0    36     1     5
 -3.1409261953954826E-02 a       531     0    36     1     6
  1.2433925414193274E-02 a       532     0    36     1     7
  9.2558454260320625E-02 a       533     0    36     1     8
 -1.0530418562891537E-01 a       534     0    36     1     9
 -2.1078103350546822E-02 a       535     0    36     1    10
  1.0683337555155847E-01 a       536     0    36     1    11
 -7.7511117766576890E-02 a       537     0    36     1    12
  1.7879677387455609E-01 a       538     0    36     1    13
  2.6990158253787638E-01 a       539     0    36     1    14
 -3.2756254447273103E-01 a       540     0    36     1    15
  1.2905758330966027E-01 a       541     0    37     1     1
 -5.6851550650060277E-02 a       542     0    37     1     2
 -2.5344446512690760E-01 a       543     0    37     1     3
 -1.0854515134849606E-01 a       544     0    37     1     4
 -3.2559672233037198E-02 a       545     0    37     1     5
 -2.0774098155776893E-01 a       546     0    37     1     6
  8.8999720802073135E-02 a       547     0    37     1     7
 -5.1151766940674546E-02 a       548     0    37     1     8
 -6.6625564676028870E-04 a       549     0    37     1     9
  1.1489630465644515E-02 a       550     0    37     1    10
  7.4525039229794282E-02 a       551     0    37     1    11
 -2.0585689929564630E-01 a       552     0    37     1    12
 -9.7552834789915902E-02 a       553     0    37     1    13
  5.0320714997090621E-02 a       554     0    37     1    14
 -1.2924247399827873E-01 a       555     0    37     1    15
 -5.3465606441505463E-02 a       556     0    38     1     1
 -7.5541000555514548E-02 a       557     0    38     1     2
 -1.3460087715313443E-01 a       558     0    38     1     3
  1.3960634570212335E-01 a       559     0    38     1     4
 -7.7610511359885836E-02 a       560     0    38     1     5
  4.4154813319490463E-02 a       561     0    38     1     6
  9.8823868756603109E-02 a       562     0    38     1     7
  1.4430893554908727E-01 a       563     0    38     1     8
  4.9774317106507864E-02 a       564     0    38     1     9
 -8.0449483560083815E-02 a       565     0    38     1    10
  2.0690602178913911E-01 a       566     0    38     1    11
  1.1133762861666595E-01 a       567     0    38     1    12
 -4.7464390379441085E-02 a       568     0    38     1    13
 -1.9657096377382444E-02 a       569     0    38     1    14
 -8.8016758892008551E-02 a       570     0    38     1    15
  2.9763028811485868E-02 a       571     0    39     1     1
  5.9606081413074502E-03 a       572     0    39     1     2
  1.0776272335107813E-01 a       573     0    39     1     3
 -2.2437614509088030E-01 a       574     0    39     1     4
 -2.3640229546352982E-02 a       575     0    39     1     5
 -4.2830690706873710E-02 a       576     0    39     1     6
  2.4984698700267038E-02 a       577     0    39     1     7
  1.3042227479471888E-01 a       578     0    39     1     8
 -1.4846405036322965E-01 a       579     0    39     1     9
  7.3830638434529847E-02 a       580     0    39     1    10
 -1.3103813574295300E-01 a       581     0    39     1    11
 -3.0628913337594160E-01 a       582     0    39     1    12
 -1.3229056700298645E-02 a       583     0    39     1    13
  1.2294567499119054E-01 a       584     0    39     1    14
 -1.1176520013990272E-01 a       585     0    39     1    15
  1.1703273462710821E-02 a       586     0    40     1     1
  7.0312792352293249E-02 a       587     0    40     1     2
 -5.0684186359666338E-02 a       588     0    40     1     3
 -3.9082041066674893E-02 a       589     0    40     1     4
  7.5409787130515882E-02 a       590     0    40     1     5
 -1.3542876900487649E-01 a       591     0    40     1     6
  2.0827158943185195E-02 a       592     0    40     1     7
 -2.1554531279084449E-01 a       593     0    40     1     8
  1.4336941249828330E-03 a       594     0    40     1     9
 -5.0811439693917652E-02 a       595     0    40     1    10
  4.3679146194691092E-02 a       596     0    40     1    11
  1.4397361277966708E-01 a       597     0    40     1    12
  1.1652672993983279E-01 a       598     0    40     1    13
  4.1816708321541052E-02 a       599     0    40     1    14
  1.1146608790272064E-01 a       600     0    40     1    15
 -2.1632797504874243E-01 a       601     0    41     1     1
 -1.0050697636559307E-01 a       602     0    41     1     2
  9.5065561412878419E-02 a       603     0    41     1     3
 -1.7287570485705328E-01 a       604     0    41     1     4
 -3.0585005612934058E-01 a       605     0    41     1     5
  7.4984916247720856E-02 a       606     0    41     1     6
 -2.1574311571130994E-01 a       607     0    41     1     7
  1.8521452042054679E-01 a       608     0    41     1     8
 -1.9238653216270901E-01 a       609     0    41     1     9
  1.1367047514082254E-02 a       610     0    41     1    10
 -5.6393222413931937E-02 a       611     0    41     1    11
 -1.7754328617307202E-01 a       612     0    41     1    12
 -2.0340497484353387E-01 a       613     0    41     1    13
  2.6994696253458600E-02 a       614     0    41     1    14
 -1.5700574699421646E-01 a       615     0    41     1    15
 -6.5049441459699583E-02 a       616     0    42     1     1
  1.5787869577706462E-01 a       617     0    42     1     2
 -1.4327305530138279E-02 a       618     0    42     1     3
  1.2245088209605087E-01 a       619     0    42     1     4
  1.2346104966305345E-01 a       620     0    42     1     5
 -3.0291758339708933E-02 a       621     0    42     1     6
  1.8713262150752638E-01 a       622     0    42     1     7
 -1.0446679412226559E-01 a       623     0    42     1     8
  1.8317952794543063E-01 a       624     0    42     1     9
 -6.9905073099988682E-02 a       625     0    42     1    10
 -7.5929252369883640E-02 a       626     0    42     1    11
  2.4129081501466523E-01 a       627     0    42     1    12
 -1.6393817593904089E-01 a       628     0    42     1    13
 -1.7578304861137009E-01 a       629     0    42     1    14
  2.7083048610454308E-01 a       630     0    42     1    15
 -7.9124376145684058E-02 a       631     0    43     1     1
  1.8215734449291290E-01 a       632     0    43     1     2
  1.3289026892478567E-01 a       633     0    43     1     3
 -1.1280889249527576E-01 a       634     0    43     1     4
  1.1979194669424065E-01 a       635     0    43     1     5
 -1.5864535719690254E-01 a       636     0    43     1     6
  1.0215908610592433E-01 a       637     0    43     1     7
 -2.1328897582262132E-01 a       638     0    43     1     8
 -2.3796648531891620E-01 a       639     0    43     1     9
  1.6515250408281867E-01 a       640     0    43     1    10
 -1.4335151389669862E-01 a       641     0    43     1    11
  1.1221841703520373E-01 a       642     0    43     1    12
 -3.1531160042022416E-01 a       643     0    43     1    13
  2.2584253928949297E-01 a       644     0    43     1    14
 -1.5921329672270643E-01 a       645     0    43     1    15
 -2.2686998329836040E-02 a       646     0    44     1     1
  2.2079122222988551E-01 a       647     0    44     1     2
  1.0378334149678392E-02 a       648     0    44     1     3
  1.3720298409762169E-01 a       649     0    44     1     4
 -2.0762175310133449E-01 a       650     0    44     1     5
 -2.0194692177940173E-02 a       651     0    44     1     6
  8.6616360198080583E-02 a       652     0    44     1     7
 -2.1022295475514410E-01 a       653     0    44     1     8
 -4.4626474428834252E-02 a       654     0    44     1     9
 -6.5843619406383723E-03 a       655     0    44     1    10
  1.8308037333840602E-01 a       656     0    44     1    11
 -1.5242181705962760E-01 a       657     0    44     1    12
 -3.1446436773342867E-01 a       658     0    44     1    13
  1.4163081083441709E-01 a       659     0    44     1    14
 -7.6067577289447019E-02 a       660     0    44     1    15
  8.4064992958776466E-02 a       661     0    45     1     1
 -1.0065099172212688E-01 a       662     0    45     1     2
 -1.3053901207256932E-01 a       663     0    45     1     3
 -9.8483993991151084E-02 a       664     0    45     1     4
  1.9786156705434262E-02 a       665     0    45     1     5
  3.0808169603336669E-02 a       666     0    45     1     6
 -1.2059471663163843E-01 a       667     0    45     1     7
 -9.1634137570271973E-02 a       668     0    45     1     8
  1.1908736603645094E-02 a       669     0    45     1     9
  6.4754968146958816E-02 a       670     0    45     1    10
  6.5621093249690413E-02 a       671     0    45     1    11
  1.0717165221594992E-01 a       672     0    45     1    12
 -1.4189944639576277E-01 a       673     0    45     1    13
 -1.6844759093682532E-01 a       674     0    45     1    14
  6.9747333476143342E-02 a       675     0    45     1    15
  8.9078447892756402E-02 a       676     0    46     1     1
 -1.5862353774473636E-01 a       677     0    46     1     2
 -2.2836352697805432E-02 a       678     0    46     1     3
 -8.7853602015310145E-02 a       679     0    46     1     4
  9.3699565630384660E-02 a       680     0    46     1     5
  2.3236308082671106E-01 a       681     0    46     1     6
 -2.0857337095474257E-01 a       682     0    46     1     7
  3.2488843264378897E-02 a       683     0    46     1     8
 -9.0380431825160423E-02 a       684     0    46     1     9
 -3.3903897681142312E-02 a       685     0    46     1    10
 -8.6593322546598128E-02 a       686     0    46     1    11
 -1.6065985211592196E-01 a       687     0    46     1    12
 -7.7885371532330133E-02 a       688     0    46     1    13
 -1.4048669184423784E-01 a       689     0    46     1    14
 -9.8063191999864227E-02 a       690     0    46     1    15
  1.4235392977628966E-01 a       691     0    47     1     1
 -1.5998655387593322E-01 a       692     0    47     1     2
 -1.5679487700370545E-01 a       693     0    47     1     3
  3.2441007880738287E-01 a       694     0    47     1     4
 -7.4889465441179137E-02 a       695     0    47     1     5
 -1.3987735728432935E-01 a       696     0    47     1     6
  5.2204023529262213E-02 a       697     0    47     1     7
 -9.1361661062907464E-03 a       698     0    47     1     8
  8.6900839428252275E-04 a       699     0    47     1     9
 -9.1543220203700412E-02 a       700     0    47     1    10
 -2.1518264024556413E-01 a       701     0    47     1    11
  1.6082697462782279E-03 a       702     0    47     1    12
 -1.1910304011149493E-02 a       703     0    47     1    13
  1.4883285935824256E-01 a       704     0    47     1    14
 -2.1127785390648107E-01 a       705     0    47     1    15
  2.5952690186536970E-01 a       706     0    48     1     1
 -1.1720501738857278E-01 a       707     0    48     1     2
 -8.9847316254258680E-02 a       708     0    48     1     3
 -6.5791701067712705E-02 a       709     0    48     1     4
 -5.3534050695841648E-02 a       710     0    48     1     5
  1.4098481181491273E-02 a       711     0    48     1     6
  1.6094697601228888E-01 a       712     0    48     1     7
  1.5032503125422708E-01 a       713     0    48     1     8
 -3.1488227663616218E-02 a       714     0    48     1     9
 -6.1409865057837201E-02 a       715     0    48     1    10
  1.5132829423876334E-01 a       716     0    48     1    11
 -2.0799553428642772E-01 a       717     0    48     1    12
 -1.4027167803368351E-01 a       718     0    48     1    13
 -9.9089492979600735E-02 a       719     0    48     1    14
 -3.0462886116958982E-01 a       720     0    48     1    15
 -1.2044869294982045E-01 a       721     0    49     1     1
 -5.3018405042920755E-02 a       722     0    49     1     2
  6.3948707552101303E-02 a       723     0    49     1     3
  6.7538473708500135E-02 a       724     0    49     1     4
 -3.9509427116427756E-02 a       725     0    49     1     5
 -1.6474843324184463E-01 a       726     0    49     1     6
 -3.6222188555322138E-02 a       727     0    49     1     7
  6.4898271392100360E-02 a       728     0    49     1     8
  1.2812885690975645E-01 a       729     0    49     1     9
 -7.8235397500695594E-02 a       730     0    49     1    10
 -1.1135320258832249E-01 a       731     0    49     1    11
 -4.6847432575589654E-02 a       732     0    49     1    12
  1.9033270620929485E-01 a       733     0    49     1    13
  1.3669437140723281E-01 a       734     0    49     1    14
  8.2289628365727951E-02 a       735     0    49     1    15
  6.7814184945803005E-02 a       736     0    50     1     1
 -7.2232170984018199E-02 a       737     0    50     1     2
  4.9734574675546581E-02 a       738     0    50     1     3
  1.5468885462944446E-01 a       739     0    50     1     4
 -1.8472000191394308E-01 a       740     0    50     1     5
 -2.0278889604176283E-02 a       741     0    50     1     6
  1.6561022760586236E-01 a       742     0    50     1     7
  1.3724282611415056E-01 a       743     0    50     1     8
  1.2480617806167368E-01 a       744     0    50     1     9
 -2.5535730541542845E-01 a       745     0    50     1    10
 -4.1598762377038558E-02 a       746     0    50     1    11
 -1.7114367751030518E-01 a       747     0    50     1    12
 -1.0879317739338647E-01 a       748     0    50     1    13
 -5.9921903725974550E-02 a       749     0    50     1    14
 -1.3135352340428710E-01 a       750     0    50     1    15
 -2.0403546195388605E-01 a       751     0    51     1     1
  7.7044705091250942E-02 a       752     0    51     1     2
 -3.0745500386106437E-02 a       753     0    51     1     3
 -2.7462899232745169E-02 a       754     0    51     1     4
  3.9497678766658065E-02 a       755     0    51     1     5
 -1.4402026334855553E-01 a       756     0    51     1     6
  1.4990181247189485E-01 a       757     0    51     1     7
 -9.6431701469285494E-02 a       758     0    51     1     8
 -1.8908392995553799E-01 a       759     0    51     1     9
  8.1087540557211166E-02 a       760     0    51     1    10
  1.6258588674156566E-01 a       761     0    51     1    11
 -5.0030420246172267E-03 a       762     0    51     1    12
  1.4227398125264506E-02 a       763     0    51     1    13
 -1.3092796362888475E-02 a       764     0    51     1    14
  2.1332949947519989E-01 a       765     0    51     1    15
 -3.1445059101488572E-02 a       766     0    52     1     1
 -2.0311709177784429E-01 a       767     0    52     1     2
  1.2324925855401792E-01 a       768     0    52     1     3
 -1.5991408755340197E-01 a       769     0    52     1     4
  3.6659802383467936E-02 a       770     0    52     1     5
  9.2891882037905035E-02 a       771     0    52     1     6
 -2.1079272323195791E-01 a       772     0    52     1     7
 -2.0323385259077140E-01 a       773     0    52     1     8
 -1.1119469473692005E-01 a       774     0    52     1     9
  6.9475599492129277E-03 a       775     0    52     1    10
 -7.3072061455114912E-02 a       776     0    52     1    11
  8.3350183437090844E-02 a       777     0    52     1    12
 -1.1500695741366224E-01 a       778     0    52     1    13
  2.6361548583682101E-02 a       779     0    52     1    14
  9.5168438188083099E-02 a       780     0    52     1    15
  1.6898596743189287E-01 a       781     0    53     1     1
 -2.7610131326543130E-01 a       782     0    53     1     2
  1.4615166786457440E-01 a       783     0    53     1     3
  3.0803061839429723E-02 a       784     0    53     1     4
 -5.0272128029638284E-02 a       785     0    53     1     5
 -1.7925917226767360E-01 a       786     0    53     1     6
 -7.3284369510589933E-02 a       787     0    53     1     7
 -1.7206425287746491E-01 a       788     0    53     1     8
  1.4773997546960241E-01 a       789     0    53     1     9
  2.2272871230814995E-01 a       790     0    53     1    10
  1.7201084891441892E-01 a       791     0    53     1    11
  1.0522448509101161E-01 a       792     0    53     1    12
  2.4335562726770479E-01 a       793     0    53     1    13
  1.4622984262177769E-02 a       794     0    53     1    14
 -2.4672130649276796E-02 a       795     0    53     1    15
 -1.2944967770743199E-01 a       796     0    54     1     1
 -7.5623526861977042E-02 a       797     0    54     1     2
 -4.3244898590577084E-02 a       798     0    54     1     3
 -2.4468433914726476E-01 a       799     0    54     1     4
  1.5654269325000619E-01 a       800     0    54     1     5
  1.0744563835776509E-01 a       801     0    54     1     6
 -5.3261556579685010E-02 a       802     0    54     1     7
 -2.2465703791299724E-01 a       803     0    54     1     8
 -1.5580293337623938E-01 a       804     0    54     1     9
  2.2248172428163576E-01 a       805     0    54     1    10
 -1.8298280843106790E-01 a       806     0    54     1    11
  8.3867454451594131E-02 a       807     0    54     1    12
  7.1025435107165635E-02 a       808     0    54     1    13
  6.7283014791665610E-02 a       809     0    54     1    14
 -2.6673012849217179E-02 a       810     0    54     1    15
  4.8824218788026209E-02 a       811     0    55     1     1
 -4.7395939591775037E-02 a       812     0    55     1     2
 -1.7649281267197808E-01 a       813     0    55     1     3
 -1.4263526134367591E-01 a       814     0    55     1     4
 -6.8293858263708792E-03 a       815     0    55     1     5
 -1.9272967940775442E-02 a       816     0    55     1     6
  3.5792010628997208E-02 a       817     0    55     1     7
  6.2548982664059380E-02 a       818     0    55     1     8
  2.1932226429330690E-01 a       819     0    55     1     9
 -6.1209983399074498E-02 a       820     0    55     1    10
 -2.4232863148611943E-02 a       821     0    55     1    11
 -3.1056289807556470E-02 a       822     0    55     1    12
  8.4613856210561361E-02 a       823     0    55     1    13
 -2.4887286196887470E-02 a       824     0    55     1    14
  1.7099854880170573E-01 a       825     0    55     1    15
  1.1836533767858556E-02 a       826     0    56     1     1
  1.2382652375910058E-01 a       827     0    56     1     2
  1.0098565612230259E-01 a       828     0    56     1     3
 -2.4967208734103637E-02 a       829     0    56     1     4
  1.8447511508636934E-02 a       830     0    56     1     5
 -1.1609864554990511E-01 a       831     0    56     1     6
  8.7809934308963611E-03 a       832     0    56     1     7
  5.4165413463874504E-02 a       833     0    56     1     8
 -1.6029990032535590E-01 a       834     0    56     1     9
  5.6717230911127819E-02 a       835     0    56     1    10
  1.3640316165387764E-01 a       836     0    56     1    11
 -8.2866341304655405E-03 a       837     0    56     1    12
  1.4289781473261576E-01 a       838     0    56     1    13
 -1.0098246951335253E-01 a       839     0    56     1    14
  6.2531425977470018E-03 a       840     0    56     1    15
 -1.4120945824857564E-01 a       841     0    57     1     1
  1.2848851462376057E-01 a       842     0    57     1     2
  1.1391014641917913E-01 a       843     0    57     1     3
 -1.9444025284004568E-01 a       844     0    57     1     4
  1.5732695932586879E-01 a       845     0    57     1     5
  1.3588655118920112E-01 a       846     0    57     1     6
  1.8453666551212604E-02 a       847     0    57     1     7
 -2.8915792368330367E-01 a       848     0    57     1     8
 -1.0170940538025176E-01 a       849     0    57     1     9
 -1.0683074303278244E-01 a       850     0    57     1    10
 -1.3423129326822336E-01 a       851     0    57     1    11
  2.0287951233607993E-01 a       852     0    57     1    12
 -2.7606286525487075E-02 a       853     0    57     1    13
 -1.5865553816083344E-01 a       854     0    57     1    14
  8.0550050282379673E-02 a       855     0    57     1    15
 -1.4286862075256027E-01 a       856     0    58     1     1
 -2.3552747344983097E-02 a       857     0    58     1     2
  6.4859363512598675E-02 a       858     0    58     1     3
 -1.5005152927816473E-01 a       859     0    58     1     4
  3.7623264505193120E-02 a       860     0    58     1     5
  6.8588881778330266E-02 a       861     0    58     1     6
 -1.4548660571133772E-02 a       862     0    58     1     7
 -9.6347896098351773E-02 a       863     0    58     1     8
 -1.6296986852134937E-01 a       864     0    58     1     9
  6.7991440029885913E-02 a       865     0    58     1    10
  4.3570321160745683E-02 a       866     0    58     1    11
  1.5757745548894964E-01 a       867     0    58     1    12
 -1.7007223335010499E-01 a       868     0    58     1    13
  7.8656819938105638E-02 a       869     0    58     1    14
 -1.5139944202870035E-04 a       870     0    58     1    15
  2.4046440170266600E-01 a       871     0    59     1     1
  5.6089857176065627E-02 a       872     0    59     1     2
  2.5468225613897899E-01 a       873     0    59     1     3
 -1.1570808249556207E-01 a       874     0    59     1     4
  1.1624355412526582E-01 a       875     0    59     1     5
 -4.4770548567459205E-06 a       876     0    59     1     6
  2.6388787599358178E-02 a       877     0    59     1     7
 -1.7745521753901469E-01 a       878     0    59     1     8
 -1.5646130843782566E-01 a       879     0    59     1     9
 -1.3645231877385611E-02 a       880     0    59     1    10
  1.1532142743307214E-01 a       881     0    59     1    11
 -4.6679390753424387E-02 a       882     0    59     1    12
 -4.5498770173800426E-02 a       883     0    59     1    13
 -1.0521734593634218E-02 a       884     0    59     1    14
  4.1701011247312668E-03 a       885     0    59     1    15
  8.0870146604792068E-02 a       886     0    60     1     1
  2.8606436455201351E-01 a       887     0    60     1     2
  2.1239394704429919E-02 a       888     0    60     1     3
 -6.4525134371724371E-02 a       889     0    60     1     4
  2.2488974134217171E-01 a       890     0    60     1     5
  3.6326006095239199E-02 a       891     0    60     1     6
 -1.9695552412821747E-02 a       892     0    60     1     7
 -2.3142713110329971E-01 a       893     0    60     1     8
 -1.8812830052053367E-01 a       894     0    60     1     9
 -1.2780459040998418E-01 a       895     0    60     1    10
  1.7561404063387856E-01 a       896     0    60     1    11
  2.0983783769791695E-01 a       897     0    60     1    12
  1.2522317236130293E-01 a       898     0    60     1    13
  3.3145619639257891E-02 a       899     0    60     1    14
  5.6248395831008130E-02 a       900     0    60     1    15
  2.2147885481346080E-01 a       901     0    61     1     1
  1.5775480826962543E-01 a       902     0    61     1     2
 -1.4947062299562755E-01 a       903     0    61     1     3
  7.8868293353668614E-02 a       904     0    61     1     4
  8.9324600927054368E-02 a       905     0    61     1     5
 -3.8110908098293685E-02 a       906     0    61     1     6
  1.2903760251617113E-01 a       907     0    61     1     7
  9.7271865111648009E-02 a       908     0    61     1     8
  1.9450755001615613E-01 a       909     0    61     1     9
 -4.9333142981143947E-02 a       910     0    61     1    10
  2.8277556724058112E-01 a       911     0    61     1    11
  9.8466209744801636E-02 a       912     0    61     1    12
 -5.1686443040509497E-02 a       913     0    61     1    13
 -2.1047606178567407E-01 a       914     0    61     1    14
  5.9827063462512244E-02 a       915     0    61     1    15
 -2.8168925057587557E-01 a       916     0    62     1     1
 -1.3399917066457112E-01 a       917     0    62     1     2
  2.9583508793988894E-01 a       918     0    62     1     3
  1.6046915540866857E-01 a       919     0    62     1     4
 -1.8702829348462410E-01 a       920     0    62     1     5
  1.5028846553468710E-02 a       921     0    62     1     6
 -1.0384207976215522E-01 a       922     0    62     1     7
  7.6974658985968614E-02 a       923     0    62     1     8
  2.3173948896459012E-01 a       924     0    62     1     9
  8.8230024677890886E-02 a       925     0    62     1    10
  6.6730273251671857E-02 a       926     0    62     1    11
 -3.5880857663499682E-01 a       927     0    62     1    12
  2.0334701030656260E-01 a       928     0    62     1    13
  1.8367164239133574E-01 a       929     0    62     1    14
 -1.1525148106121741E-02 a       930     0    62     1    15
  7.6009537748696218E-02 a       931     0    63     1     1
 -1.3609621128541460E-01 a       932     0    63     1     2
  9.2366033674756071E-02 a       933     0    63     1     3
  1.0169421583309757E-01 a       934     0    63     1     4
 -1.3692154254934605E-01 a       935     0    63     1     5
 -3.3039658580555936E-01 a       936     0    63     1     6
  2.7933596474393574E-01 a       937     0    63     1     7
  1.4032079775107630E-02 a       938     0    63     1     8
 -4.4533618757977678E-02 a       939     0    63     1     9
  8.1154786529772177E-02 a       940     0    63     1    10
  1.7442514939405146E-01 a       941     0    63     1    11
  3.7418781212531754E-02 a       942     0    63     1    12
 -2.0239062952259426E-01 a       943     0    63     1    13
  6.1318296648455901E-02 a       944     0    63     1    14
 -3.0087843699286534E-02 a       945     0    63     1    15
 -2.6043370216316708E-01 a       946     0    64     1     1
  1.8285100995042994E-01 a       947     0    64     1     2
  2.6708916313859205E-01 a       948     0    64     1     3
  8.4391405017619575E-02 a       949     0    64     1     4
  2.0253035170473105E-01 a       950     0    64     1     5
  6.8136949113611789E-02 a       951     0    64     1     6
 -1.4511380015723382E-01 a       952     0    64     1     7
 -2.1530833556954757E-01 a       953     0    64     1     8
 -2.2928488604444391E-01 a       954     0    64     1     9
  1.3019274845619280E-01 a       955     0    64     1    10
  2.1287833707838205E-01 a       956     0    64     1    11
  9.1937065292296463E-02 a       957     0    64     1    12
 -9.3935616827309859E-02 a       958     0    64     1    13
  9.4219675078038596E-03 a       959     0    64     1    14
  1.3230742370660423E-01 a       960     0    64     1    15
 -1.5138204611253119E-03 a       961     0    65     1     1
  1.2231510507322589E-01 a       962     0    65     1     2
 -2.0106933564524523E-01 a       963     0    65     1     3
 -1.1730955404942142E-01 a       964     0    65     1     4
  2.4841131008808903E-01 a       965     0    65     1     5
  1.6278482409841999E-01 a       966     0    65     1     6
  7.4490256488898551E-02 a       967     0    65     1     7
  1.9610518398521390E-01 a       968     0    65     1     8
  1.6863668876679083E-01 a       969     0    65     1     9
  6.7751030817475633E-02 a       970     0    65     1    10
  1.2344721641630595E-01 a       971     0    65     1    11
 -1.8154619312506884E-01 a       972     0    65     1    12
 -6.1556613419401843E-02 a       973     0    65     1    13
  1.7760715663312529E-01 a       974     0    65     1    14
  1.5536474868105027E-01 a       975     0    65     1    15
 -2.2801044317750020E-02 a       976     0    66     1     1
 -3.8800565292099125E-02 a       977     0    66     1     2
  2.8670030627191728E-02 a       978     0    66     1     3
  1.8137122298683334E-01 a       979     0    66     1     4
  1.3761881148851737E-01 a       980     0    66     1     5
 -1.3306102527368047E-01 a       981     0    66     1     6
 -8.9224031558868530E-02 a       982     0    66     1     7
 -2.9214859934526005E-01 a       983     0    66     1     8
 -2.7358262248967403E-02 a       984     0    66     1     9
  1.5990053665177709E-01 a       985     0    66     1    10
  1.5823324419557136E-01 a       986     0    66     1    11
  2.2901404099127159E-01 a       987     0    66     1    12
 -1.2198943799651489E-02 a       988     0    66     1    13
 -1.0823077126124392E-01 a       989     0    66     1    14
  1.6229123173597323E-01 a       990     0    66     1    15
 -1.3154088771457723E-01 a       991     0    67     1     1
  4.3450697253803731E-02 a       992     0    67     1     2
  2.1380239731880617E-02 a       993     0    67     1     3
 -4.6263249981839692E-02 a       994     0    67     1     4
  2.3550657720847373E-01 a       995     0    67     1     5
  6.2725087458091203E-02 a       996     0    67     1     6
 -7.4062366835207699E-02 a       997     0    67     1     7
 -1.5711816229735599E-02 a       998     0    67     1     8
 -2.2561556335471269E-01 a       999     0    67     1     9
  1.6877663129315448E-01 a      1000     0    67     1    10
 -1.6271965127914130E-02 a      1001     0    67     1    11
 -1.5846341666410599E-01 a      1002     0    67     1    12
  1.7716825064974487E-01 a      1003     0    67     1    13
 -5.1679065482011358E-02 a      1004     0    67     1    14
 -3.9814231232254443E-02 a      1005     0    67     1    15
  1.0488175506370889E-01 a      1006     0    68     1     1
  3.6155436345305762E-02 a      1007     0    68     1     2
 -1.2307164082883824E-01 a      1008     0    68     1     3
 -2.9558227800712100E-01 a      1009     0    68     1     4
 -8.8114695852791594E-02 a      1010     0    68     1     5
 -8.9250672935699535E-02 a      1011     0    68     1     6
 -3.9343945248012144E-02 a      1012     0    68     1     7
  1.5778565008814799E-01 a      1013     0    68     1     8
 -1.1331546724582468E-01 a      1014     0    68     1     9
 -3.9716469306351497E-02 a      1015     0    68     1    10
 -4.7052137604737455E-02 a      1016     0    68     1    11
  6.3376727363416097E-02 a      1017     0    68     1    12
 -3.7542134927620714E-02 a      1018     0    68     1    13
  9.3072388515429085E-04 a      1019     0    68     1    14
  6.3539992457085429E-02 a      1020     0    68     1    15
 -2.3869970369589380E-01 a      1021     0    69     1     1
 -9.8107370088017259E-02 a      1022     0    69     1     2
 -1.7335579113585700E-01 a      1023     0    69     1     3
  2.5625053999810576E-01 a      1024     0    69     1     4
 -1.4802269158284603E-01 a      1025     0    69     1     5
 -1.1760580943748117E-01 a      1026     0    69     1     6
  4.1033724062110387E-02 a      1027     0    69     1     7
  3.2326775621186847E-02 a      1028     0    69     1     8
  2.2112699254215759E-01 a      1029     0    69     1     9
 -1.3914723266337015E-01 a      1030     0    69     1    10
 -5.7129542695156049E-02 a      1031     0    69     1    11
  1.2270327353169888E-01 a      1032     0    69     1    12
  2.2572677385661291E-01 a      1033     0    69     1    13
  1.1622670318035946E-01 a      1034     0    69     1    14
 -8.8488369681039916E-02 a      1035     0    69     1    15
  2.5561818955535937E-01 a      1036     0    70     1     1
 -5.3690326848010256E-02 a      1037     0    70     1     2
  2.8815379066361385E-01 a      1038     0    70     1     3
 -5.6050583952792221E-02 a      1039     0    70     1     4
 -1.2879470637351663E-02 a      1040     0    70     1     5
  1.0103625368547689E-01 a      1041     0    70     1     6
  1.2788445248189090E-01 a      1042     0    70     1     7
  5.0753496050895380E-02 a      1043     0    70     1     8
  1.6128609585355325E-01 a      1044     0    70     1     9
  2.0365088595399886E-01 a      1045     0    70     1    10
  1.5488759033536731E-01 a      1046     0    70     1    11
 -1.0082258723175777E-01 a      1047     0    70     1    12
 -2.5803508873880338E-01 a      1048     0    70     1    13
  6.7043847401658585E-02 a      1049     0    70     1    14
  2.7225095055690502E-02 a      1050     0    70     1    15
 -2.0031592364673120E-01 a      1051     0    71     1     1
  1.8751470135311624E-01 a      1052     0    71     1     2
 -2.9315923161129510E-02 a      1053     0    71     1     3
 -1.1166774397963132E-01 a      1054     0    71     1     4
 -4.6464323205782053E-02 a      1055     0    71     1     5
 -2.8966629638177997E-02 a      1056     0    71     1     6
 -1.3213751049897934E-02 a      1057     0    71     1     7
  8.9173921567013981E-02 a      1058     0    71     1     8
 -2.2910802751176082E-01 a      1059     0    71     1     9
 -1.0395682577218568E-01 a      1060     0    71     1    10
 -1.4759227405005357E-01 a      1061     0    71     1    11
 -2.1692689066228496E-02 a      1062     0    71     1    12
 -3.9141435285196140E-02 a      1063     0    71     1    13
 -1.3300998363025915E-02 a      1064     0    71     1    14
  2.2298286684612544E-02 a      1065     0    71     1    15
  1.7154994148111793E-01 a      1066     0    72     1     1
  1.9802534650983861E-01 a      1067     0    72     1     2
 -5.5322525065453786E-02 a      1068     0    72     1     3
  4.8661800666672611E-02 a      1069     0    72     1     4
  1.2781575126553479E-01 a      1070     0    72     1     5
 -2.6585618978485812E-02 a      1071     0    72     1     6
  8.8540259529188120E-02 a      1072     0    72     1     7
 -1.7155024723845042E-03 a      1073     0    72     1     8
 -1.1745621399039144E-01 a      1074     0    72     1     9
  5.5560222780966173E-02 a      1075     0    72     1    10
  3.8389733316988257E-02 a      1076     0    72     1    11
  5.8388233848381422E-03 a      1077     0    72     1    12
  8.9933227252677148E-02 a      1078     0    72     1    13
  1.6198403672189038E-01 a      1079     0    72     1    14
 -2.1476063553116245E-01 a      1080     0    72     1    15
  1.9325788042860051E-01 a      1081     0    73     1     1
  3.3325694755756585E-02 a      1082     0    73     1     2
  4.5695342875660315E-02 a      1083     0    73     1     3
  8.0513206191544173E-02 a      1084     0    73     1     4
 -2.3874292990330265E-01 a      1085     0    73     1     5
 -1.0493250223208050E-01 a      1086     0    73     1     6
 -1.8954309645727555E-01 a      1087     0    73     1     7
  2.8782721015157126E-01 a      1088     0    73     1     8
 -2.0947189800530844E-01 a      1089     0    73     1     9
  2.3682007396960796E-02 a      1090     0    73     1    10
 -2.8588588552312061E-01 a      1091     0    73     1    11
  2.1405743854919193E-01 a      1092     0    73     1    12
 -4.0571747969711282E-02 a      1093     0    73     1    13
 -4.5515392606881477E-02 a      1094     0    73     1    14
 -6.7407256291557416E-02 a      1095     0    73     1    15
 -1.0370397291396470E-01 a      1096     0    74     1     1
 -4.4893984153502473E-02 a      1097     0    74     1     2
  8.4050689240894848E-04 a      1098     0    74     1     3
  1.3793474583011475E-01 a      1099     0    74     1     4
  1.2035429037248732E-01 a      1100     0    74     1     5
  1.0474836625304408E-01 a      1101     0    74     1     6
 -1.1471057556634623E-01 a      1102     0    74     1     7
 -2.4013026361406790E-02 a      1103     0    74     1     8
 -7.1646980363088128E-02 a      1104     0    74     1     9
  3.9251276626818113E-02 a      1105     0    74     1    10
 -9.8360298281074399E-02 a      1106     0    74     1    11
  1.0896450734985036E-01 a      1107     0    74     1    12
 -2.0474410115264487E-03 a      1108     0    74     1    13
  6.6910348897020605E-02 a      1109     0    74     1    14
  6.9884800358807536E-02 a      1110     0    74     1    15
 -1.0187575156884938E-01 a      1111     0    75     1     1
 -1.7575382043324161E-01 a      1112     0    75     1     2
 -1.5485073841993049E-01 a      1113     0    75     1     3
  1.2878630605760202E-01 a      1114     0    75     1     4
 -1.7000323547144974E-01 a      1115     0    75     1     5
  9.9349826132202126E-02 a      1116     0    75     1     6
  5.6163550818325164E-02 a      1117     0    75     1     7
  2.2733222876867382E-01 a      1118     0    75     1     8
  1.0181328048753016E-01 a      1119     0    75     1     9
 -3.3159704739645201E-03 a      1120     0    75     1    10
 -1.5381956675609496E-01 a      1121     0    75     1    11
  1.2474238986212823E-01 a      1122     0    75     1    12
  1.0666067435739995E-01 a      1123     0    75     1    13
 -1.4610267593818588E-01 a      1124     0    75     1    14
 -3.3516956415603566E-02 a      1125     0    75     1    15
  2.2966423550197096E-01 a      1126     0    76     1     1
 -1.5303717781568610E-01 a      1127     0    76     1     2
  1.4779588166842434E-02 a      1128     0    76     1     3
 -1.0949547850986620E-01 a      1129     0    76     1     4
  7.5430359358289442E-02 a      1130     0    76     1     5
 -1.2975467094262082E-03 a      1131     0    76     1     6
 -1.0419420077326869E-01 a      1132     0    76     1     7
  4.1908769834628330E-02 a      1133     0    76     1     8
  1.7800860219997123E-02 a      1134     0    76     1     9
 -7.4098186826260182E-02 a      1135     0    76     1    10
 -2.0060185114588450E-01 a      1136     0    76     1    11
  1.3581158952025345E-02 a      1137     0    76     1    12
  1.1087857241027961E-01 a      1138     0    76     1    13
 -8.5154966143668434E-04 a      1139     0    76     1    14
  5.2649220286529588E-02 a      1140     0    76     1    15
 -1.2229185659652193E-01 a      1141     0    77     1     1
 -2.1036471763787919E-02 a      1142     0    77     1     2
  1.8343769228371741E-02 a      1143     0    77     1     3
 -1.9177832028915656E-01 a      1144     0    77     1     4
 -1.0087364809215831E-01 a      1145     0    77     1     5
 -2.1476648817041494E-02 a      1146     0    77     1     6
  9.6738743938082086E-02 a      1147     0    77     1     7
  1.1638922493621431E-01 a      1148     0    77     1     8
  1.1935286873533350E-01 a      1149     0    77     1     9
  9.0683889939914955E-02 a      1150     0    77     1    10
  1.0512725258225808E-01 a      1151     0    77     1    11
  1.4833690053184093E-01 a      1152     0    77     1    12
 -1.9423422563945708E-01 a      1153     0    77     1    13
 -5.4424811375624146E-02 a      1154     0    77     1    14
  2.1741346636990352E-01 a      1155     0    77     1    15
  7.5894245739509522E-02 a      1156     0    78     1     1
 -7.8570554945736990E-02 a      1157     0    78     1     2
  5.1332799727218603E-02 a      1158     0    78     1     3
 -1.0251118866497393E-01 a      1159     0    78     1     4
 -5.8678679763555619E-02 a      1160     0    78     1     5
  3.5349377727505710E-02 a      1161     0    78     1     6
  6.9644132629676878E-02 a      1162     0    78     1     7
 -3.6412760414647173E-02 a      1163     0    78     1     8
  8.4754736128300256E-02 a      1164     0    78     1     9
 -1.2167316473628692E-01 a      1165     0    78     1    10
  1.0432063654804381E-02 a      1166     0    78     1    11
 -2.3347382064986652E-01 a      1167     0    78     1    12
 -1.1856033469245879E-01 a      1168     0    78     1    13
 -2.0675221631472085E-01 a      1169     0    78     1    14
  6.0060344604086185E-02 a      1170     0    78     1    15
  1.6836052292957715E-01 a      1171     0    79     1     1
 -6.3380385358711433E-02 a      1172     0    79     1     2
  1.0962500648290194E-02 a      1173     0    79     1     3
 -4.4447163914980534E-02 a      1174     0    79     1     4
  7.2496578056720037E-02 a      1175     0    79     1     5
  1.4267114986708154E-01 a      1176     0    79     1     6
 -1.3184212227465128E-01 a      1177     0    79     1     7
 -5.0632240882353796E-02 a      1178     0    79     1     8
  1.5872625342703356E-01 a      1179     0    79     1     9
 -1.1393799366720032E-01 a      1180     0    79     1    10
 -1.4302963598163016E-02 a      1181     0    79     1    11
 -2.4172635376295085E-01 a      1182     0    79     1    12
  1.1297906884747902E-01 a      1183     0    79     1    13
  1.1243035307984758E-01 a      1184     0    79     1    14
  8.0230591224083159E-02 a      1185     0    79     1    15
 -8.7416043309002697E-02 a      1186     0    80     1     1
 -1.8983247169313652E-01 a      1187     0    80     1     2
 -2.0174259512192982E-01 a      1188     0    80     1     3
  9.7253179141861434E-02 a      1189     0    80     1     4
 -1.3249870988362070E-01 a      1190     0    80     1     5
  1.5920910710345498E-02 a      1191     0    80     1     6
  5.4848515225229932E-02 a      1192     0    80     1     7
  2.8765598636234291E-02 a      1193     0    80     1     8
 -2.9144729500760292E-02 a      1194     0    80     1     9
 -3.9309576144241277E-02 a      1195     0    80     1    10
 -1.2841742645552662E-01 a      1196     0    80     1    11
  1.4389719932964884E-01 a      1197     0    80     1    12
 -2.0781526043270482E-01 a      1198     0    80     1    13
  1.7666424600392935E-01 a      1199     0    80     1    14
 -1.8455976377022343E-01 a      1200     0    80     1    15
  7.7506048558890595E-02 a      1201     0    81     1     1
 -1.8351122171463002E-01 a      1202     0    81     1     2
  6.8523776211736942E-02 a      1203     0    81     1     3
  2.4189798895452796E-01 a      1204     0    81     1     4
  1.6963859673762430E-01 a      1205     0    81     1     5
 -1.1470285260234445E-01 a      1206     0    81     1     6
 -1.4621319057933643E-01 a      1207     0    81     1     7
  9.5938852128097191E-02 a      1208     0    81     1     8
  7.4763910327537653E-02 a      1209     0    81     1     9
  1.4883237779143510E-01 a      1210     0    81     1    10
 -2.2058986654796800E-01 a      1211     0    81     1    11
 -3.2077179175645815E-02 a      1212     0    81     1    12
  1.3575459027025217E-02 a      1213     0    81     1    13
 -1.2840085931246378E-01 a      1214     0    81     1    14
  2.0178322335077786E-01 a      1215     0    81     1    15
 -4.1205160653865064E-02 a      1216     0    82     1     1
  7.6621791690429777E-02 a      1217     0    82     1     2
  1.5191453187581316E-01 a      1218     0    82     1     3
  3.4631522448018331E-01 a      1219     0    82     1     4
 -1.2404935112118418E-02 a      1220     0    82     1     5
 -4.5569903449146021E-02 a      1221     0    82     1     6
 -9.0003741223905771E-03 a      1222     0    82     1     7
 -2.1515739747927226E-01 a      1223     0    82     1     8
  1.5802996640153860E-01 a      1224     0    82     1     9
  1.0890105777775656E-01 a      1225     0    82     1    10
 -3.2773858759601822E-02 a      1226     0    82     1    11
  1.8081757971259485E-01 a      1227     0    82     1    12
  2.8601960218078593E-02 a      1228     0    82     1    13
  6.9333222805488037E-02 a      1229     0    82     1    14
  8.9375548608194664E-03 a      1230     0    82     1    15
 -2.0926005049212745E-01 a      1231     0    83     1     1
  7.0393022750036574E-02 a      1232     0    83     1     2
  2.4045336982056287E-01 a      1233     0    83     1     3
 -1.5328813533938984E-01 a      1234     0    83     1     4
 -2.0969815517875387E-01 a      1235     0    83     1     5
  4.1156222394549136E-02 a      1236     0    83     1     6
 -2.7675727553081197E-01 a      1237     0    83     1     7
 -8.3603341948024948E-02 a      1238     0    83     1     8
  1.4891360624775710E-01 a      1239     0    83     1     9
  9.5653453940245520E-02 a      1240     0    83     1    10
  2.5860837131147346E-01 a      1241     0    83     1    11
 -1.5515358942148968E-01 a      1242     0    83     1    12
  5.2299695700928614E-02 a      1243     0    83     1    13
 -2.6891264313044835E-02 a      1244     0    83     1    14
  2.0578500174081398E-02 a      1245     0    83     1    15
  1.5391645961213911E+00 b      1246     1     1
  9.5674090362583164E-01 b      1247     1     2
  2.3818707797961458E-01 b      1248     1     3
 -5.7912746601863185E-02 b      1249     1     4
 -5.2869615040516982E-01 b      1250     1     5
 -2.9358139424388580E-01 b      1251     1     6
 -5.2113721723840956E-01 b      1252     1     7
  1.2257690449465932E+00 b      1253     1     8
 -1.0328747616302831E-02 b      1254     1     9
 -1.3363054133198253E+00 b      1255     1    10
  1.3369871143480179E+00 b      1256     1    11
  1.0367682988274929E+00 b      1257     1    12
 -1.5288414864630597E+00 b      1258     1    13
 -4.6314745016619185E-01 b      1259     1    14
  8.5191716105664214E-02 b      1260     1    15
 -3.9029421799661190E-01 a      1261     1     1     2     1
 -5.1425846774039152E-01 a      1262     1     1     2     2
 -2.2693484855241314E-01 a      1263     1     1     2     3
  6.3143786703903926E-01 a      1264     1     1     2     4
 -4.5097116956453803E-01 a      1265     1     1     2     5
 -3.8142025720386474E-01 a      1266     1     1     2     6
 -5.2068353132305656E-01 a      1267     1     1     2     7
  5.2541184974644439E-01 a      1268     1     1     2     8
  5.4726121810681738E-01 a      1269     1     1     2     9
 -4.4134396297227774E-01 a      1270     1     1     2    10
 -4.6039188952312154E-01 a      1271     1     1     2    11
 -5.7694364242630955E-02 a      1272     1     1     2    12
  6.1268342826920363E-01 a      1273     1     1     2    13
  4.0450432866347830E-01 a      1274     1     1     2    14
  2.9843987737242655E-01 a      1275     1     1     2    15
  6.5780714109887062E-01 a      1276     1     2     2     1
  7.9392627234473767E-01 a      1277     1     2     2     2
 -1.4772927332854860E-01 a      1278     1     2     2     3
 -5.4527842423540818E-01 a      1279     1     2     2     4
  1.0056500298713038E-01 a      1280     1     2     2     5
  7.2295259556520486E-01 a      1281     1     2     2     6
 -5.2804381462586369E-01 a      1282     1     2     2     7
  5.0145476474139404E-03 a      1283     1     2     2     8
  5.9759948630029502E-01 a      1284     1     2     2     9
 -6.3555344322131460E-02 a      1285     1     2     2    10
  5.0233385313996859E-01 a      1286     1     2     2    11
 -6.9329898841222737E-01 a      1287     1     2     2    12
  3.5101786946460607E-02 a      1288     1     2     2    13
 -4.7730446245174946E-01 a      1289     1     2     2    14
 -1.4411259101831031E-01 a      1290     1     2     2    15
 -4.0037435850599490E-01 a      1291     1     3     2     1
 -3.8009738046536501E-01 a      1292     1     3     2     2
 -6.8402651452674479E-01 a      1293     1     3     2     3
  6.8070249525047699E-02 a      1294     1     3     2     4
 -6.1906706819215107E-01 a      1295     1     3     2     5
 -5.1036430394988419E-01 a      1296     1     3     2     6
 -1.4174505671313689E-01 a      1297     1     3     2     7
 -2.8365009054537982E-01 a      1298     1     3     2     8
  1.8337172121802350E-01 a      1299     1     3     2     9
  5.9517349655115914E-01 a      1300     1     3     2    10
  5.1230520356624087E-01 a      1301     1     3     2    11
  1.6129665933197485E-01 a      1302     1     3     2    12
 -5.8815898728908456E-01 a      1303     1     3     2    13
  8.0374532178205538E-01 a      1304     1     3     2    14
 -5.2010869746602240E-01 a      1305     1     3     2    15
 -4.4504460155461939E-01 a      1306     1     4     2     1
  6.6744183927419731E-01 a      1307     1     4     2     2
  5.2523423418489812E-01 a      1308     1     4     2     3
  2.8575859360925265E-01 a      1309     1     4     2     4
  1.5822832167529946E-01 a      1310     1     4     2     5
  6.3793547862703326E-01 a      1311     1     4     2     6
 -1.0308140560545982E-01 a      1312     1     4     2     7
  7.1544785073147188E-01 a      1313     1     4     2     8
 -7.6660688202352401E-01 a      1314     1     4     2     9
  6.2437299364835130E-01 a      1315     1     4     2    10
 -4.4668333746967959E-01 a      1316     1     4     2    11
  1.0679135606190435E-01 a      1317     1     4     2    12
  5.3291240035918630E-01 a      1318     1     4     2    13
 -3.9804924014956350E-01 a      1319     1     4     2    14
 -5.2225618162413090E-01 a      1320     1     4     2    15
  1.6073195933920967E-01 a      1321     1     5     2     1
  6.5673584316696487E-01 a      1322     1     5     2     2
  1.9256327297858342E-01 a      1323     1     5     2     3
 -5.6295150553189865E-01 a      1324     1     5     2     4
 -7.2987426175943371E-01 a      1325     1     5     2     5
 -4.7705771700449445E-01 a      1326     1     5     2     6
 -6.7657356705096161E-01 a      1327     1     5     2     7
  4.7701277947277521E-01 a      1328     1     5     2     8
  1.7755905627883670E-01 a      1329     1     5     2     9
  3.7764620879838950E-01 a      1330     1     5     2    10
  1.5984536763111554E-01 a      1331     1     5     2    11
  5.8811760215975495E-01 a      1332     1     5     2    12
  1.7416377246810087E-02 a      1333     1     5     2    13
  8.6249169700531356E-02 a      1334     1     5     2    14
  4.1841347412193292E-01 a      1335     1     5     2    15
 -5.9185841569476838E-01 a      1336     1     6     2     1
  1.2524323078615640E-01 a      1337     1     6     2     2
  5.9840154023555647E-01 a      1338     1     6     2     3
 -4.2756986625352883E-01 a      1339     1     6     2     4
  7.8736284759236275E-01 a      1340     1     6     2     5
 -6.6211394343877772E-01 a      1341     1     6     2     6
  5.9318552273197900E-01 a      1342     1     6     2     7
 -7.7464024980011781E-01 a      1343     1     6     2     8
  1.5767257386014769E-01 a      1344     1     6     2     9
  4.1992346066527836E-01 a      1345     1     6     2    10
 -6.4253735787491595E-01 a      1346     1     6     2    11
 -2.9659702808184973E-01 a      1347     1     6     2    12
 -2.3048870295004922E-01 a      1348     1     6     2    13
 -3.4234092171871011E-01 a      1349     1     6     2    14
  5.4459987700615109E-01 a      1350     1     6     2    15
  5.9836572441833380E-02 a      1351     1     7     2     1
 -1.8950493094202492E-01 a      1352     1     7     2     2
 -4.1343172446195958E-01 a      1353     1     7     2     3
  5.5936383996707764E-02 a      1354     1     7     2     4
 -5.2927326570438915E-01 a      1355     1     7     2     5
  1.1128332549872072E-01 a      1356     1     7     2     6
 -7.3067474962732215E-01 a      1357     1     7     2     7
 -5.2783406112868372E-02 a      1358     1     7     2     8
 -2.7683429511671798E-01 a      1359     1     7     2     9
  3.2178043789590682E-01 a      1360     1     7     2    10
 -3.1906941170955883E-01 a      1361     1     7     2    11
  2.4362154821092205E-01 a      1362     1     7     2    12
 -5.0723521625837951E-02 a      1363     1     7     2    13
  5.4179373141325082E-01 a      1364     1     7     2    14
  1.8787982328215344E-01 a      1365     1     7     2    15
 -4.5770814487188904E-01 a      1366     1     8     2     1
  2.4107703421794552E-01 a      1367     1     8     2     2
 -7.5210170698975454E-01 a      1368     1     8     2     3
  1.0091114364234993E-01 a      1369     1     8     2     4
 -1.9926006524447501E-01 a      1370     1     8     2     5
  1.3462650120359990E-01 a      1371     1     8     2     6
  6.8213821461779245E-01 a      1372     1     8     2     7
 -2.5774713911360392E-01 a      1373     1     8     2     8
 -3.4972056226839104E-01 a      1374     1     8     2     9
 -5.6611590934881895E-01 a      1375     1     8     2    10
  2.2635549326555585E-01 a      1376     1     8     2    11
  6.8262614914885156E-01 a      1377     1     8     2    12
  3.0695286996975263E-01 a      1378     1     8     2    13
  2.5795085405792939E-01 a      1379     1     8     2    14
  3.8044194541232640E-01 a      1380     1     8     2    15
 -4.9816411193966958E-01 a      1381     1     9     2     1
  3.7332670843524812E-01 a      1382     1     9     2     2
 -5.9154739128465639E-01 a      1383     1     9     2     3
 -4.0153051011393254E-01 a      1384     1     9     2     4
  2.7902542980601680E-01 a      1385     1     9     2     5
  6.1294761648907514E-01 a      1386     1     9     2     6
  5.3105789215661370E-01 a      1387     1     9     2     7
 -3.3090449697359064E-01 a      1388     1     9     2     8
 -5.8892592584610048E-01 a      1389     1     9     2     9
  4.3876669187115475E-01 a      1390     1     9     2    10
  2.2397363786716987E-01 a      1391     1     9     2    11
  2.9296918857251808E-01 a      1392     1     9     2    12
  6.0716594435756011E-01 a      1393     1     9     2    13
 -5.2305560770452264E-01 a      1394     1     9     2    14
 -6.0549393859548284E-01 a      1395     1     9     2    15
 -3.1464767037326835E-01 a      1396     1    10     2     1
 -1.9445807059002115E-01 a      1397     1    10     2     2
 -2.7634817733523792E-01 a      1398     1    10     2     3
 -4.7544358476439363E-01 a      1399     1    10     2     4
  3.0918903958896481E-02 a      1400     1    10     2     5
  1.1663325140289617E-01 a      1401     1    10     2     6
  5.6876706711571712E-01 a      1402     1    10     2     7
  3.5792252492453915E-02 a      1403     1    10     2     8
 -1.3509867574653969E-01 a      1404     1    10     2     9
  5.4455728559467531E-01 a      1405     1    10     2    10
 -4.4937834424544815E-01 a      1406     1    10     2    11
  4.2101050224187175E-01 a      1407     1    10     2    12
 -6.8983629586464290E-01 a      1408     1    10     2    13
  5.4631375015922690E-02 a      1409     1    10     2    14
 -5.3462656059568492E-01 a      1410     1    10     2    15
 -9.0962414913728210E-02 a      1411     1    11     2     1
  4.7128743706074172E-01 a      1412     1    11     2     2
 -1.1895932707655527E-01 a      1413     1    11     2     3
 -4.6822976261625215E-01 a      1414     1    11     2     4
  5.1671491454976171E-01 a      1415     1    11     2     5
  7.4524479881719369E-02 a      1416     1    11     2     6
 -1.5346416261585571E-01 a      1417     1    11     2     7
  1.5565833273313399E-02 a      1418     1    11     2     8
  6.6789014211058029E-01 a      1419     1    11     2     9
  5.7152531591284839E-01 a      1420     1    11     2    10
 -4.4770177779599307E-01 a      1421     1    11     2    11
 -3.3092714757572905E-01 a      1422     1    11     2    12
  1.7574800437146881E-01 a      1423     1    11     2    13
 -2.0840229731848700E-01 a      1424     1    11     2    14
 -5.4688191139260922E-01 a      1425     1    11     2    15
  3.9765372309492486E-01 a      1426     1    12     2     1
  3.0799767678172224E-01 a      1427     1    12     2     2
  2.8630554791152882E-02 a      1428     1    12     2     3
  4.2209854465918234E-01 a      1429     1    12     2     4
 -1.2780435088846223E-01 a      1430     1    12     2     5
 -2.5634427115100770E-02 a      1431     1    12     2     6
 -5.2430846164810418E-02 a      1432     1    12     2     7
 -5.0641492824734302E-01 a      1433     1    12     2     8
  7.4850055061897762E-03 a      1434     1    12     2     9
 -4.3943221891439588E-01 a      1435     1    12     2    10
 -1.6570650956362662E-01 a      1436     1    12     2    11
  5.6357033352072716E-01 a      1437     1    12     2    12
  6.1810180260598613E-01 a      1438     1    12     2    13
 -3.8367106621840535E-01 a      1439     1    12     2    14
 -2.1790390166329776E-01 a      1440     1    12     2    15
  5.9449742258599969E-01 a      1441     1    13     2     1
  5.5603566538807075E-02 a      1442     1    13     2     2
 -5.2208956087013336E-01 a      1443     1    13     2     3
  5.0395359285420264E-02 a      1444     1    13     2     4
 -3.6838912803062096E-01 a      1445     1    13     2     5
 -1.5351360354529534E-01 a      1446     1    13     2     6
 -9.0597196248322857E-03 a      1447     1    13     2     7
  6.1809215847726917E-01 a      1448     1    13     2     8
  3.9094074199457268E-01 a      1449     1    13     2     9
  2.6799567664295626E-01 a      1450     1    13     2    10
 -2.5893269927433127E-01 a      1451     1    13     2    11
 -4.7336683383993122E-01 a      1452     1    13     2    12
 -6.4946388564631230E-01 a      1453     1    13     2    13
  5.0210147118183657E-01 a      1454     1    13     2    14
  3.7736022970148281E-01 a      1455     1    13     2    15
  5.3652146380276200E-01 a      1456     1    14     2     1
 -2.7305703158284689E-01 a      1457     1    14     2     2
  2.2730216329735980E-01 a      1458     1    14     2     3
  3.6774639788148805E-01 a      1459     1    14     2     4
  4.8086680719553399E-01 a      1460     1    14     2     5
 -3.1348137329799970E-02 a      1461     1    14     2     6
  4.6716447633632163E-01 a      1462     1    14     2     7
  3.8699025668643883E-01 a      1463     1    14     2     8
  1.6843710956112776E-01 a      1464     1    14     2     9
 -1.8905395574763215E-01 a      1465     1    14     2    10
 -4.4444255910425690E-01 a      1466     1    14     2    11
  2.2083025462251485E-01 a      1467     1    14     2    12
  4.6068703121028154E-01 a      1468     1    14     2    13
 -1.5959521999948514E-01 a      1469     1    14     2    14
 -1.9161780266652648E-01 a      1470     1    14     2    15
  3.9756461218818195E-01 a      1471     1    15     2     1
 -2.6123048529800436E-01 a      1472     1    15     2     2
 -6.1693392093680433E-01 a      1473     1    15     2     3
  8.1525322057839533E-01 a      1474     1    15     2     4
  3.9772189247859679E-01 a      1475     1    15     2     5
  6.2067082125822226E-01 a      1476     1    15     2     6
  1.6678460647320356E-01 a      1477     1    15     2     7
  3.2026773769627942E-01 a      1478     1    15     2     8
  7.9035491952951920E-01 a      1479     1    15     2     9
  6.9496792843684596E-02 a      1480     1    15     2    10
 -5.2722813730298956E-01 a      1481     1    15     2    11
  1.2142182465684712E-01 a      1482     1    15     2    12
  4.7075009691073655E-01 a      1483     1    15     2    13
  5.2675943428354174E-02 a      1484     1    15     2    14
  6.6083269850272097E-01 a      1485     1    15     2    15
  5.1339665796087244E-02 b      1486     2     1
  1.5403802364766590E+00 b      1487     2     2
 -5.4379931951578786E-01 b      1488     2     3
  1.5551683326435837E+00 b      1489     2     4
 -2.0280806354078468E-01 b      1490     2     5
  1.2246818739451883E+00 b      1491     2     6
  7.8456176554693891E-01 b      1492     2     7
  1.5472123726858300E-01 b      1493     2     8
 -1.0836016129699244E+00 b      1494     2     9
 -4.3250200990068499E-01 b      1495     2    10
  4.4831345977095916E-01 b      1496     2    11
 -1.2643356167378492E+00 b      1497     2    12
 -5.0181579586233260E-01 b      1498     2    13
 -5.5059134804860133E-01 b      1499     2    14
  1.2464536950699159E+00 b      1500     2    15
 -1.7021217427307740E-04 a      1501     2     1     3     1
  9.8093983028579790E-01 a      1502     2     2     3     1
  1.9719328998860314E-01 a      1503     2     3     3     1
  4.7395760633554423E-01 a      1504     2     4     3     1
  3.3985031749901096E-01 a      1505     2     5     3     1
 -2.9488127215989290E-01 a      1506     2     6     3     1
 -1.4897486941676044E-01 a      1507     2     7     3     1
  3.8333919836764117E-02 a      1508     2     8     3     1
 -1.4109707364696712E-03 a      1509     2     9     3     1
  4.3846296830283106E-02 a      1510     2    10     3     1
  8.4113370138983923E-01 a      1511     2    11     3     1
  8.2650703075655096E-01 a      1512     2    12     3     1
  9.8703663237131400E-01 a      1513     2    13     3     1
  6.7980061664959623E-01 a      1514     2    14     3     1
  2.8449176845243045E-02 a      1515     2    15     3     1
  3.3732145128442270E-01 b      1516     3     1
