-8.246162676131440605e+00 3.040376797961643501e-04
-8.196162676131441671e+00 2.171697712829745203e-04
-8.146162676131440961e+00 2.171697712829745203e-04
-8.096162676131440250e+00 4.343395425659490812e-05
-8.046162676131441316e+00 0.000000000000000000e+00
-7.996162676131440605e+00 4.343395425659490812e-05
-7.946162676131440783e+00 4.343395425659490812e-05
-7.896162676131440961e+00 0.000000000000000000e+00
-7.846162676131441138e+00 4.343395425659490812e-05
-7.796162676131441316e+00 0.000000000000000000e+00
-7.746162676131440605e+00 0.000000000000000000e+00
-7.696162676131440783e+00 0.000000000000000000e+00
-7.646162676131440961e+00 4.343395425659490812e-05
-7.596162676131441138e+00 0.000000000000000000e+00
-7.546162676131441316e+00 0.000000000000000000e+00
-7.496162676131440605e+00 0.000000000000000000e+00
-7.446162676131440783e+00 0.000000000000000000e+00
-7.396162676131440961e+00 0.000000000000000000e+00
-7.346162676131441138e+00 0.000000000000000000e+00
-7.296162676131441316e+00 0.000000000000000000e+00
-7.246162676131440605e+00 0.000000000000000000e+00
-7.196162676131440783e+00 0.000000000000000000e+00
-7.146162676131440961e+00 0.000000000000000000e+00
-7.096162676131440250e+00 0.000000000000000000e+00
-7.046162676131441316e+00 0.000000000000000000e+00
-6.996162676131440605e+00 0.000000000000000000e+00
-6.946162676131440783e+00 0.000000000000000000e+00
-6.896162676131440961e+00 0.000000000000000000e+00
-6.846162676131440250e+00 0.000000000000000000e+00
-6.796162676131441316e+00 0.000000000000000000e+00
-6.746162676131440605e+00 0.000000000000000000e+00
-6.696162676131440783e+00 0.000000000000000000e+00
-6.646162676131440961e+00 0.000000000000000000e+00
-6.596162676131440250e+00 0.000000000000000000e+00
-6.546162676131441316e+00 0.000000000000000000e+00
-6.496162676131440605e+00 0.000000000000000000e+00
-6.446162676131440783e+00 0.000000000000000000e+00
-6.396162676131440961e+00 0.000000000000000000e+00
-6.346162676131440250e+00 0.000000000000000000e+00
-6.296162676131441316e+00 0.000000000000000000e+00
-6.246162676131440605e+00 0.000000000000000000e+00
-6.196162676131440783e+00 0.000000000000000000e+00
-6.146162676131440961e+00 0.000000000000000000e+00
-6.096162676131441138e+00 0.000000000000000000e+00
-6.046162676131441316e+00 0.000000000000000000e+00
-5.996162676131440605e+00 0.000000000000000000e+00
-5.946162676131440783e+00 0.000000000000000000e+00
-5.896162676131440961e+00 0.000000000000000000e+00
-5.846162676131440250e+00 0.000000000000000000e+00
-5.796162676131441316e+00 0.000000000000000000e+00
-5.746162676131440605e+00 0.000000000000000000e+00
-5.696162676131440783e+00 0.000000000000000000e+00
-5.646162676131440961e+00 0.000000000000000000e+00
-5.596162676131440250e+00 0.000000000000000000e+00
-5.546162676131441316e+00 0.000000000000000000e+00
-5.496162676131440605e+00 0.000000000000000000e+00
-5.446162676131440783e+00 0.000000000000000000e+00
-5.396162676131440961e+00 0.000000000000000000e+00
-5.346162676131440250e+00 0.000000000000000000e+00
-5.296162676131441316e+00 0.000000000000000000e+00
-5.246162676131440605e+00 0.000000000000000000e+00
-5.196162676131440783e+00 0.000000000000000000e+00
-5.146162676131440961e+00 0.000000000000000000e+00
-5.096162676131440250e+00 0.000000000000000000e+00
-5.046162676131441316e+00 0.000000000000000000e+00
-4.996162676131440605e+00 0.000000000000000000e+00
-4.946162676131440783e+00 0.000000000000000000e+00
-4.896162676131440961e+00 0.000000000000000000e+00
-4.846162676131440250e+00 0.000000000000000000e+00
-4.796162676131441316e+00 0.000000000000000000e+00
-4.746162676131440605e+00 0.000000000000000000e+00
-4.696162676131440783e+00 0.000000000000000000e+00
-4.646162676131440961e+00 0.000000000000000000e+00
-4.596162676131440250e+00 0.000000000000000000e+00
-4.546162676131441316e+00 0.000000000000000000e+00
-4.496162676131440605e+00 0.000000000000000000e+00
-4.446162676131440783e+00 0.000000000000000000e+00
-4.396162676131440961e+00 0.000000000000000000e+00
-4.346162676131440250e+00 0.000000000000000000e+00
-4.296162676131441316e+00 0.000000000000000000e+00
-4.246162676131440605e+00 0.000000000000000000e+00
-4.196162676131440783e+00 0.000000000000000000e+00
-4.146162676131440961e+00 0.000000000000000000e+00
-4.096162676131440250e+00 0.000000000000000000e+00
-4.046162676131441316e+00 0.000000000000000000e+00
-3.996162676131440605e+00 0.000000000000000000e+00
-3.946162676131440783e+00 0.000000000000000000e+00
-3.896162676131440961e+00 0.000000000000000000e+00
-3.846162676131440250e+00 0.000000000000000000e+00
-3.796162676131441316e+00 0.000000000000000000e+00
-3.746162676131440605e+00 0.000000000000000000e+00
-3.696162676131440783e+00 0.000000000000000000e+00
-3.646162676131440961e+00 0.000000000000000000e+00
-3.596162676131440250e+00 0.000000000000000000e+00
-3.546162676131441316e+00 0.000000000000000000e+00
-3.496162676131440605e+00 0.000000000000000000e+00
-3.446162676131439895e+00 0.000000000000000000e+00
-3.396162676131440961e+00 0.000000000000000000e+00
-3.346162676131440250e+00 0.000000000000000000e+00
-3.296162676131441316e+00 0.000000000000000000e+00
-3.246162676131440605e+00 0.000000000000000000e+00
-3.196162676131439895e+00 0.000000000000000000e+00
-3.146162676131440961e+00 0.000000000000000000e+00
-3.096162676131440250e+00 0.000000000000000000e+00
-3.046162676131441316e+00 0.000000000000000000e+00
-2.996162676131440605e+00 0.000000000000000000e+00
-2.946162676131439895e+00 0.000000000000000000e+00
-2.896162676131440961e+00 0.000000000000000000e+00
-2.846162676131440250e+00 0.000000000000000000e+00
-2.796162676131441316e+00 0.000000000000000000e+00
-2.746162676131440605e+00 0.000000000000000000e+00
-2.696162676131439895e+00 0.000000000000000000e+00
-2.646162676131440961e+00 0.000000000000000000e+00
-2.596162676131440250e+00 0.000000000000000000e+00
-2.546162676131441316e+00 0.000000000000000000e+00
-2.496162676131440605e+00 0.000000000000000000e+00
-2.446162676131439895e+00 0.000000000000000000e+00
-2.396162676131440961e+00 0.000000000000000000e+00
-2.346162676131440250e+00 0.000000000000000000e+00
-2.296162676131441316e+00 0.000000000000000000e+00
-2.246162676131440605e+00 0.000000000000000000e+00
-2.196162676131439895e+00 0.000000000000000000e+00
-2.146162676131440961e+00 0.000000000000000000e+00
-2.096162676131440250e+00 0.000000000000000000e+00
-2.046162676131441316e+00 0.000000000000000000e+00
-1.996162676131440605e+00 0.000000000000000000e+00
-1.946162676131439895e+00 0.000000000000000000e+00
-1.896162676131440961e+00 0.000000000000000000e+00
-1.846162676131440250e+00 0.000000000000000000e+00
-1.796162676131441316e+00 0.000000000000000000e+00
-1.746162676131440605e+00 0.000000000000000000e+00
-1.696162676131439895e+00 0.000000000000000000e+00
-1.646162676131440961e+00 0.000000000000000000e+00
-1.596162676131440250e+00 0.000000000000000000e+00
-1.546162676131441316e+00 0.000000000000000000e+00
-1.496162676131440605e+00 0.000000000000000000e+00
-1.446162676131439895e+00 0.000000000000000000e+00
-1.396162676131440961e+00 0.000000000000000000e+00
-1.346162676131440250e+00 0.000000000000000000e+00
-1.296162676131441316e+00 0.000000000000000000e+00
-1.246162676131440605e+00 0.000000000000000000e+00
-1.196162676131439895e+00 0.000000000000000000e+00
-1.146162676131440961e+00 0.000000000000000000e+00
-1.096162676131440250e+00 0.000000000000000000e+00
-1.046162676131441316e+00 0.000000000000000000e+00
-9.961626761314406053e-01 0.000000000000000000e+00
-9.461626761314398948e-01 0.000000000000000000e+00
-8.961626761314409606e-01 0.000000000000000000e+00
-8.461626761314402501e-01 0.000000000000000000e+00
-7.961626761314413159e-01 0.000000000000000000e+00
-7.461626761314406053e-01 0.000000000000000000e+00
-6.961626761314398948e-01 0.000000000000000000e+00
-6.461626761314409606e-01 0.000000000000000000e+00
-5.961626761314402501e-01 0.000000000000000000e+00
-5.461626761314413159e-01 0.000000000000000000e+00
-4.961626761314406053e-01 0.000000000000000000e+00
-4.461626761314398948e-01 0.000000000000000000e+00
-3.961626761314409606e-01 0.000000000000000000e+00
-3.461626761314402501e-01 0.000000000000000000e+00
-2.961626761314413159e-01 0.000000000000000000e+00
-2.461626761314406053e-01 0.000000000000000000e+00
-1.961626761314416711e-01 0.000000000000000000e+00
-1.461626761314409606e-01 0.000000000000000000e+00
-9.616267613144025006e-02 0.000000000000000000e+00
-4.616267613143953952e-02 0.000000000000000000e+00
3.837323868559394668e-03 0.000000000000000000e+00
5.383732386855832885e-02 0.000000000000000000e+00
1.038373238685590394e-01 0.000000000000000000e+00
1.538373238685597499e-01 0.000000000000000000e+00
2.038373238685604605e-01 0.000000000000000000e+00
2.538373238685593947e-01 0.000000000000000000e+00
3.038373238685583289e-01 0.000000000000000000e+00
3.538373238685590394e-01 0.000000000000000000e+00
4.038373238685597499e-01 0.000000000000000000e+00
4.538373238685604605e-01 0.000000000000000000e+00
5.038373238685593947e-01 0.000000000000000000e+00
5.538373238685583289e-01 8.686790851318981624e-05
6.038373238685590394e-01 1.737358170263796325e-04
6.538373238685597499e-01 1.737358170263796325e-04
7.038373238685604605e-01 4.343395425659490812e-05
7.538373238685593947e-01 4.777734968225439013e-04
8.038373238685583289e-01 9.555469936450878025e-04
8.538373238685590394e-01 2.692905163908884507e-03
9.038373238685597499e-01 7.340338269364537691e-03
9.538373238685604605e-01 1.194433742056359715e-02
1.003837323868559395e+00 2.388867484112719430e-02
1.053837323868558329e+00 3.939459651073158597e-02
1.103837323868559039e+00 5.976512105707459249e-02
1.153837323868559750e+00 8.747598387278213150e-02
1.203837323868560460e+00 1.172716764928062455e-01
1.253837323868559395e+00 1.468501993415473605e-01
1.303837323868560105e+00 1.665257806197848467e-01
1.353837323868559039e+00 1.967992467366315168e-01
1.403837323868559750e+00 2.345433529856124910e-01
1.453837323868560460e+00 3.240172987541979355e-01
1.503837323868559395e+00 5.957401165834557144e-01
1.553837323868560105e+00 1.298458062500904564e+00
1.603837323868559039e+00 2.640740984846713602e+00
1.653837323868559750e+00 4.451372235941384758e+00
1.703837323868560460e+00 6.234249190266093699e+00
1.753837323868559395e+00 7.225238290584561796e+00
1.803837323868560105e+00 6.905216915621970486e+00
1.853837323868559039e+00 5.572315727395587004e+00
1.903837323868559750e+00 3.931641539306970579e+00
1.953837323868560460e+00 2.442030644122791472e+00
2.003837323868559395e+00 1.399572308010257560e+00
2.053837323868560105e+00 7.457175606314778715e-01
2.103837323868559039e+00 3.721421200705050669e-01
2.153837323868559750e+00 1.990143784037178287e-01
2.203837323868560460e+00 1.147525071459237489e-01
2.253837323868559395e+00 7.948413628956867150e-02
2.303837323868560105e+00 6.601961047002424809e-02
2.353837323868559039e+00 7.127511893507224028e-02
2.403837323868559750e+00 8.847496482068381574e-02
2.453837323868560460e+00 1.261322031611515904e-01
2.503837323868559395e+00 1.535390282970629516e-01
2.553837323868560105e+00 1.829872492830342812e-01
2.603837323868559039e+00 1.842902679107321917e-01
2.653837323868559750e+00 1.751691375168472342e-01
2.703837323868560460e+00 1.402482382945449413e-01
2.753837323868559395e+00 1.070212632882498460e-01
2.803837323868560105e+00 7.570538226924491965e-02
2.853837323868559039e+00 6.076410200497626979e-02
2.903837323868559750e+00 5.086116043447262702e-02
2.953837323868560460e+00 4.773391572799780269e-02
3.003837323868559395e+00 5.524798981438872048e-02
3.053837323868560105e+00 5.980855501133117841e-02
3.103837323868559039e+00 7.144885475209862558e-02
3.153837323868559750e+00 8.169926795665501118e-02
3.203837323868560460e+00 1.004627361955039988e-01
3.253837323868559395e+00 1.117555643022186823e-01
3.303837323868560105e+00 1.365997861369909749e-01
3.353837323868559039e+00 1.673944597049167593e-01
3.403837323868559750e+00 2.338918436717635496e-01
3.453837323868560460e+00 2.826681743019196502e-01
3.503837323868559395e+00 3.734451386982029497e-01
3.553837323868560105e+00 5.186014138237431403e-01
3.603837323868559039e+00 6.183257727968850537e-01
3.653837323868559750e+00 7.923221935488042877e-01
3.703837323868560460e+00 1.003758682869908103e+00
3.753837323868559395e+00 1.206595249248206603e+00
3.803837323868560105e+00 1.513890475613615338e+00
3.853837323868559039e+00 1.769368994550906349e+00
3.903837323868559750e+00 2.219084156923690099e+00
3.953837323868560460e+00 2.502316972630945102e+00
4.003837323868559395e+00 2.761183340000250563e+00
4.053837323868560105e+00 2.931270704869076482e+00
4.103837323868559039e+00 2.980003601544976455e+00
4.153837323868559750e+00 2.903603276007626022e+00
4.203837323868560460e+00 2.678832562729747124e+00
4.253837323868559395e+00 2.471739468834302844e+00
4.303837323868560105e+00 2.214784195452287108e+00
4.353837323868559039e+00 1.846029923813796492e+00
4.403837323868559750e+00 1.612572419684598968e+00
4.453837323868560460e+00 1.323693189923986324e+00
4.503837323868559395e+00 1.207246758562055211e+00
4.553837323868560105e+00 1.044456298008337614e+00
4.603837323868559039e+00 9.180634911216465355e-01
4.653837323868559750e+00 8.328026389159506326e-01
4.703837323868560460e+00 8.066553984534806654e-01
4.753837323868559395e+00 7.178763959530005678e-01
4.803837323868560105e+00 7.338600911194272935e-01
4.853837323868559039e+00 7.264328849415497835e-01
4.903837323868559750e+00 7.402014484408903083e-01
4.953837323868560460e+00 7.053674171271012705e-01
5.003837323868559395e+00 7.488448053379527236e-01
5.053837323868560105e+00 7.324702045832164332e-01
5.103837323868559039e+00 7.274752998437079565e-01
5.153837323868559750e+00 7.630042744256025911e-01
5.203837323868560460e+00 7.749920458004228019e-01
5.253837323868559395e+00 7.841131761943077594e-01
5.303837323868560105e+00 7.880222320774012967e-01
5.353837323868559039e+00 8.056564175055787036e-01
5.403837323868559750e+00 7.720819708652310043e-01
5.453837323868560460e+00 8.282855076732648092e-01
5.503837323868559395e+00 8.259400741434086424e-01
5.553837323868560105e+00 7.968827587457466555e-01
5.603837323868559039e+00 8.209017354496437324e-01
5.653837323868559750e+00 8.208148675411304218e-01
5.703837323868560460e+00 7.596598599478449065e-01
5.753837323868559395e+00 8.022685690735643638e-01
5.803837323868560105e+00 7.953191363925092849e-01
5.853837323868559039e+00 7.888040432540199820e-01
5.903837323868559750e+00 8.185997358740442209e-01
5.953837323868560460e+00 8.816658374546199051e-01
6.003837323868559395e+00 8.138220009058187987e-01
6.053837323868560105e+00 8.655518404254231024e-01
6.103837323868559039e+00 9.026878713148117628e-01
6.153837323868559750e+00 8.573428230709266851e-01
6.203837323868560460e+00 8.894839492208070908e-01
6.253837323868559395e+00 9.421693357340565900e-01
6.303837323868560105e+00 9.226240563185889032e-01
6.353837323868559039e+00 9.591520118483851665e-01
6.403837323868559750e+00 1.027169584214212783e+00
6.453837323868560460e+00 9.666226519805196649e-01
6.503837323868559395e+00 9.793488005777017946e-01
6.553837323868560105e+00 1.010186908099884207e+00
6.603837323868559039e+00 9.866457048928096718e-01
6.653837323868559750e+00 9.657974068496442133e-01
6.703837323868560460e+00 9.152402840949678264e-01
6.753837323868559395e+00 9.221028488675098167e-01
6.803837323868560105e+00 9.485541270097761490e-01
6.853837323868559039e+00 8.861829686973057285e-01
6.903837323868559750e+00 8.873556854622338674e-01
6.953837323868560460e+00 8.728053107862745463e-01
7.003837323868559395e+00 8.882677985016224076e-01
7.053837323868560105e+00 8.419237693098357012e-01
7.103837323868559039e+00 8.860961007887925289e-01
7.153837323868559750e+00 8.767578006236247390e-01
7.203837323868560460e+00 9.112009263491045452e-01
7.253837323868559395e+00 9.061625876553394132e-01
7.303837323868560105e+00 9.637560109995841895e-01
7.353837323868559039e+00 9.723993678966467158e-01
7.403837323868559750e+00 1.008319248066850804e+00
7.453837323868560460e+00 1.015355548656418971e+00
7.503837323868559395e+00 1.062785426704620617e+00
7.553837323868560105e+00 1.100008325502522366e+00
7.603837323868559039e+00 1.109650663347486521e+00
7.653837323868559750e+00 1.113081945733757738e+00
7.703837323868560460e+00 1.114167794590172678e+00
7.753837323868557618e+00 1.112039530831599343e+00
7.803837323868561882e+00 1.135450432175904023e+00
7.853837323868559039e+00 1.137622129888733680e+00
7.903837323868559750e+00 1.188483290323206321e+00
7.953837323868560460e+00 1.179362159929321585e+00
8.003837323868557618e+00 1.219712303433697853e+00
8.053837323868561882e+00 1.207941701830160808e+00
8.103837323868559039e+00 1.179535895746347762e+00
8.153837323868559750e+00 1.176929858490951997e+00
8.203837323868560460e+00 1.135580734038673878e+00
8.253837323868557618e+00 1.158817899565951937e+00
8.303837323868561882e+00 1.118554623970088313e+00
8.353837323868559039e+00 1.095360892397066799e+00
8.403837323868559750e+00 1.061438974122666190e+00
8.453837323868560460e+00 1.083981196381838874e+00
8.503837323868557618e+00 1.071341915693169833e+00
8.553837323868561882e+00 1.048539089708457439e+00
8.603837323868559039e+00 1.027777659573805069e+00
8.653837323868559750e+00 1.013835360257438145e+00
8.703837323868560460e+00 9.883830630630735525e-01
8.753837323868557618e+00 9.755700465573781122e-01
8.803837323868561882e+00 9.779589140414910453e-01
8.853837323868559039e+00 9.901638551875940886e-01
8.903837323868559750e+00 8.991262870657710238e-01
8.953837323868560460e+00 9.049898708904113853e-01
9.003837323868557618e+00 9.188453022982652207e-01
9.053837323868561882e+00 9.234058674952076995e-01
9.103837323868559039e+00 9.121999072970061739e-01
9.153837323868559750e+00 9.021666638637326763e-01
9.203837323868560460e+00 8.487429001281210361e-01
9.253837323868557618e+00 8.640750859806990425e-01
9.303837323868561882e+00 8.653346706541402700e-01
9.353837323868559039e+00 8.360601854851952286e-01
9.403837323868559750e+00 8.397955055512623668e-01
9.453837323868560460e+00 8.560398044432288023e-01
9.503837323868557618e+00 8.824042146769819350e-01
9.553837323868561882e+00 8.540852765016820891e-01
9.603837323868559039e+00 8.341925254521616040e-01
9.653837323868559750e+00 8.601660300976053941e-01
9.703837323868560460e+00 9.212341697823778208e-01
9.753837323868557618e+00 9.183675288014426785e-01
9.803837323868561882e+00 8.715457261128332078e-01
9.853837323868559039e+00 9.174988497163106826e-01
9.903837323868559750e+00 9.173251138992843945e-01
9.953837323868560460e+00 8.672891985956869831e-01
1.000383732386855762e+01 9.379996761254236759e-01
1.005383732386856188e+01 9.299643945879534357e-01
1.010383732386855904e+01 9.052939085702074173e-01
1.015383732386855975e+01 9.551560880567784295e-01
1.020383732386856046e+01 9.360885821381332850e-01
1.025383732386855762e+01 9.932042319855556300e-01
1.030383732386856188e+01 9.550692201482652299e-01
1.035383732386855904e+01 9.981991367250639957e-01
1.040383732386855975e+01 9.696630287784812063e-01
1.045383732386856046e+01 9.688377836476057547e-01
1.050383732386855762e+01 9.495531079576777778e-01
1.055383732386856188e+01 9.379996761254236759e-01
1.060383732386855904e+01 1.019916113853361450e+00
1.065383732386855975e+01 1.000848607934716306e+00
1.070383732386856046e+01 1.024780716730100183e+00
1.075383732386855762e+01 9.969829860058793125e-01
1.080383732386856188e+01 1.030209961012174213e+00
1.085383732386855904e+01 1.032642262450543802e+00
1.090383732386856330e+01 1.019090868722486221e+00
1.095383732386856046e+01 9.993718534899921346e-01
1.100383732386855762e+01 1.004149588458217668e+00
1.105383732386856188e+01 1.074990367850723771e+00
1.110383732386855904e+01 1.036768488104920394e+00
1.115383732386856330e+01 1.028125131207858090e+00
1.120383732386856046e+01 1.028820074475963464e+00
1.125383732386855762e+01 1.073383311543229857e+00
1.130383732386856188e+01 1.014834341205339996e+00
1.135383732386855904e+01 1.012011134178661287e+00
1.140383732386856330e+01 1.057529918239572542e+00
1.145383732386856046e+01 9.989809479016829030e-01
1.150383732386855762e+01 1.054532975395867656e+00
1.155383732386856188e+01 1.024954452547126360e+00
1.160383732386855904e+01 1.025128188364152759e+00
1.165383732386856330e+01 1.047626976669068899e+00
1.170383732386856046e+01 9.913800059067785497e-01
1.175383732386855762e+01 1.005148569406119297e+00
1.180383732386856188e+01 1.035074563888913168e+00
1.185383732386855904e+01 1.011099021139272525e+00
1.190383732386856330e+01 1.026995848397186606e+00
1.195383732386856046e+01 1.015312114702162427e+00
1.200383732386855762e+01 1.014704039342570141e+00
1.205383732386856188e+01 1.013835360257438145e+00
1.210383732386855904e+01 9.919446473121145136e-01
1.215383732386856330e+01 9.970698539143927341e-01
1.220383732386856046e+01 9.869063086183492706e-01
1.225383732386855762e+01 9.728337074392126027e-01
1.230383732386856188e+01 9.328310355688886890e-01
1.235383732386855904e+01 9.419521659627736465e-01
1.240383732386856330e+01 1.009144493197726034e+00
1.245383732386856046e+01 9.190190381152916199e-01
1.250383732386855762e+01 9.752660088775819691e-01
1.255383732386856188e+01 9.417349961914907031e-01
1.260383732386855904e+01 9.661014445294403563e-01
1.265383732386856330e+01 9.607590681558791923e-01
1.270383732386856046e+01 9.131554542906512584e-01
1.275383732386855762e+01 8.913081752995839491e-01
1.280383732386856188e+01 9.349592993274618014e-01
1.285383732386855904e+01 9.038605880797400127e-01
1.290383732386856330e+01 9.124605110225457727e-01
1.295383732386856046e+01 9.531146922067185168e-01
1.300383732386855762e+01 9.564156727302196570e-01
1.305383732386856188e+01 9.316148848497041168e-01
1.310383732386855904e+01 9.070312667404712981e-01
1.315383732386856330e+01 9.718781604455674072e-01
1.320383732386856046e+01 9.384340156679894518e-01
1.325383732386855762e+01 9.078565118713466386e-01
1.330383732386856188e+01 9.415178264202077596e-01
1.335383732386855904e+01 9.286179420059990086e-01
1.340383732386856330e+01 9.243179805345960176e-01
1.345383732386856046e+01 9.550257861940087967e-01
1.350383732386855762e+01 9.629307658687090710e-01
1.355383732386856188e+01 9.734417827988049998e-01
1.360383732386855904e+01 9.629307658687090710e-01
1.365383732386856330e+01 9.609762379271622468e-01
1.370383732386856046e+01 9.678388026997042370e-01
1.375383732386855762e+01 9.656671049868745804e-01
1.380383732386856188e+01 9.755700465573781122e-01
1.385383732386855904e+01 9.719650283540806068e-01
1.390383732386856330e+01 9.797831401202677926e-01
1.395383732386856046e+01 9.807386871139128770e-01
1.400383732386855762e+01 9.644943882219463305e-01
1.405383732386856188e+01 9.661448784836970116e-01
1.410383732386855904e+01 9.888174026056395505e-01
1.415383732386856330e+01 9.961577408750039719e-01
1.420383732386856046e+01 9.916840435865749148e-01
1.425383732386855762e+01 9.849083467225460131e-01
1.430383732386856188e+01 9.572843518153517639e-01
1.435383732386855904e+01 9.516379377619943458e-01
1.440383732386856330e+01 9.816508001533014172e-01
1.445383732386856046e+01 9.864719690757833837e-01
1.450383732386855762e+01 1.009187927151982578e+00
1.455383732386856188e+01 1.035335167614452434e+00
1.460383732386855904e+01 9.793488005777017946e-01
1.465383732386856330e+01 1.024389811141790840e+00
1.470383732386856046e+01 9.910759682269825177e-01
1.475383732386855762e+01 9.634085393655316132e-01
1.480383732386856188e+01 1.006017248491251070e+00
1.485383732386855904e+01 9.876881197949680669e-01
1.490383732386856330e+01 9.800003098915509581e-01
1.495383732386856046e+01 9.839093657746442734e-01
1.500383732386855762e+01 9.952021938813588875e-01
1.505383732386856188e+01 1.004887965680579587e+00
1.510383732386855904e+01 9.920749491748842575e-01
1.515383732386856330e+01 9.785669894010831094e-01
1.520383732386856046e+01 9.935951375738649727e-01
1.525383732386855762e+01 1.009231361106239344e+00
1.530383732386856188e+01 9.610631058356754464e-01
1.535383732386855904e+01 9.693589910986849523e-01
1.540383732386856330e+01 1.055445088435256196e+00
1.545383732386856046e+01 9.788275931266227081e-01
1.550383732386855762e+01 9.793922345319584499e-01
1.555383732386856188e+01 1.004540494046526788e+00
1.560383732386855904e+01 9.754397446946084793e-01
1.565383732386856330e+01 1.000457702346406963e+00
1.570383732386856046e+01 1.001804154928361390e+00
1.575383732386855762e+01 1.001717287019848079e+00
1.580383732386856188e+01 1.043804788694488561e+00
1.585383732386855904e+01 1.038679582092210341e+00
1.590383732386856330e+01 1.027343320031239404e+00
1.595383732386856046e+01 1.005278871268888929e+00
1.600383732386855939e+01 1.037289695555999591e+00
1.605383732386856366e+01 1.053924900036275147e+00
1.610383732386856082e+01 1.028211999116371178e+00
1.615383732386856508e+01 1.071949991052762341e+00
1.620383732386856224e+01 1.032338224770747548e+00
1.625383732386855939e+01 9.970264199601359678e-01
1.630383732386856366e+01 1.019785811990591817e+00
1.635383732386856082e+01 9.989375139474261367e-01
1.640383732386856508e+01 1.023173660422606046e+00
1.645383732386856224e+01 9.560247671419104254e-01
1.650383732386855939e+01 8.938707786007231704e-01
1.655383732386856366e+01 9.762215558712270536e-01
1.660383732386856082e+01 9.339603183795601726e-01
1.665383732386856508e+01 8.791032341534809058e-01
1.670383732386856224e+01 9.004727396477254509e-01
1.675383732386855939e+01 8.917425148421499470e-01
1.680383732386856366e+01 8.867041761483849260e-01
1.685383732386856082e+01 8.709376507532409217e-01
1.690383732386856508e+01 8.718063298383728066e-01
1.695383732386856224e+01 8.792335360162506497e-01
1.700383732386855939e+01 8.053089458715261273e-01
1.705383732386856366e+01 8.575165588879531953e-01
1.710383732386856082e+01 8.114331334217060876e-01
1.715383732386856508e+01 8.243330178359147276e-01
1.720383732386856224e+01 8.545196160442480871e-01
1.725383732386855939e+01 8.714154242500635750e-01
1.730383732386856366e+01 8.569519174826174535e-01
1.735383732386856082e+01 8.252451308753032677e-01
1.740383732386856508e+01 8.608609733657108798e-01
1.745383732386856224e+01 8.754982159501834005e-01
1.750383732386855939e+01 9.105928509895121481e-01
1.755383732386856366e+01 9.110706244863346903e-01
1.760383732386856082e+01 9.317451867124738607e-01
1.765383732386856508e+01 9.667963877975458420e-01
1.770383732386856224e+01 9.749619711977857150e-01
1.775383732386855939e+01 1.024997886501383126e+00
1.780383732386856366e+01 9.857770258076778980e-01
1.785383732386856082e+01 9.674478971113948944e-01
1.790383732386856508e+01 1.008232380158337493e+00
1.795383732386856224e+01 1.108608248445328348e+00
1.800383732386855939e+01 1.059875351769428820e+00
1.805383732386856366e+01 1.115123341583817318e+00
1.810383732386856082e+01 1.137882733614273389e+00
1.815383732386856508e+01 1.108608248445328348e+00
1.820383732386856224e+01 1.084893309421227414e+00
1.825383732386855939e+01 1.133930243776923197e+00
1.830383732386856366e+01 1.185877253067810555e+00
1.835383732386856082e+01 1.173976349601503877e+00
1.840383732386856508e+01 1.128891905083158065e+00
1.845383732386856224e+01 1.171240010483338256e+00
1.850383732386855939e+01 1.182576272544309415e+00
1.855383732386856366e+01 1.162813823357558896e+00
1.860383732386856082e+01 1.157862352572307074e+00
1.865383732386856508e+01 1.139750393647306792e+00
1.870383732386856224e+01 1.111692059197546545e+00
1.875383732386855939e+01 1.100833570633397818e+00
1.880383732386856366e+01 1.031817017319668572e+00
1.885383732386856082e+01 1.071863123144249030e+00
1.890383732386856508e+01 1.004236456366730756e+00
1.895383732386856224e+01 9.750054051520423704e-01
1.900383732386855939e+01 9.988072120846563928e-01
1.905383732386856366e+01 9.070312667404712981e-01
1.910383732386856082e+01 9.194533776578573958e-01
1.915383732386856508e+01 8.460499949642120709e-01
1.920383732386856224e+01 8.553882951293799719e-01
1.925383732386855939e+01 8.493075415334566669e-01
1.930383732386856366e+01 8.328895068244639432e-01
1.935383732386856082e+01 8.653781046083969253e-01
1.940383732386856508e+01 8.631629729413103913e-01
1.945383732386856224e+01 8.799719132386127907e-01
1.950383732386855939e+01 9.462521274341764155e-01
1.955383732386856366e+01 9.240573768090564188e-01
1.960383732386856082e+01 9.540268052461070569e-01
1.965383732386856508e+01 9.869063086183492706e-01
1.970383732386856224e+01 1.047800712486095298e+00
1.975383732386855939e+01 1.004887965680579587e+00
1.980383732386856366e+01 1.053316824676683083e+00
1.985383732386856082e+01 1.076293386478421432e+00
1.990383732386856508e+01 1.108955720079381146e+00
1.995383732386856224e+01 1.057790521965112029e+00
2.000383732386855939e+01 1.066564180724944411e+00
2.005383732386856366e+01 1.021436302252342498e+00
2.010383732386856082e+01 1.001152645614512560e+00
2.015383732386856508e+01 9.578924271749439390e-01
2.020383732386856224e+01 1.007450568981718808e+00
2.025383732386855939e+01 9.353502049157712550e-01
2.030383732386856366e+01 9.031222108573777607e-01
2.035383732386856082e+01 9.010808150073179590e-01
2.040383732386856508e+01 8.150815855792599152e-01
2.045383732386856224e+01 8.501327866643320075e-01
2.050383732386855939e+01 8.198593205474853374e-01
2.055383732386856366e+01 8.716325940213464074e-01
2.060383732386856082e+01 8.026594746618738174e-01
2.065383732386856508e+01 7.713870275971255186e-01
2.070383732386856224e+01 7.833313650176891851e-01
2.075383732386855939e+01 7.385509581791398492e-01
2.080383732386856366e+01 7.498872202401108966e-01
2.085383732386856082e+01 7.764688002451470838e-01
2.090383732386856508e+01 7.850252892336961885e-01
2.095383732386856224e+01 7.295166956937679803e-01
2.100383732386855939e+01 7.596164259935883623e-01
2.105383732386856366e+01 7.458912964485042707e-01
2.110383732386856082e+01 7.283874128830964967e-01
2.115383732386856508e+01 7.326873743544993767e-01
2.120383732386856224e+01 6.646263680344151048e-01
2.125383732386855939e+01 6.815656101944871370e-01
2.130383732386856366e+01 6.737040644740435180e-01
2.135383732386856082e+01 6.746161775134320582e-01
2.140383732386856508e+01 6.298357706748826113e-01
2.145383732386856224e+01 6.819130818285399354e-01
2.150383732386855939e+01 6.472093523775206414e-01
2.155383732386856366e+01 6.316165627994030363e-01
2.160383732386856082e+01 6.379144861666092847e-01
2.165383732386856508e+01 6.442992774423288438e-01
2.170383732386856224e+01 6.448639188476645856e-01
2.175383732386855939e+01 7.070613413431083849e-01
2.180383732386856366e+01 8.083927566237443241e-01
2.185383732386856082e+01 8.421843730353751889e-01
2.190383732386856508e+01 1.040851279805040441e+00
2.195383732386856224e+01 1.261017993931719872e+00
2.200383732386855939e+01 1.508330929468771231e+00
2.205383732386856366e+01 1.814627174886278560e+00
2.210383732386856082e+01 2.207747894862718496e+00
2.215383732386856508e+01 2.562342697413559911e+00
2.220383732386856224e+01 2.847095701519796407e+00
2.225383732386855939e+01 3.138494100627291061e+00
2.230383732386856366e+01 3.175630131516680166e+00
2.235383732386856082e+01 3.203862201783466368e+00
2.240383732386856508e+01 2.982609638800371776e+00
2.245383732386856224e+01 2.732212892511101998e+00
2.250383732386855939e+01 2.345954737307204052e+00
2.255383732386856366e+01 1.914959609219013092e+00
2.260383732386856082e+01 1.545640696175186068e+00
2.265383732386856508e+01 1.164160275939513101e+00
2.270383732386856224e+01 9.582398988089967373e-01
2.275383732386855939e+01 7.220894895158902482e-01
2.280383732386856366e+01 5.548687656279998048e-01
2.285383732386856082e+01 4.426788617832152495e-01
2.290383732386856508e+01 3.907752864465843801e-01
2.295383732386856224e+01 3.014316425407685962e-01
2.300383732386855939e+01 2.288100710237419566e-01
2.305383732386856366e+01 1.894589084672669566e-01
2.310383732386856082e+01 1.663086108485018477e-01
2.315383732386856508e+01 1.356876730976024903e-01
2.320383732386856224e+01 1.172716764928062455e-01
2.325383732386855939e+01 1.018960566859716532e-01
2.330383732386856366e+01 8.656387083339364685e-02
2.335383732386856082e+01 7.800738184484444504e-02
2.340383732386856508e+01 5.702878193890911079e-02
2.345383732386856224e+01 4.903693435569564385e-02
2.350383732386855939e+01 4.851572690461650184e-02
2.355383732386856366e+01 5.876614010917290826e-02
2.360383732386856082e+01 7.757304230227850261e-02
2.365383732386856508e+01 1.062828860658877189e-01
2.370383732386856224e+01 1.425502378701444806e-01
2.375383732386856650e+01 1.772105333669072025e-01
2.380383732386856366e+01 1.893720405587537570e-01
2.385383732386856082e+01 1.815104948383101102e-01
2.390383732386855797e+01 1.607924986579143400e-01
2.395383732386856224e+01 1.249594863962235347e-01
2.400383732386856650e+01 9.451228446235052094e-02
2.405383732386856366e+01 6.767010073177484597e-02
2.410383732386856082e+01 6.354387507739833740e-02
2.415383732386855797e+01 7.140542079784202578e-02
2.420383732386856224e+01 1.271311841090532746e-01
2.425383732386856650e+01 2.165182619691255750e-01
2.430383732386856366e+01 3.976812851733829146e-01
2.435383732386856082e+01 7.439802024612141018e-01
2.440383732386855797e+01 1.396141025623986565e+00
2.445383732386856224e+01 2.375576694110201892e+00
2.450383732386856650e+01 3.890292414854692460e+00
2.455383732386856366e+01 5.507034494147924342e+00
2.460383732386856082e+01 6.779041278506562129e+00
2.465383732386855797e+01 7.109790840170533421e+00
2.470383732386856224e+01 6.240764283404582002e+00
2.475383732386856650e+01 4.506924263435569955e+00
2.480383732386856366e+01 2.698334408190958378e+00
2.485383732386856082e+01 1.312574097634298109e+00
2.490383732386855797e+01 6.244499603470650140e-01
2.495383732386856224e+01 3.123335650591739787e-01
2.500383732386856650e+01 2.201667141266795968e-01
2.505383732386856366e+01 1.966255109196051176e-01
2.510383732386856082e+01 1.728237039869911507e-01
2.515383732386855797e+01 1.490653310086337002e-01
2.520383732386856224e+01 1.265231087494609330e-01
2.525383732386856650e+01 9.733549148902917447e-02
2.530383732386856366e+01 6.632364814982041890e-02
2.535383732386856082e+01 4.165316213207451157e-02
2.540383732386855797e+01 2.462705206348930753e-02
2.545383732386856224e+01 1.307362023123506689e-02
2.550383732386856650e+01 6.341357321462855190e-03
2.555383732386856366e+01 3.257546569244617642e-03
2.560383732386856082e+01 1.693924216007201139e-03
2.565383732386855797e+01 5.212074510791387619e-04
2.570383732386856224e+01 3.040376797961643501e-04
2.575383732386856650e+01 0.000000000000000000e+00
2.580383732386856366e+01 0.000000000000000000e+00
2.585383732386856082e+01 4.343395425659490812e-05
2.590383732386855797e+01 0.000000000000000000e+00
2.595383732386856224e+01 0.000000000000000000e+00
2.600383732386856650e+01 0.000000000000000000e+00
2.605383732386856366e+01 0.000000000000000000e+00
2.610383732386856082e+01 0.000000000000000000e+00
2.615383732386855797e+01 0.000000000000000000e+00
2.620383732386856224e+01 0.000000000000000000e+00
2.625383732386856650e+01 0.000000000000000000e+00
2.630383732386856366e+01 0.000000000000000000e+00
2.635383732386856082e+01 0.000000000000000000e+00
2.640383732386855797e+01 0.000000000000000000e+00
2.645383732386856224e+01 0.000000000000000000e+00
2.650383732386856650e+01 0.000000000000000000e+00
2.655383732386856366e+01 0.000000000000000000e+00
2.660383732386856082e+01 0.000000000000000000e+00
2.665383732386855797e+01 0.000000000000000000e+00
2.670383732386856224e+01 0.000000000000000000e+00
2.675383732386856650e+01 0.000000000000000000e+00
2.680383732386856366e+01 0.000000000000000000e+00
2.685383732386856082e+01 0.000000000000000000e+00
2.690383732386855797e+01 0.000000000000000000e+00
2.695383732386856224e+01 0.000000000000000000e+00
2.700383732386856650e+01 0.000000000000000000e+00
2.705383732386856366e+01 0.000000000000000000e+00
2.710383732386856082e+01 0.000000000000000000e+00
2.715383732386855797e+01 0.000000000000000000e+00
2.720383732386856224e+01 0.000000000000000000e+00
2.725383732386856650e+01 0.000000000000000000e+00
2.730383732386856366e+01 0.000000000000000000e+00
2.735383732386856082e+01 0.000000000000000000e+00
2.740383732386855797e+01 0.000000000000000000e+00
2.745383732386856224e+01 0.000000000000000000e+00
2.750383732386856650e+01 0.000000000000000000e+00
2.755383732386856366e+01 0.000000000000000000e+00
2.760383732386856082e+01 0.000000000000000000e+00
2.765383732386855797e+01 0.000000000000000000e+00
2.770383732386856224e+01 0.000000000000000000e+00
2.775383732386856650e+01 0.000000000000000000e+00
2.780383732386856366e+01 0.000000000000000000e+00
2.785383732386856082e+01 0.000000000000000000e+00
2.790383732386855797e+01 0.000000000000000000e+00
2.795383732386856224e+01 0.000000000000000000e+00
2.800383732386856650e+01 0.000000000000000000e+00
2.805383732386856366e+01 0.000000000000000000e+00
2.810383732386856082e+01 0.000000000000000000e+00
2.815383732386855797e+01 0.000000000000000000e+00
2.820383732386856224e+01 0.000000000000000000e+00
2.825383732386856650e+01 0.000000000000000000e+00
2.830383732386856366e+01 0.000000000000000000e+00
2.835383732386856082e+01 0.000000000000000000e+00
2.840383732386855797e+01 0.000000000000000000e+00
2.845383732386856224e+01 0.000000000000000000e+00
2.850383732386856650e+01 0.000000000000000000e+00
2.855383732386856366e+01 0.000000000000000000e+00
2.860383732386856082e+01 0.000000000000000000e+00
2.865383732386855797e+01 0.000000000000000000e+00
2.870383732386856224e+01 0.000000000000000000e+00
2.875383732386856650e+01 0.000000000000000000e+00
2.880383732386856366e+01 0.000000000000000000e+00
2.885383732386856082e+01 0.000000000000000000e+00
2.890383732386855797e+01 0.000000000000000000e+00
2.895383732386856224e+01 0.000000000000000000e+00
2.900383732386856650e+01 0.000000000000000000e+00
2.905383732386856366e+01 0.000000000000000000e+00
2.910383732386856082e+01 0.000000000000000000e+00
2.915383732386855797e+01 0.000000000000000000e+00
2.920383732386856224e+01 0.000000000000000000e+00
2.925383732386856650e+01 0.000000000000000000e+00
2.930383732386856366e+01 0.000000000000000000e+00
2.935383732386856082e+01 0.000000000000000000e+00
2.940383732386855797e+01 0.000000000000000000e+00
2.945383732386856224e+01 0.000000000000000000e+00
2.950383732386856650e+01 0.000000000000000000e+00
2.955383732386856366e+01 0.000000000000000000e+00
2.960383732386856082e+01 0.000000000000000000e+00
2.965383732386855797e+01 0.000000000000000000e+00
2.970383732386856224e+01 0.000000000000000000e+00
2.975383732386856650e+01 0.000000000000000000e+00
2.980383732386856366e+01 0.000000000000000000e+00
2.985383732386856082e+01 0.000000000000000000e+00
2.990383732386855797e+01 0.000000000000000000e+00
2.995383732386856224e+01 0.000000000000000000e+00
3.000383732386856650e+01 0.000000000000000000e+00
3.005383732386856366e+01 0.000000000000000000e+00
3.010383732386856082e+01 0.000000000000000000e+00
3.015383732386856508e+01 0.000000000000000000e+00
3.020383732386856224e+01 0.000000000000000000e+00
3.025383732386856650e+01 0.000000000000000000e+00
3.030383732386856366e+01 0.000000000000000000e+00
3.035383732386856082e+01 0.000000000000000000e+00
3.040383732386856508e+01 0.000000000000000000e+00
3.045383732386856224e+01 0.000000000000000000e+00
3.050383732386856650e+01 0.000000000000000000e+00
3.055383732386856366e+01 0.000000000000000000e+00
3.060383732386856082e+01 0.000000000000000000e+00
3.065383732386856508e+01 0.000000000000000000e+00
3.070383732386856224e+01 0.000000000000000000e+00
3.075383732386856650e+01 0.000000000000000000e+00
3.080383732386856366e+01 0.000000000000000000e+00
3.085383732386856082e+01 0.000000000000000000e+00
3.090383732386856508e+01 0.000000000000000000e+00
3.095383732386856224e+01 0.000000000000000000e+00
3.100383732386856650e+01 0.000000000000000000e+00
3.105383732386856366e+01 0.000000000000000000e+00
3.110383732386856082e+01 0.000000000000000000e+00
3.115383732386856508e+01 0.000000000000000000e+00
3.120383732386856224e+01 0.000000000000000000e+00
3.125383732386856650e+01 0.000000000000000000e+00
3.130383732386856366e+01 0.000000000000000000e+00
3.135383732386856082e+01 0.000000000000000000e+00
3.140383732386856508e+01 0.000000000000000000e+00
3.145383732386856224e+01 0.000000000000000000e+00
3.150383732386856650e+01 0.000000000000000000e+00
3.155383732386856366e+01 0.000000000000000000e+00
3.160383732386856082e+01 0.000000000000000000e+00
3.165383732386856508e+01 0.000000000000000000e+00
3.170383732386856224e+01 0.000000000000000000e+00
3.175383732386856650e+01 0.000000000000000000e+00
3.180383732386856366e+01 0.000000000000000000e+00
3.185383732386856082e+01 0.000000000000000000e+00
3.190383732386856508e+01 0.000000000000000000e+00
3.195383732386856224e+01 0.000000000000000000e+00
3.200383732386856650e+01 0.000000000000000000e+00
3.205383732386856366e+01 0.000000000000000000e+00
3.210383732386856082e+01 0.000000000000000000e+00
3.215383732386856508e+01 0.000000000000000000e+00
3.220383732386856224e+01 0.000000000000000000e+00
3.225383732386856650e+01 0.000000000000000000e+00
3.230383732386856366e+01 0.000000000000000000e+00
3.235383732386856082e+01 0.000000000000000000e+00
3.240383732386856508e+01 0.000000000000000000e+00
3.245383732386856224e+01 0.000000000000000000e+00
3.250383732386856650e+01 0.000000000000000000e+00
3.255383732386856366e+01 0.000000000000000000e+00
3.260383732386856082e+01 0.000000000000000000e+00
3.265383732386856508e+01 0.000000000000000000e+00
3.270383732386856224e+01 0.000000000000000000e+00
3.275383732386856650e+01 0.000000000000000000e+00
3.280383732386856366e+01 0.000000000000000000e+00
3.285383732386856082e+01 0.000000000000000000e+00
3.290383732386856508e+01 0.000000000000000000e+00
3.295383732386856224e+01 0.000000000000000000e+00
3.300383732386856650e+01 0.000000000000000000e+00
3.305383732386856366e+01 0.000000000000000000e+00
3.310383732386856082e+01 0.000000000000000000e+00
3.315383732386856508e+01 0.000000000000000000e+00
3.320383732386856224e+01 0.000000000000000000e+00
3.325383732386856650e+01 0.000000000000000000e+00
3.330383732386856366e+01 0.000000000000000000e+00
3.335383732386856082e+01 0.000000000000000000e+00
3.340383732386856508e+01 0.000000000000000000e+00
3.345383732386856224e+01 0.000000000000000000e+00
3.350383732386856650e+01 0.000000000000000000e+00
3.355383732386856366e+01 0.000000000000000000e+00
3.360383732386856082e+01 0.000000000000000000e+00
3.365383732386856508e+01 0.000000000000000000e+00
3.370383732386856224e+01 0.000000000000000000e+00
3.375383732386856650e+01 0.000000000000000000e+00
3.380383732386856366e+01 0.000000000000000000e+00
3.385383732386856082e+01 0.000000000000000000e+00
3.390383732386856508e+01 0.000000000000000000e+00
3.395383732386856224e+01 0.000000000000000000e+00
3.400383732386856650e+01 0.000000000000000000e+00
3.405383732386856366e+01 0.000000000000000000e+00
3.410383732386856082e+01 0.000000000000000000e+00
3.415383732386856508e+01 0.000000000000000000e+00
3.420383732386856224e+01 0.000000000000000000e+00
3.425383732386856650e+01 0.000000000000000000e+00
3.430383732386856366e+01 0.000000000000000000e+00
3.435383732386856082e+01 0.000000000000000000e+00
3.440383732386856508e+01 0.000000000000000000e+00
3.445383732386856224e+01 0.000000000000000000e+00
3.450383732386856650e+01 0.000000000000000000e+00
3.455383732386856366e+01 0.000000000000000000e+00
3.460383732386856082e+01 0.000000000000000000e+00
3.465383732386856508e+01 0.000000000000000000e+00
3.470383732386856224e+01 0.000000000000000000e+00
3.475383732386856650e+01 0.000000000000000000e+00
3.480383732386856366e+01 0.000000000000000000e+00
3.485383732386856082e+01 0.000000000000000000e+00
3.490383732386856508e+01 0.000000000000000000e+00
3.495383732386856224e+01 0.000000000000000000e+00
3.500383732386856650e+01 0.000000000000000000e+00
3.505383732386856366e+01 0.000000000000000000e+00
3.510383732386856082e+01 0.000000000000000000e+00
3.515383732386856508e+01 0.000000000000000000e+00
3.520383732386856224e+01 0.000000000000000000e+00
3.525383732386856650e+01 0.000000000000000000e+00
3.530383732386856366e+01 0.000000000000000000e+00
3.535383732386856082e+01 0.000000000000000000e+00
3.540383732386856508e+01 0.000000000000000000e+00
3.545383732386856224e+01 0.000000000000000000e+00
3.550383732386856650e+01 0.000000000000000000e+00
3.555383732386856366e+01 0.000000000000000000e+00
3.560383732386856082e+01 0.000000000000000000e+00
3.565383732386856508e+01 0.000000000000000000e+00
3.570383732386856224e+01 0.000000000000000000e+00
3.575383732386856650e+01 0.000000000000000000e+00
3.580383732386856366e+01 0.000000000000000000e+00
3.585383732386856082e+01 0.000000000000000000e+00
3.590383732386856508e+01 0.000000000000000000e+00
3.595383732386856224e+01 0.000000000000000000e+00
3.600383732386856650e+01 0.000000000000000000e+00
3.605383732386856366e+01 0.000000000000000000e+00
3.610383732386856082e+01 0.000000000000000000e+00
3.615383732386856508e+01 0.000000000000000000e+00
3.620383732386856224e+01 0.000000000000000000e+00
3.625383732386856650e+01 0.000000000000000000e+00
3.630383732386856366e+01 0.000000000000000000e+00
3.635383732386856082e+01 0.000000000000000000e+00
3.640383732386856508e+01 0.000000000000000000e+00
3.645383732386856224e+01 0.000000000000000000e+00
3.650383732386856650e+01 0.000000000000000000e+00
3.655383732386856366e+01 0.000000000000000000e+00
3.660383732386856082e+01 0.000000000000000000e+00
3.665383732386856508e+01 0.000000000000000000e+00
3.670383732386856224e+01 0.000000000000000000e+00
3.675383732386856650e+01 0.000000000000000000e+00
3.680383732386856366e+01 0.000000000000000000e+00
3.685383732386856082e+01 0.000000000000000000e+00
3.690383732386856508e+01 0.000000000000000000e+00
3.695383732386856224e+01 0.000000000000000000e+00
3.700383732386856650e+01 0.000000000000000000e+00
3.705383732386856366e+01 0.000000000000000000e+00
3.710383732386856082e+01 0.000000000000000000e+00
3.715383732386856508e+01 0.000000000000000000e+00
3.720383732386856224e+01 0.000000000000000000e+00
3.725383732386856650e+01 0.000000000000000000e+00
3.730383732386856366e+01 0.000000000000000000e+00
3.735383732386856082e+01 0.000000000000000000e+00
3.740383732386856508e+01 0.000000000000000000e+00
3.745383732386856224e+01 0.000000000000000000e+00
3.750383732386856650e+01 0.000000000000000000e+00
3.755383732386856366e+01 0.000000000000000000e+00
3.760383732386856082e+01 0.000000000000000000e+00
3.765383732386856508e+01 0.000000000000000000e+00
3.770383732386856224e+01 0.000000000000000000e+00
3.775383732386856650e+01 0.000000000000000000e+00
3.780383732386856366e+01 0.000000000000000000e+00
3.785383732386856082e+01 0.000000000000000000e+00
3.790383732386856508e+01 0.000000000000000000e+00
3.795383732386856224e+01 0.000000000000000000e+00
3.800383732386856650e+01 0.000000000000000000e+00
3.805383732386856366e+01 0.000000000000000000e+00
3.810383732386856082e+01 0.000000000000000000e+00
3.815383732386856508e+01 0.000000000000000000e+00
3.820383732386856224e+01 0.000000000000000000e+00
3.825383732386856650e+01 0.000000000000000000e+00
3.830383732386856366e+01 0.000000000000000000e+00
3.835383732386856082e+01 0.000000000000000000e+00
3.840383732386856508e+01 0.000000000000000000e+00
3.845383732386856224e+01 0.000000000000000000e+00
3.850383732386856650e+01 0.000000000000000000e+00
3.855383732386856366e+01 0.000000000000000000e+00
3.860383732386856082e+01 0.000000000000000000e+00
3.865383732386856508e+01 0.000000000000000000e+00
3.870383732386856224e+01 0.000000000000000000e+00
3.875383732386856650e+01 0.000000000000000000e+00
3.880383732386856366e+01 0.000000000000000000e+00
3.885383732386856082e+01 0.000000000000000000e+00
3.890383732386856508e+01 0.000000000000000000e+00
3.895383732386856224e+01 0.000000000000000000e+00
3.900383732386856650e+01 0.000000000000000000e+00
3.905383732386856366e+01 0.000000000000000000e+00
3.910383732386856082e+01 0.000000000000000000e+00
3.915383732386856508e+01 0.000000000000000000e+00
3.920383732386856224e+01 0.000000000000000000e+00
3.925383732386856650e+01 0.000000000000000000e+00
3.930383732386856366e+01 0.000000000000000000e+00
3.935383732386856082e+01 0.000000000000000000e+00
3.940383732386856508e+01 0.000000000000000000e+00
3.945383732386856224e+01 0.000000000000000000e+00
3.950383732386856650e+01 0.000000000000000000e+00
3.955383732386856366e+01 0.000000000000000000e+00
3.960383732386856082e+01 0.000000000000000000e+00
3.965383732386856508e+01 0.000000000000000000e+00
3.970383732386856224e+01 0.000000000000000000e+00
3.975383732386856650e+01 0.000000000000000000e+00
3.980383732386856366e+01 0.000000000000000000e+00
3.985383732386856082e+01 0.000000000000000000e+00
3.990383732386856508e+01 0.000000000000000000e+00
3.995383732386856224e+01 0.000000000000000000e+00
4.000383732386856650e+01 0.000000000000000000e+00
4.005383732386856366e+01 0.000000000000000000e+00
4.010383732386856082e+01 0.000000000000000000e+00
4.015383732386856508e+01 0.000000000000000000e+00
4.020383732386856224e+01 0.000000000000000000e+00
4.025383732386856650e+01 0.000000000000000000e+00
4.030383732386856366e+01 0.000000000000000000e+00
4.035383732386856082e+01 0.000000000000000000e+00
4.040383732386856508e+01 0.000000000000000000e+00
4.045383732386856224e+01 0.000000000000000000e+00
4.050383732386856650e+01 0.000000000000000000e+00
4.055383732386856366e+01 0.000000000000000000e+00
4.060383732386856082e+01 0.000000000000000000e+00
4.065383732386856508e+01 0.000000000000000000e+00
4.070383732386856224e+01 0.000000000000000000e+00
4.075383732386856650e+01 0.000000000000000000e+00
4.080383732386856366e+01 0.000000000000000000e+00
4.085383732386856082e+01 0.000000000000000000e+00
4.090383732386856508e+01 0.000000000000000000e+00
4.095383732386856224e+01 0.000000000000000000e+00
4.100383732386856650e+01 0.000000000000000000e+00
4.105383732386856366e+01 0.000000000000000000e+00
4.110383732386856082e+01 0.000000000000000000e+00
4.115383732386856508e+01 0.000000000000000000e+00
4.120383732386856224e+01 0.000000000000000000e+00
4.125383732386856650e+01 0.000000000000000000e+00
4.130383732386856366e+01 0.000000000000000000e+00
4.135383732386856082e+01 0.000000000000000000e+00
4.140383732386856508e+01 0.000000000000000000e+00
4.145383732386856224e+01 0.000000000000000000e+00
4.150383732386856650e+01 0.000000000000000000e+00
4.155383732386856366e+01 0.000000000000000000e+00
4.160383732386856082e+01 0.000000000000000000e+00
4.165383732386856508e+01 0.000000000000000000e+00
