-1.276693494539434859e+01 0.000000000000000000e+00
-1.271693494539434965e+01 0.000000000000000000e+00
-1.266693494539434894e+01 0.000000000000000000e+00
-1.261693494539434823e+01 0.000000000000000000e+00
-1.256693494539434930e+01 2.691792064219993656e-05
-1.251693494539434859e+01 0.000000000000000000e+00
-1.246693494539434965e+01 0.000000000000000000e+00
-1.241693494539434894e+01 0.000000000000000000e+00
-1.236693494539434823e+01 8.075376192659980629e-05
-1.231693494539434930e+01 2.691792064219993656e-05
-1.226693494539434859e+01 1.615075238531996126e-04
-1.221693494539434965e+01 2.691792064219993656e-05
-1.216693494539434894e+01 2.691792064219993656e-05
-1.211693494539434823e+01 0.000000000000000000e+00
-1.206693494539434930e+01 2.691792064219993656e-05
-1.201693494539434859e+01 0.000000000000000000e+00
-1.196693494539434965e+01 0.000000000000000000e+00
-1.191693494539434894e+01 0.000000000000000000e+00
-1.186693494539434823e+01 0.000000000000000000e+00
-1.181693494539434930e+01 0.000000000000000000e+00
-1.176693494539434859e+01 0.000000000000000000e+00
-1.171693494539434965e+01 0.000000000000000000e+00
-1.166693494539434894e+01 0.000000000000000000e+00
-1.161693494539434823e+01 0.000000000000000000e+00
-1.156693494539434930e+01 0.000000000000000000e+00
-1.151693494539434859e+01 0.000000000000000000e+00
-1.146693494539434965e+01 0.000000000000000000e+00
-1.141693494539434894e+01 0.000000000000000000e+00
-1.136693494539434823e+01 0.000000000000000000e+00
-1.131693494539434930e+01 0.000000000000000000e+00
-1.126693494539434859e+01 0.000000000000000000e+00
-1.121693494539434965e+01 0.000000000000000000e+00
-1.116693494539434894e+01 0.000000000000000000e+00
-1.111693494539434823e+01 0.000000000000000000e+00
-1.106693494539434930e+01 0.000000000000000000e+00
-1.101693494539434859e+01 0.000000000000000000e+00
-1.096693494539434965e+01 0.000000000000000000e+00
-1.091693494539434894e+01 0.000000000000000000e+00
-1.086693494539434823e+01 0.000000000000000000e+00
-1.081693494539434930e+01 0.000000000000000000e+00
-1.076693494539434859e+01 0.000000000000000000e+00
-1.071693494539434965e+01 0.000000000000000000e+00
-1.066693494539434894e+01 0.000000000000000000e+00
-1.061693494539434823e+01 0.000000000000000000e+00
-1.056693494539434930e+01 0.000000000000000000e+00
-1.051693494539434859e+01 0.000000000000000000e+00
-1.046693494539434965e+01 0.000000000000000000e+00
-1.041693494539434894e+01 0.000000000000000000e+00
-1.036693494539434823e+01 0.000000000000000000e+00
-1.031693494539434930e+01 0.000000000000000000e+00
-1.026693494539434859e+01 0.000000000000000000e+00
-1.021693494539434965e+01 0.000000000000000000e+00
-1.016693494539434894e+01 0.000000000000000000e+00
-1.011693494539434823e+01 0.000000000000000000e+00
-1.006693494539434930e+01 0.000000000000000000e+00
-1.001693494539434859e+01 0.000000000000000000e+00
-9.966934945394349654e+00 0.000000000000000000e+00
-9.916934945394348944e+00 0.000000000000000000e+00
-9.866934945394348233e+00 0.000000000000000000e+00
-9.816934945394349299e+00 0.000000000000000000e+00
-9.766934945394348588e+00 0.000000000000000000e+00
-9.716934945394349654e+00 0.000000000000000000e+00
-9.666934945394348944e+00 0.000000000000000000e+00
-9.616934945394348233e+00 0.000000000000000000e+00
-9.566934945394349299e+00 0.000000000000000000e+00
-9.516934945394348588e+00 0.000000000000000000e+00
-9.466934945394349654e+00 0.000000000000000000e+00
-9.416934945394348944e+00 0.000000000000000000e+00
-9.366934945394348233e+00 0.000000000000000000e+00
-9.316934945394349299e+00 0.000000000000000000e+00
-9.266934945394348588e+00 0.000000000000000000e+00
-9.216934945394349654e+00 0.000000000000000000e+00
-9.166934945394348944e+00 0.000000000000000000e+00
-9.116934945394348233e+00 0.000000000000000000e+00
-9.066934945394349299e+00 0.000000000000000000e+00
-9.016934945394348588e+00 0.000000000000000000e+00
-8.966934945394349654e+00 0.000000000000000000e+00
-8.916934945394348944e+00 0.000000000000000000e+00
-8.866934945394348233e+00 0.000000000000000000e+00
-8.816934945394349299e+00 0.000000000000000000e+00
-8.766934945394348588e+00 0.000000000000000000e+00
-8.716934945394349654e+00 0.000000000000000000e+00
-8.666934945394348944e+00 0.000000000000000000e+00
-8.616934945394348233e+00 0.000000000000000000e+00
-8.566934945394349299e+00 0.000000000000000000e+00
-8.516934945394348588e+00 0.000000000000000000e+00
-8.466934945394349654e+00 0.000000000000000000e+00
-8.416934945394348944e+00 0.000000000000000000e+00
-8.366934945394348233e+00 0.000000000000000000e+00
-8.316934945394349299e+00 0.000000000000000000e+00
-8.266934945394348588e+00 0.000000000000000000e+00
-8.216934945394349654e+00 0.000000000000000000e+00
-8.166934945394348944e+00 0.000000000000000000e+00
-8.116934945394348233e+00 0.000000000000000000e+00
-8.066934945394349299e+00 0.000000000000000000e+00
-8.016934945394348588e+00 0.000000000000000000e+00
-7.966934945394347878e+00 0.000000000000000000e+00
-7.916934945394348944e+00 0.000000000000000000e+00
-7.866934945394348233e+00 0.000000000000000000e+00
-7.816934945394349299e+00 0.000000000000000000e+00
-7.766934945394348588e+00 0.000000000000000000e+00
-7.716934945394347878e+00 0.000000000000000000e+00
-7.666934945394348944e+00 0.000000000000000000e+00
-7.616934945394348233e+00 0.000000000000000000e+00
-7.566934945394349299e+00 0.000000000000000000e+00
-7.516934945394348588e+00 0.000000000000000000e+00
-7.466934945394347878e+00 0.000000000000000000e+00
-7.416934945394348944e+00 0.000000000000000000e+00
-7.366934945394348233e+00 0.000000000000000000e+00
-7.316934945394349299e+00 0.000000000000000000e+00
-7.266934945394348588e+00 0.000000000000000000e+00
-7.216934945394347878e+00 0.000000000000000000e+00
-7.166934945394348944e+00 0.000000000000000000e+00
-7.116934945394348233e+00 0.000000000000000000e+00
-7.066934945394349299e+00 0.000000000000000000e+00
-7.016934945394348588e+00 0.000000000000000000e+00
-6.966934945394347878e+00 0.000000000000000000e+00
-6.916934945394348944e+00 0.000000000000000000e+00
-6.866934945394348233e+00 0.000000000000000000e+00
-6.816934945394349299e+00 0.000000000000000000e+00
-6.766934945394348588e+00 0.000000000000000000e+00
-6.716934945394347878e+00 0.000000000000000000e+00
-6.666934945394348944e+00 0.000000000000000000e+00
-6.616934945394348233e+00 0.000000000000000000e+00
-6.566934945394349299e+00 0.000000000000000000e+00
-6.516934945394348588e+00 0.000000000000000000e+00
-6.466934945394347878e+00 0.000000000000000000e+00
-6.416934945394348944e+00 0.000000000000000000e+00
-6.366934945394348233e+00 0.000000000000000000e+00
-6.316934945394349299e+00 0.000000000000000000e+00
-6.266934945394348588e+00 0.000000000000000000e+00
-6.216934945394347878e+00 0.000000000000000000e+00
-6.166934945394348944e+00 0.000000000000000000e+00
-6.116934945394348233e+00 0.000000000000000000e+00
-6.066934945394349299e+00 0.000000000000000000e+00
-6.016934945394348588e+00 0.000000000000000000e+00
-5.966934945394347878e+00 0.000000000000000000e+00
-5.916934945394348944e+00 0.000000000000000000e+00
-5.866934945394348233e+00 0.000000000000000000e+00
-5.816934945394349299e+00 0.000000000000000000e+00
-5.766934945394348588e+00 0.000000000000000000e+00
-5.716934945394347878e+00 0.000000000000000000e+00
-5.666934945394348944e+00 0.000000000000000000e+00
-5.616934945394348233e+00 0.000000000000000000e+00
-5.566934945394349299e+00 0.000000000000000000e+00
-5.516934945394348588e+00 0.000000000000000000e+00
-5.466934945394347878e+00 0.000000000000000000e+00
-5.416934945394348944e+00 0.000000000000000000e+00
-5.366934945394348233e+00 0.000000000000000000e+00
-5.316934945394349299e+00 0.000000000000000000e+00
-5.266934945394348588e+00 0.000000000000000000e+00
-5.216934945394347878e+00 0.000000000000000000e+00
-5.166934945394348944e+00 0.000000000000000000e+00
-5.116934945394348233e+00 0.000000000000000000e+00
-5.066934945394349299e+00 0.000000000000000000e+00
-5.016934945394348588e+00 0.000000000000000000e+00
-4.966934945394347878e+00 0.000000000000000000e+00
-4.916934945394348944e+00 0.000000000000000000e+00
-4.866934945394348233e+00 0.000000000000000000e+00
-4.816934945394349299e+00 0.000000000000000000e+00
-4.766934945394348588e+00 0.000000000000000000e+00
-4.716934945394349654e+00 0.000000000000000000e+00
-4.666934945394348944e+00 0.000000000000000000e+00
-4.616934945394348233e+00 0.000000000000000000e+00
-4.566934945394347523e+00 0.000000000000000000e+00
-4.516934945394348588e+00 0.000000000000000000e+00
-4.466934945394349654e+00 0.000000000000000000e+00
-4.416934945394348944e+00 0.000000000000000000e+00
-4.366934945394348233e+00 0.000000000000000000e+00
-4.316934945394347523e+00 0.000000000000000000e+00
-4.266934945394348588e+00 0.000000000000000000e+00
-4.216934945394349654e+00 0.000000000000000000e+00
-4.166934945394348944e+00 0.000000000000000000e+00
-4.116934945394348233e+00 0.000000000000000000e+00
-4.066934945394347523e+00 0.000000000000000000e+00
-4.016934945394348588e+00 0.000000000000000000e+00
-3.966934945394349654e+00 0.000000000000000000e+00
-3.916934945394348944e+00 0.000000000000000000e+00
-3.866934945394348233e+00 0.000000000000000000e+00
-3.816934945394347523e+00 0.000000000000000000e+00
-3.766934945394348588e+00 0.000000000000000000e+00
-3.716934945394349654e+00 0.000000000000000000e+00
-3.666934945394348944e+00 0.000000000000000000e+00
-3.616934945394348233e+00 0.000000000000000000e+00
-3.566934945394347523e+00 0.000000000000000000e+00
-3.516934945394348588e+00 0.000000000000000000e+00
-3.466934945394349654e+00 0.000000000000000000e+00
-3.416934945394348944e+00 0.000000000000000000e+00
-3.366934945394348233e+00 0.000000000000000000e+00
-3.316934945394347523e+00 0.000000000000000000e+00
-3.266934945394348588e+00 0.000000000000000000e+00
-3.216934945394347878e+00 0.000000000000000000e+00
-3.166934945394348944e+00 0.000000000000000000e+00
-3.116934945394348233e+00 0.000000000000000000e+00
-3.066934945394347523e+00 0.000000000000000000e+00
-3.016934945394348588e+00 0.000000000000000000e+00
-2.966934945394347878e+00 0.000000000000000000e+00
-2.916934945394348944e+00 0.000000000000000000e+00
-2.866934945394348233e+00 0.000000000000000000e+00
-2.816934945394347523e+00 0.000000000000000000e+00
-2.766934945394348588e+00 0.000000000000000000e+00
-2.716934945394347878e+00 0.000000000000000000e+00
-2.666934945394348944e+00 0.000000000000000000e+00
-2.616934945394348233e+00 0.000000000000000000e+00
-2.566934945394347523e+00 0.000000000000000000e+00
-2.516934945394348588e+00 0.000000000000000000e+00
-2.466934945394347878e+00 0.000000000000000000e+00
-2.416934945394348944e+00 0.000000000000000000e+00
-2.366934945394348233e+00 0.000000000000000000e+00
-2.316934945394347523e+00 0.000000000000000000e+00
-2.266934945394348588e+00 0.000000000000000000e+00
-2.216934945394347878e+00 0.000000000000000000e+00
-2.166934945394348944e+00 0.000000000000000000e+00
-2.116934945394348233e+00 0.000000000000000000e+00
-2.066934945394347523e+00 0.000000000000000000e+00
-2.016934945394348588e+00 0.000000000000000000e+00
-1.966934945394347878e+00 0.000000000000000000e+00
-1.916934945394348944e+00 0.000000000000000000e+00
-1.866934945394348233e+00 0.000000000000000000e+00
-1.816934945394347523e+00 0.000000000000000000e+00
-1.766934945394348588e+00 0.000000000000000000e+00
-1.716934945394347878e+00 0.000000000000000000e+00
-1.666934945394348944e+00 0.000000000000000000e+00
-1.616934945394348233e+00 0.000000000000000000e+00
-1.566934945394347523e+00 0.000000000000000000e+00
-1.516934945394348588e+00 0.000000000000000000e+00
-1.466934945394347878e+00 0.000000000000000000e+00
-1.416934945394348944e+00 0.000000000000000000e+00
-1.366934945394348233e+00 0.000000000000000000e+00
-1.316934945394347523e+00 0.000000000000000000e+00
-1.266934945394348588e+00 0.000000000000000000e+00
-1.216934945394347878e+00 0.000000000000000000e+00
-1.166934945394348944e+00 0.000000000000000000e+00
-1.116934945394348233e+00 0.000000000000000000e+00
-1.066934945394347523e+00 0.000000000000000000e+00
-1.016934945394348588e+00 0.000000000000000000e+00
-9.669349453943478778e-01 0.000000000000000000e+00
-9.169349453943489436e-01 0.000000000000000000e+00
-8.669349453943482331e-01 0.000000000000000000e+00
-8.169349453943475226e-01 0.000000000000000000e+00
-7.669349453943485884e-01 0.000000000000000000e+00
-7.169349453943478778e-01 0.000000000000000000e+00
-6.669349453943489436e-01 0.000000000000000000e+00
-6.169349453943482331e-01 0.000000000000000000e+00
-5.669349453943475226e-01 0.000000000000000000e+00
-5.169349453943485884e-01 0.000000000000000000e+00
-4.669349453943478778e-01 0.000000000000000000e+00
-4.169349453943489436e-01 0.000000000000000000e+00
-3.669349453943482331e-01 0.000000000000000000e+00
-3.169349453943475226e-01 0.000000000000000000e+00
-2.669349453943485884e-01 0.000000000000000000e+00
-2.169349453943478778e-01 0.000000000000000000e+00
-1.669349453943489436e-01 0.000000000000000000e+00
-1.169349453943482331e-01 0.000000000000000000e+00
-6.693494539434752255e-02 0.000000000000000000e+00
-1.693494539434858837e-02 0.000000000000000000e+00
3.306505460565212218e-02 0.000000000000000000e+00
8.306505460565105636e-02 0.000000000000000000e+00
1.330650546056517669e-01 0.000000000000000000e+00
1.830650546056524774e-01 0.000000000000000000e+00
2.330650546056514116e-01 0.000000000000000000e+00
2.830650546056521222e-01 2.691792064219993656e-05
3.330650546056510564e-01 0.000000000000000000e+00
3.830650546056517669e-01 0.000000000000000000e+00
4.330650546056524774e-01 0.000000000000000000e+00
4.830650546056514116e-01 0.000000000000000000e+00
5.330650546056521222e-01 0.000000000000000000e+00
5.830650546056510564e-01 2.691792064219993656e-05
6.330650546056517669e-01 1.615075238531996126e-04
6.830650546056524774e-01 2.153433651375994925e-04
7.330650546056514116e-01 2.422612857797993918e-04
7.830650546056521222e-01 1.103634746330197551e-03
8.330650546056510564e-01 2.368777016513594607e-03
8.830650546056517669e-01 4.764471953669389276e-03
9.330650546056524774e-01 9.771205193118574772e-03
9.830650546056514116e-01 1.881562652889775741e-02
1.033065054605652122e+00 3.604309573990571031e-02
1.083065054605651056e+00 6.627192062109624193e-02
1.133065054605651767e+00 1.158008946027441199e-01
1.183065054605652477e+00 2.022881736261325225e-01
1.233065054605651412e+00 3.452492501568563688e-01
1.283065054605652122e+00 6.556128751614216377e-01
1.333065054605651056e+00 1.053136727205430390e+00
1.383065054605651767e+00 1.671602871880616181e+00
1.433065054605652477e+00 2.427511919354874426e+00
1.483065054605651412e+00 3.191711686386931035e+00
1.533065054605652122e+00 3.946328673670364218e+00
1.583065054605651056e+00 4.314000551722172005e+00
1.633065054605651767e+00 4.329909042821713072e+00
1.683065054605652477e+00 3.996342170223571522e+00
1.733065054605651412e+00 3.403851818968108400e+00
1.783065054605652122e+00 2.681913187344306060e+00
1.833065054605651056e+00 1.967376983897108911e+00
1.883065054605651767e+00 1.379731858357241769e+00
1.933065054605652477e+00 8.943748312577349813e-01
1.983065054605651412e+00 6.124903662926173276e-01
2.033065054605652122e+00 4.098253417774939678e-01
2.083065054605651056e+00 2.812922707109893339e-01
2.133065054605651767e+00 2.024496811499857107e-01
2.183065054605652477e+00 1.691522133155844154e-01
2.233065054605651412e+00 1.416690163398982572e-01
2.283065054605652122e+00 1.421535389114578496e-01
2.333065054605651056e+00 1.521939233109984579e-01
2.383065054605651767e+00 1.698789971729237902e-01
2.433065054605652477e+00 1.784927317784277823e-01
2.483065054605651412e+00 1.991656948316373188e-01
2.533065054605652122e+00 1.975237016724631367e-01
2.583065054605651056e+00 2.001885758160409368e-01
2.633065054605651767e+00 1.862989287646657499e-01
2.683065054605652477e+00 1.696905717284283577e-01
2.733065054605651412e+00 1.527322817238424280e-01
2.783065054605652122e+00 1.374159848784306803e-01
2.833065054605651056e+00 1.228533898110004963e-01
2.883065054605651767e+00 1.213190683343950971e-01
2.933065054605652477e+00 1.139704759990745192e-01
2.983065054605651412e+00 1.174159698412761271e-01
3.033065054605652122e+00 1.177120669683403287e-01
3.083065054605651056e+00 1.262181298912755101e-01
3.133065054605651767e+00 1.193002242862301193e-01
3.183065054605652477e+00 1.226380464458629027e-01
3.233065054605649635e+00 1.494213774848518472e-01
3.283065054605653899e+00 1.521131695490718638e-01
3.333065054605651056e+00 2.123285580256731031e-01
3.383065054605651767e+00 2.912519013486032926e-01
3.433065054605652477e+00 4.424498615958403214e-01
3.483065054605649635e+00 5.703369025669322578e-01
3.533065054605653899e+00 8.153707341728781977e-01
3.583065054605651056e+00 1.078977931021942505e+00
3.633065054605651767e+00 1.326030606676053214e+00
3.683065054605652477e+00 1.531198997810901075e+00
3.733065054605649635e+00 1.771899044193452788e+00
3.783065054605653899e+00 1.937363502381055813e+00
3.833065054605651056e+00 2.117686652763153266e+00
3.883065054605651767e+00 2.188776881179203659e+00
3.933065054605652477e+00 2.353891406398457953e+00
3.983065054605649635e+00 2.401347700490656489e+00
4.033065054605653899e+00 2.398871251791573567e+00
4.083065054605651056e+00 2.327673351692955084e+00
4.133065054605651767e+00 2.282855013823692047e+00
4.183065054605652477e+00 2.140001608975536929e+00
4.233065054605649635e+00 1.955560016735183204e+00
4.283065054605653899e+00 1.839220763719594753e+00
4.333065054605651056e+00 1.619355187914105709e+00
4.383065054605651767e+00 1.483312016988427517e+00
4.433065054605652477e+00 1.370445175735683030e+00
4.483065054605649635e+00 1.233890564317802641e+00
4.533065054605653899e+00 1.131521712115516554e+00
4.583065054605651056e+00 1.088883725818271753e+00
4.633065054605651767e+00 1.082315753181575024e+00
4.683065054605652477e+00 1.058197296286163658e+00
4.733065054605649635e+00 1.042234969345339435e+00
4.783065054605653899e+00 1.090068114326528503e+00
4.833065054605651056e+00 1.065868903669190848e+00
4.883065054605651767e+00 1.026972508341212009e+00
4.933065054605652477e+00 1.065572806542126827e+00
4.983065054605649635e+00 1.071360159480199581e+00
5.033065054605653899e+00 1.095693959740748236e+00
5.083065054605651056e+00 1.098843356455885711e+00
5.133065054605651767e+00 1.038493378376073473e+00
5.183065054605652477e+00 1.029960397532496241e+00
5.233065054605649635e+00 9.985202662224067494e-01
5.283065054605653899e+00 9.994893113655257677e-01
5.333065054605651056e+00 9.731097491361697660e-01
5.383065054605651767e+00 9.223156328843385987e-01
5.433065054605652477e+00 9.219387819953477337e-01
5.483065054605649635e+00 9.060302908958075552e-01
5.533065054605653899e+00 8.776049666976444286e-01
5.583065054605651056e+00 8.403505645288398274e-01
5.633065054605651767e+00 8.502563593251694085e-01
5.683065054605652477e+00 8.279414031127856344e-01
5.733065054605649635e+00 8.155322416967314414e-01
5.783065054605653899e+00 7.636075727779276789e-01
5.833065054605651056e+00 7.548054127279282266e-01
5.883065054605651767e+00 7.176586822416924916e-01
5.933065054605652477e+00 7.256533046724258362e-01
5.983065054605649635e+00 7.275106411967375841e-01
6.033065054605653899e+00 7.298255823719669300e-01
6.083065054605651056e+00 7.407004223114156405e-01
6.133065054605651767e+00 7.124904414783900242e-01
6.183065054605652477e+00 7.489911418692132283e-01
6.233065054605649635e+00 7.232037738939856020e-01
6.283065054605653899e+00 7.707677396687528937e-01
6.333065054605651056e+00 7.965551076439805200e-01
6.383065054605655320e+00 7.585470036971941887e-01
6.433065054605652477e+00 7.834191623705868412e-01
6.483065054605649635e+00 8.167166302049881921e-01
6.533065054605653899e+00 8.335941664476476110e-01
6.583065054605651056e+00 8.525982184210407766e-01
6.633065054605655320e+00 8.298525754783818709e-01
6.683065054605652477e+00 8.467570296416835340e-01
6.733065054605649635e+00 8.855995891283778843e-01
6.783065054605653899e+00 9.282914112669069517e-01
6.833065054605651056e+00 9.126790172944310164e-01
6.883065054605655320e+00 9.849536342187379390e-01
6.933065054605652477e+00 9.897719420136916746e-01
6.983065054605649635e+00 1.019462408482038285e+00
7.033065054605653899e+00 1.041750446773779704e+00
7.083065054605651056e+00 1.075720862624236052e+00
7.133065054605655320e+00 1.144065463134781746e+00
7.183065054605652477e+00 1.184550015780650334e+00
7.233065054605649635e+00 1.197712878974686257e+00
7.283065054605653899e+00 1.253540646386608781e+00
7.333065054605651056e+00 1.308237861131559043e+00
7.383065054605655320e+00 1.311064242798989810e+00
7.433065054605652477e+00 1.333486870693942672e+00
7.483065054605649635e+00 1.318170573848530758e+00
7.533065054605653899e+00 1.327887943200364962e+00
7.583065054605651056e+00 1.354321341271005341e+00
7.633065054605655320e+00 1.347349599824675392e+00
7.683065054605652477e+00 1.325411494501282705e+00
7.733065054605649635e+00 1.290175936380642874e+00
7.783065054605653899e+00 1.307295733909081825e+00
7.833065054605651056e+00 1.264307814643488737e+00
7.883065054605655320e+00 1.269987495898992957e+00
7.933065054605652477e+00 1.259947111499452710e+00
7.983065054605649635e+00 1.179435610858632355e+00
8.033065054605653899e+00 1.158305043154505665e+00
8.083065054605651056e+00 1.136259266148543556e+00
8.133065054605655320e+00 1.139650924149461009e+00
8.183065054605652477e+00 1.099058699821023222e+00
8.233065054605649635e+00 1.115747810619187375e+00
8.283065054605653899e+00 1.061373610921943378e+00
8.333065054605651056e+00 1.060377647858182115e+00
8.383065054605655320e+00 1.055990026793503400e+00
8.433065054605652477e+00 1.023634686181579267e+00
8.483065054605649635e+00 1.020646796990294813e+00
8.533065054605653899e+00 9.847921266948845842e-01
8.583065054605651056e+00 9.926252416017649072e-01
8.633065054605655320e+00 9.853574030283707152e-01
8.683065054605652477e+00 9.255457833614024743e-01
8.733065054605649635e+00 9.209428189315864710e-01
8.783065054605653899e+00 9.224233045669073539e-01
8.833065054605651056e+00 9.034730884347986768e-01
8.883065054605655320e+00 9.212119981380084699e-01
8.933065054605652477e+00 8.998660870687438251e-01
8.983065054605649635e+00 9.324636889664479344e-01
9.033065054605653899e+00 8.971204591632393477e-01
9.083065054605651056e+00 8.885874783196621163e-01
9.133065054605655320e+00 8.661379325040673427e-01
9.183065054605652477e+00 8.645766931068198380e-01
9.233065054605649635e+00 8.848189694297541319e-01
9.283065054605653899e+00 8.937557190829645837e-01
9.333065054605651056e+00 9.336480774747047962e-01
9.383065054605655320e+00 9.121137409609447744e-01
9.433065054605652477e+00 9.353439064751633003e-01
9.483065054605649635e+00 8.976318996554412122e-01
9.533065054605653899e+00 9.457073059224103684e-01
9.583065054605651056e+00 9.489374563994743550e-01
9.633065054605655320e+00 9.535135029086482250e-01
9.683065054605652477e+00 9.187893852802103689e-01
9.733065054605649635e+00 9.797853934554354716e-01
9.783065054605653899e+00 9.949940186182782975e-01
9.833065054605651056e+00 1.017551236116442048e+00
9.883065054605655320e+00 1.059704699842127118e+00
9.933065054605652477e+00 9.766090788196558625e-01
9.983065054605649635e+00 1.039920028170109978e+00
1.003306505460565390e+01 1.032059995342587744e+00
1.008306505460565106e+01 1.058035788762310636e+00
1.013306505460565532e+01 1.052732958395797169e+00
1.018306505460565248e+01 1.084576858515519993e+00
1.023306505460564964e+01 1.059004833905429876e+00
1.028306505460565390e+01 1.078601080132951306e+00
1.033306505460565106e+01 1.038681803820568739e+00
1.038306505460565532e+01 1.047241702584788436e+00
1.043306505460565248e+01 1.068022337320566839e+00
1.048306505460564964e+01 1.064173074668732344e+00
1.053306505460565390e+01 1.078197311323318530e+00
1.058306505460565106e+01 1.070902554829282316e+00
1.063306505460565532e+01 1.066945620494878844e+00
1.068306505460565248e+01 1.072840645115520575e+00
1.073306505460564964e+01 1.059758535683411385e+00
1.078306505460565390e+01 1.051225554839834153e+00
1.083306505460565106e+01 1.073325167687080084e+00
1.088306505460565532e+01 1.053917346904053920e+00
1.093306505460565248e+01 1.056232288079283155e+00
1.098306505460564964e+01 1.077766624593043288e+00
1.103306505460565390e+01 1.085007545245795013e+00
1.108306505460565106e+01 1.070767965226071095e+00
1.113306505460565532e+01 1.061346693001301356e+00
1.118306505460565248e+01 1.074805653322401300e+00
1.123306505460564964e+01 1.081023692990749518e+00
1.128306505460565390e+01 1.069583576717814344e+00
1.133306505460565106e+01 1.070660293543502339e+00
1.138306505460565532e+01 1.084280761388455527e+00
1.143306505460565248e+01 1.083230962483409776e+00
1.148306505460564964e+01 1.040350714900385221e+00
1.153306505460565390e+01 1.061212103398090134e+00
1.158306505460565106e+01 1.039408587677908447e+00
1.163306505460565532e+01 1.022988656086166293e+00
1.168306505460565248e+01 1.068506859892126348e+00
1.173306505460564964e+01 1.048614516537540675e+00
1.178306505460565390e+01 1.062961768239833349e+00
1.183306505460565106e+01 1.033432809295339982e+00
1.188306505460565532e+01 1.010175725860479101e+00
1.193306505460565248e+01 1.036313026804055459e+00
1.198306505460564964e+01 9.903641362678200499e-01
1.203306505460565390e+01 1.052598368792586392e+00
1.208306505460565106e+01 1.028049225166900005e+00
1.213306505460565532e+01 1.018520281259561067e+00
1.218306505460565248e+01 9.793547067251602289e-01
1.223306505460564964e+01 1.018977885910478554e+00
1.228306505460565390e+01 1.005411253906809854e+00
1.233306505460565106e+01 1.009798874971488347e+00
1.238306505460565532e+01 1.051736995332035907e+00
1.243306505460565248e+01 9.923560623953429083e-01
1.248306505460564964e+01 9.916831143792879111e-01
1.253306505460565390e+01 9.913062634902970460e-01
1.258306505460565106e+01 9.814812224558941978e-01
1.263306505460565532e+01 1.022046528863689296e+00
1.268306505460565248e+01 1.021454334609561032e+00
1.273306505460564964e+01 9.999738339370854989e-01
1.278306505460565390e+01 1.006945575383415337e+00
1.283306505460565106e+01 1.006487970732497850e+00
1.288306505460565532e+01 1.039785438566899201e+00
1.293306505460565248e+01 9.906871513155264264e-01
1.298306505460564964e+01 1.020996729958643545e+00
1.303306505460565390e+01 9.974166314760763985e-01
1.308306505460565106e+01 9.689913072779132719e-01
1.313306505460565532e+01 9.920599652682786651e-01
1.318306505460565248e+01 1.035155556216440731e+00
1.323306505460564964e+01 1.002423364715525622e+00
1.328306505460565390e+01 1.047510881791210657e+00
1.333306505460565106e+01 1.053029055522861634e+00
1.338306505460565532e+01 1.048641434458182919e+00
1.343306505460565248e+01 1.048991367426531429e+00
1.348306505460564964e+01 1.038439542534789206e+00
1.353306505460565390e+01 1.067914665637997862e+00
1.358306505460565106e+01 1.069448987114603566e+00
1.363306505460565532e+01 1.037551251153596477e+00
1.368306505460565248e+01 1.054267279872402652e+00
1.373306505460564964e+01 1.042746409837541188e+00
1.378306505460565390e+01 1.017766579481579559e+00
1.383306505460565106e+01 1.025088253896258017e+00
1.388306505460565532e+01 1.042719491916898944e+00
1.393306505460565248e+01 1.059704699842127118e+00
1.398306505460564964e+01 1.026299560325157012e+00
1.403306505460565390e+01 1.086272687515978497e+00
1.408306505460565106e+01 1.016205340084332054e+00
1.413306505460565532e+01 1.051225554839834153e+00
1.418306505460565248e+01 1.054778720364604405e+00
1.423306505460564964e+01 1.029233613675156755e+00
1.428306505460565390e+01 1.021319745006350033e+00
1.433306505460565106e+01 1.001831170461397136e+00
1.438306505460565532e+01 1.020350699863230792e+00
1.443306505460565248e+01 9.915754426967191559e-01
1.448306505460564964e+01 1.058466475492585879e+00
1.453306505460565390e+01 9.875915904416733282e-01
1.458306505460565106e+01 1.027457030912771518e+00
1.463306505460565532e+01 1.011871554860937827e+00
1.468306505460565248e+01 1.020081520656808571e+00
1.473306505460564964e+01 1.045195940615981423e+00
1.478306505460565390e+01 1.038197281249009229e+00
1.483306505460565106e+01 1.046111149917816174e+00
1.488306505460565532e+01 1.035720832549926973e+00
1.493306505460565248e+01 1.005492007668736365e+00
1.498306505460564964e+01 1.031575472771028235e+00
1.503306505460565390e+01 1.050498770982494889e+00
1.508306505460565106e+01 1.030902524754973015e+00
1.513306505460565532e+01 1.028910598627450268e+00
1.518306505460565248e+01 1.086918717611391250e+00
1.523306505460564964e+01 1.060296894096255382e+00
1.528306505460565390e+01 1.050095002172861669e+00
1.533306505460565106e+01 1.061615872207723354e+00
1.538306505460565532e+01 1.031360129405890502e+00
1.543306505460565248e+01 1.014536429004515350e+00
1.548306505460564964e+01 1.041750446773779704e+00
1.553306505460565390e+01 1.007160918748552847e+00
1.558306505460565106e+01 1.055209407094879426e+00
1.563306505460565532e+01 1.032248420787083232e+00
1.568306505460565248e+01 9.928405849669025285e-01
1.573306505460564964e+01 1.000377602746718386e+00
1.578306505460565390e+01 1.009529695765066348e+00
1.583306505460565106e+01 9.981972511747001509e-01
1.588306505460565532e+01 1.003715424906351128e+00
1.593306505460565248e+01 1.022557969355891050e+00
1.598306505460564964e+01 1.003769260747635617e+00
1.603306505460565390e+01 1.017362810671946560e+00
1.608306505460565106e+01 9.933251075384619266e-01
1.613306505460565532e+01 1.016797534338460318e+00
1.618306505460565248e+01 9.990586246352506361e-01
1.623306505460564964e+01 9.995969830480945229e-01
1.628306505460565390e+01 1.008318389336167353e+00
1.633306505460565106e+01 1.072894480956805063e+00
1.638306505460565532e+01 1.020889058276074790e+00
1.643306505460565248e+01 1.007053247065984092e+00
1.648306505460564964e+01 1.045518955663687688e+00
1.653306505460565390e+01 1.071090980273777582e+00
1.658306505460565106e+01 1.052356107506806415e+00
1.663306505460565532e+01 1.049368218315522405e+00
1.668306505460565248e+01 1.017712743640295070e+00
1.673306505460564964e+01 1.019031721751762820e+00
1.678306505460565390e+01 1.030283412580202729e+00
1.683306505460565106e+01 1.033728906422404226e+00
1.688306505460565532e+01 1.009987300415983835e+00
1.693306505460565248e+01 1.069825838003594320e+00
1.698306505460564964e+01 1.049502807918733405e+00
1.703306505460565390e+01 1.047806978918274901e+00
1.708306505460565106e+01 1.068372270288915571e+00
1.713306505460565532e+01 1.096636086963225454e+00
1.718306505460565248e+01 1.066380344161392602e+00
1.723306505460564964e+01 1.059677781921484652e+00
1.728306505460565390e+01 1.052921383840292657e+00
1.733306505460565106e+01 1.036393780565981970e+00
1.738306505460565532e+01 1.052060010379742394e+00
1.743306505460565248e+01 1.059973879048549117e+00
1.748306505460564964e+01 1.040781401630660685e+00
1.753306505460565390e+01 1.046488000806806928e+00
1.758306505460565106e+01 1.027672374277909029e+00
1.763306505460565532e+01 1.097928147154051182e+00
1.768306505460565248e+01 1.056501467285705154e+00
1.773306505460564964e+01 1.078951013101300038e+00
1.778306505460565390e+01 1.067537814749007108e+00
1.783306505460565106e+01 1.059166341429282898e+00
1.788306505460565532e+01 1.062181148541209375e+00
1.793306505460565248e+01 1.051656241570109174e+00
1.798306505460564964e+01 1.080216155371483300e+00
1.803306505460565390e+01 1.061050595874236890e+00
1.808306505460565106e+01 1.073379003528364573e+00
1.813306505460565532e+01 1.035586242946715974e+00
1.818306505460565248e+01 1.009448942003139837e+00
1.823306505460564964e+01 1.017928087005432802e+00
1.828306505460565390e+01 1.023203999451304025e+00
1.833306505460565106e+01 1.027968471404973494e+00
1.838306505460565532e+01 1.017308974830662072e+00
1.843306505460565248e+01 1.008372225177451842e+00
1.848306505460564964e+01 1.041992708059559458e+00
1.853306505460565390e+01 1.013755809305891598e+00
1.858306505460565106e+01 1.001023632842131139e+00
1.863306505460565532e+01 1.007753113002681111e+00
1.868306505460565248e+01 1.009583531606350837e+00
1.873306505460564964e+01 9.993008859210305017e-01
1.878306505460565390e+01 9.672685603568125234e-01
1.883306505460565106e+01 1.025734283991670770e+00
1.888306505460565532e+01 9.895835165691962976e-01
1.893306505460565248e+01 9.415888640641536522e-01
1.898306505460564964e+01 1.000458356508644897e+00
1.903306505460565390e+01 9.521676068765383416e-01
1.908306505460565106e+01 1.003580835303140351e+00
1.913306505460565532e+01 9.739172867554358737e-01
1.918306505460565248e+01 9.779280569311235016e-01
1.923306505460565674e+01 9.544556301311252211e-01
1.928306505460565390e+01 9.750209215017662245e-01
1.933306505460565106e+01 9.819926629480958402e-01
1.938306505460564821e+01 1.004226865398552881e+00
1.943306505460565248e+01 9.823156779958022167e-01
1.948306505460565674e+01 1.013136697131121089e+00
1.953306505460565390e+01 9.757746232797476216e-01
1.958306505460565106e+01 1.008345307256809598e+00
1.963306505460564821e+01 1.028103061008184493e+00
1.968306505460565248e+01 1.031467801088459257e+00
1.973306505460565674e+01 1.046245739521027396e+00
1.978306505460565390e+01 1.022557969355891050e+00
1.983306505460565106e+01 1.030767935151762238e+00
1.988306505460564821e+01 1.066514933764603823e+00
1.993306505460565248e+01 1.048156911886623188e+00
1.998306505460565674e+01 1.082638768229281512e+00
2.003306505460565390e+01 1.124899903637535337e+00
2.008306505460565106e+01 1.083527059610474019e+00
2.013306505460564821e+01 1.118681863969186896e+00
2.018306505460565248e+01 1.114428832507719624e+00
2.023306505460565674e+01 1.143284843436157772e+00
2.028306505460565390e+01 1.093728951533867955e+00
2.033306505460565106e+01 1.160108543837532924e+00
2.038306505460564821e+01 1.161938962441202428e+00
2.043306505460565248e+01 1.136851460402672043e+00
2.048306505460565674e+01 1.156151609503129452e+00
2.053306505460565390e+01 1.164173149854505152e+00
2.058306505460565106e+01 1.121669753160471128e+00
2.063306505460564821e+01 1.152194675168725979e+00
2.068306505460565248e+01 1.119058714858178094e+00
2.073306505460565674e+01 1.160054707996248435e+00
2.078306505460565390e+01 1.101265969313683701e+00
2.083306505460565106e+01 1.132302331814140306e+00
2.088306505460564821e+01 1.132598428941204549e+00
2.093306505460565248e+01 1.076447646481575537e+00
2.098306505460565674e+01 1.075828534306804585e+00
2.103306505460565390e+01 1.095370944693041970e+00
2.108306505460565106e+01 1.051306308601760886e+00
2.113306505460564821e+01 1.074778735401759056e+00
2.118306505460565248e+01 1.075397847576529564e+00
2.123306505460565674e+01 1.035505489184789463e+00
2.128306505460565390e+01 9.900949570613979400e-01
2.133306505460565106e+01 9.999738339370854989e-01
2.138306505460564821e+01 9.934058613003886595e-01
2.143306505460565248e+01 9.709293975641517527e-01
2.148306505460565674e+01 9.574166014017672088e-01
2.153306505460565390e+01 9.520060993526850979e-01
2.158306505460565106e+01 9.556131007187398385e-01
2.163306505460564821e+01 9.562860487347950578e-01
2.168306505460565248e+01 8.997584153861750700e-01
2.173306505460565674e+01 9.251150966311273427e-01
2.178306505460565390e+01 9.286413442352556835e-01
2.183306505460565106e+01 9.276992170127785764e-01
2.188306505460564821e+01 8.974973100522301017e-01
2.193306505460565248e+01 9.178741759783755061e-01
2.198306505460565674e+01 9.249535891072740990e-01
2.203306505460565390e+01 9.403775576352546572e-01
2.208306505460565106e+01 9.197584304233296093e-01
2.213306505460564821e+01 9.285875083939711949e-01
2.218306505460565248e+01 9.466225152242451202e-01
2.223306505460565674e+01 9.318176588710352926e-01
2.228306505460565390e+01 9.346171226178240365e-01
2.233306505460565106e+01 9.550478243852535964e-01
2.238306505460564821e+01 9.421810583182821386e-01
2.243306505460565248e+01 9.282375754256224631e-01
2.248306505460565674e+01 9.717369351834177493e-01
2.253306505460565390e+01 9.163398545017702457e-01
2.258306505460565106e+01 9.371743250788331370e-01
2.263306505460564821e+01 9.292066205687417035e-01
2.268306505460565248e+01 9.608890131646110611e-01
2.273306505460565674e+01 9.464879256210341207e-01
2.278306505460565390e+01 9.415350282228693857e-01
2.283306505460565106e+01 9.470801198751626071e-01
2.288306505460564821e+01 9.437153797948873990e-01
2.293306505460565248e+01 9.570397505127765658e-01
2.298306505460565674e+01 9.678069187696565212e-01
2.303306505460565390e+01 9.641191636416751587e-01
2.308306505460565106e+01 9.803775877095638469e-01
2.313306505460564821e+01 1.018654870862772066e+00
2.318306505460565248e+01 1.044657582203137203e+00
2.323306505460565674e+01 1.034751787406807733e+00
2.328306505460565390e+01 1.060081550731117650e+00
2.333306505460565106e+01 1.056797564412769619e+00
2.338306505460564821e+01 1.102315768218729453e+00
2.343306505460565248e+01 1.094025048660931976e+00
2.348306505460565674e+01 1.137982013069644527e+00
2.353306505460565390e+01 1.177066833842118854e+00
2.358306505460565106e+01 1.182073567081567855e+00
2.363306505460564821e+01 1.191333331782484795e+00
2.368306505460565248e+01 1.264469322167341758e+00
2.373306505460565674e+01 1.266649673739359994e+00
2.378306505460565390e+01 1.267860980168259433e+00
2.383306505460565106e+01 1.312625482196237314e+00
2.388306505460564821e+01 1.351333452079721331e+00
2.393306505460565248e+01 1.388991623058158931e+00
2.398306505460565674e+01 1.366622831004490557e+00
2.403306505460565390e+01 1.373029296117334264e+00
2.408306505460565106e+01 1.344227121030180383e+00
2.413306505460564821e+01 1.385142360406324213e+00
2.418306505460565248e+01 1.309772182608164526e+00
2.423306505460565674e+01 1.385169278326966458e+00
2.428306505460565390e+01 1.327995614882933939e+00
2.433306505460565106e+01 1.300297074542109854e+00
2.438306505460564821e+01 1.247618703845324806e+00
2.443306505460565248e+01 1.203338724388905767e+00
2.448306505460565674e+01 1.151117958343037984e+00
2.453306505460565390e+01 1.162288895409550937e+00
2.458306505460565106e+01 1.094859504200839995e+00
2.463306505460564821e+01 1.025868873594881991e+00
2.468306505460565248e+01 1.055693929666439379e+00
2.473306505460565674e+01 9.608620952439689278e-01
2.478306505460565390e+01 9.335404057921360410e-01
2.483306505460565106e+01 9.232308421861733505e-01
2.488306505460564821e+01 8.730020022678282032e-01
2.493306505460565248e+01 8.546439803898480125e-01
2.498306505460565674e+01 8.425039981802158184e-01
2.503306505460565390e+01 8.181432799990249194e-01
2.508306505460565106e+01 7.875376042288435574e-01
2.513306505460564821e+01 7.877260296733389344e-01
2.518306505460565248e+01 7.866493128476508279e-01
2.523306505460565674e+01 7.588700187449004542e-01
2.528306505460565390e+01 7.540517109499468296e-01
2.533306505460565106e+01 7.215617807348115864e-01
2.538306505460564821e+01 7.517367697747177058e-01
2.543306505460565248e+01 7.196506083692153499e-01
2.548306505460565674e+01 7.352899202623335295e-01
2.553306505460565390e+01 7.123289339545367804e-01
2.558306505460565106e+01 6.950207109816022299e-01
2.563306505460565532e+01 7.234729531004076009e-01
2.568306505460565248e+01 7.262993347678387002e-01
2.573306505460565674e+01 7.134325687008670203e-01
2.578306505460565390e+01 7.583854961733410560e-01
2.583306505460565106e+01 7.150476439393991246e-01
2.588306505460565532e+01 7.817233333701284481e-01
2.593306505460565248e+01 7.595160488403134291e-01
2.598306505460565674e+01 7.901486425311368134e-01
2.603306505460565390e+01 8.039844537412277337e-01
2.608306505460565106e+01 8.460840816256285368e-01
2.613306505460565532e+01 8.619656548045262490e-01
2.618306505460565248e+01 8.838230063659926472e-01
2.623306505460565674e+01 9.367167204279156500e-01
2.628306505460565390e+01 9.872685753939670628e-01
2.633306505460565106e+01 9.965821759361681575e-01
2.638306505460565532e+01 1.015666981671487834e+00
2.643306505460565248e+01 1.038520296296715717e+00
2.648306505460565674e+01 1.035505489184789463e+00
2.653306505460565390e+01 1.042342641027908190e+00
2.658306505460565106e+01 1.109933539760472376e+00
2.663306505460565532e+01 1.064307664271943343e+00
2.668306505460565248e+01 1.053109809284787923e+00
2.673306505460565674e+01 1.080646842101758320e+00
2.678306505460565390e+01 1.081858148530657537e+00
2.683306505460565106e+01 1.104469201870105666e+00
2.688306505460565532e+01 1.054051936507265141e+00
2.693306505460565248e+01 1.021185155403139033e+00
2.698306505460565674e+01 1.071925435813685823e+00
2.703306505460565390e+01 1.086676456325611273e+00
2.708306505460565106e+01 1.066461097923319334e+00
2.713306505460565532e+01 1.084146171785244528e+00
2.718306505460565248e+01 1.167537889934779916e+00
2.723306505460565674e+01 1.229772122459546146e+00
2.728306505460565390e+01 1.373863751657242727e+00
2.733306505460565106e+01 1.506299921216866178e+00
2.738306505460565532e+01 1.642719943031535346e+00
2.743306505460565248e+01 1.747053803440702380e+00
2.748306505460565674e+01 1.947134707574174506e+00
2.753306505460565390e+01 2.140943736198014147e+00
2.758306505460565106e+01 2.258709639007639325e+00
2.763306505460565532e+01 2.316852347594790640e+00
2.768306505460565248e+01 2.396744736060839820e+00
2.773306505460565674e+01 2.374187518562676402e+00
2.778306505460565390e+01 2.329584524058551320e+00
2.783306505460565106e+01 2.242208953653970660e+00
2.788306505460565532e+01 2.121482079573703938e+00
2.793306505460565248e+01 1.961320451752613936e+00
2.798306505460565674e+01 1.794806194659964937e+00
2.803306505460565390e+01 1.541535479337505787e+00
2.808306505460565106e+01 1.267484129279268235e+00
2.813306505460565532e+01 1.023688522022863534e+00
2.818306505460565248e+01 8.057341185829707264e-01
2.823306505460565674e+01 5.912252089852794157e-01
2.828306505460565390e+01 4.482102966132711641e-01
2.833306505460565106e+01 3.121671256875926947e-01
2.838306505460565532e+01 2.252491599339290496e-01
2.843306505460565248e+01 1.898251763687939242e-01
2.848306505460565674e+01 1.566622981376036283e-01
2.853306505460565390e+01 1.313056168926512723e-01
2.858306505460565106e+01 1.240377783192572886e-01
2.863306505460565532e+01 1.291521832412753090e-01
2.868306505460565248e+01 1.286407427490735000e-01
2.873306505460565674e+01 1.314402064958622995e-01
2.878306505460565390e+01 1.293406086857707138e-01
2.883306505460565106e+01 1.251144951449453258e-01
2.888306505460565532e+01 1.317093857022842984e-01
2.893306505460565248e+01 1.459489657220080505e-01
2.898306505460565674e+01 1.483446606591638517e-01
2.903306505460565390e+01 1.750472379362261466e-01
2.908306505460565106e+01 1.857874882724639409e-01
2.913306505460565532e+01 2.074025785481505013e-01
2.918306505460565248e+01 2.016959793720041194e-01
2.923306505460565674e+01 1.923285429885185360e-01
2.928306505460565390e+01 1.791925977151249683e-01
2.933306505460565106e+01 1.714940724114557835e-01
2.938306505460565532e+01 1.499059000564114674e-01
2.943306505460565248e+01 1.663527495687956437e-01
2.948306505460565674e+01 1.698251613316394126e-01
2.953306505460565390e+01 1.798117098898955879e-01
2.958306505460565106e+01 2.403770313348453924e-01
2.963306505460565532e+01 3.359087316940129742e-01
2.968306505460565248e+01 4.588697931875823643e-01
2.973306505460565674e+01 6.955859873150884720e-01
2.978306505460565390e+01 1.009502777844424104e+00
2.983306505460565106e+01 1.452275654487970913e+00
2.988306505460565532e+01 1.989207417537932843e+00
2.993306505460565248e+01 2.681213321407609040e+00
2.998306505460565674e+01 3.390581284091504166e+00
3.003306505460565390e+01 3.900406701054770497e+00
3.008306505460565106e+01 4.147567048391450406e+00
3.013306505460565532e+01 4.057122835033658781e+00
3.018306505460565248e+01 3.641106371508459283e+00
3.023306505460565674e+01 2.997445053112173685e+00
3.028306505460565390e+01 2.270203591121858100e+00
3.033306505460565106e+01 1.557955410929247941e+00
3.038306505460565532e+01 9.815619762178205976e-01
3.043306505460565248e+01 5.957205017325267749e-01
3.048306505460565674e+01 3.151550148788768158e-01
3.053306505460565390e+01 1.878870860825555544e-01
3.058306505460565106e+01 1.116286169032031234e-01
3.063306505460565532e+01 5.986545550825266016e-02
3.068306505460565248e+01 3.399733377109851601e-02
3.073306505460565674e+01 1.819651435412715512e-02
3.078306505460565390e+01 9.367436383485576445e-03
3.083306505460565106e+01 3.956934334403390020e-03
3.088306505460565532e+01 1.938090286238395134e-03
3.093306505460565248e+01 7.806196986237980010e-04
3.098306505460565674e+01 5.383584128439987447e-04
3.103306505460565390e+01 1.884254444953995661e-04
3.108306505460565106e+01 2.691792064219993656e-05
3.113306505460565532e+01 0.000000000000000000e+00
3.118306505460565248e+01 0.000000000000000000e+00
3.123306505460565674e+01 0.000000000000000000e+00
3.128306505460565390e+01 0.000000000000000000e+00
3.133306505460565106e+01 2.691792064219993656e-05
3.138306505460565532e+01 0.000000000000000000e+00
3.143306505460565248e+01 0.000000000000000000e+00
3.148306505460565674e+01 0.000000000000000000e+00
3.153306505460565390e+01 0.000000000000000000e+00
3.158306505460565106e+01 0.000000000000000000e+00
3.163306505460565532e+01 0.000000000000000000e+00
3.168306505460565248e+01 0.000000000000000000e+00
3.173306505460565674e+01 0.000000000000000000e+00
3.178306505460565390e+01 0.000000000000000000e+00
3.183306505460565106e+01 0.000000000000000000e+00
3.188306505460565532e+01 0.000000000000000000e+00
3.193306505460565248e+01 0.000000000000000000e+00
3.198306505460565674e+01 0.000000000000000000e+00
3.203306505460565745e+01 0.000000000000000000e+00
3.208306505460565461e+01 0.000000000000000000e+00
3.213306505460565177e+01 0.000000000000000000e+00
3.218306505460564892e+01 0.000000000000000000e+00
3.223306505460566029e+01 0.000000000000000000e+00
3.228306505460565745e+01 0.000000000000000000e+00
3.233306505460565461e+01 0.000000000000000000e+00
3.238306505460565177e+01 0.000000000000000000e+00
3.243306505460564892e+01 0.000000000000000000e+00
3.248306505460566029e+01 0.000000000000000000e+00
3.253306505460565745e+01 0.000000000000000000e+00
3.258306505460565461e+01 0.000000000000000000e+00
3.263306505460565177e+01 0.000000000000000000e+00
3.268306505460564892e+01 0.000000000000000000e+00
3.273306505460566029e+01 0.000000000000000000e+00
3.278306505460565745e+01 0.000000000000000000e+00
3.283306505460565461e+01 0.000000000000000000e+00
3.288306505460565177e+01 0.000000000000000000e+00
3.293306505460564892e+01 0.000000000000000000e+00
3.298306505460566029e+01 0.000000000000000000e+00
3.303306505460565745e+01 0.000000000000000000e+00
3.308306505460565461e+01 0.000000000000000000e+00
3.313306505460565177e+01 0.000000000000000000e+00
3.318306505460564892e+01 0.000000000000000000e+00
3.323306505460566029e+01 0.000000000000000000e+00
3.328306505460565745e+01 0.000000000000000000e+00
3.333306505460565461e+01 0.000000000000000000e+00
3.338306505460565177e+01 0.000000000000000000e+00
3.343306505460564892e+01 0.000000000000000000e+00
3.348306505460566029e+01 0.000000000000000000e+00
3.353306505460565745e+01 0.000000000000000000e+00
3.358306505460565461e+01 0.000000000000000000e+00
3.363306505460565177e+01 0.000000000000000000e+00
3.368306505460564892e+01 0.000000000000000000e+00
3.373306505460566029e+01 0.000000000000000000e+00
3.378306505460565745e+01 0.000000000000000000e+00
3.383306505460565461e+01 0.000000000000000000e+00
3.388306505460565177e+01 0.000000000000000000e+00
3.393306505460564892e+01 0.000000000000000000e+00
3.398306505460566029e+01 0.000000000000000000e+00
3.403306505460565745e+01 0.000000000000000000e+00
3.408306505460565461e+01 0.000000000000000000e+00
3.413306505460565177e+01 0.000000000000000000e+00
3.418306505460564892e+01 0.000000000000000000e+00
3.423306505460566029e+01 0.000000000000000000e+00
3.428306505460565745e+01 0.000000000000000000e+00
3.433306505460565461e+01 0.000000000000000000e+00
3.438306505460565177e+01 0.000000000000000000e+00
3.443306505460564892e+01 0.000000000000000000e+00
3.448306505460566029e+01 0.000000000000000000e+00
3.453306505460565745e+01 0.000000000000000000e+00
3.458306505460565461e+01 0.000000000000000000e+00
3.463306505460565177e+01 0.000000000000000000e+00
3.468306505460564892e+01 0.000000000000000000e+00
3.473306505460566029e+01 0.000000000000000000e+00
3.478306505460565745e+01 0.000000000000000000e+00
3.483306505460565461e+01 0.000000000000000000e+00
3.488306505460565177e+01 0.000000000000000000e+00
3.493306505460564892e+01 0.000000000000000000e+00
3.498306505460566029e+01 0.000000000000000000e+00
3.503306505460565745e+01 0.000000000000000000e+00
3.508306505460565461e+01 0.000000000000000000e+00
3.513306505460565177e+01 0.000000000000000000e+00
3.518306505460564892e+01 0.000000000000000000e+00
3.523306505460566029e+01 0.000000000000000000e+00
3.528306505460565745e+01 0.000000000000000000e+00
3.533306505460565461e+01 0.000000000000000000e+00
3.538306505460565177e+01 0.000000000000000000e+00
3.543306505460564892e+01 0.000000000000000000e+00
3.548306505460566029e+01 0.000000000000000000e+00
3.553306505460565745e+01 0.000000000000000000e+00
3.558306505460565461e+01 0.000000000000000000e+00
3.563306505460565177e+01 0.000000000000000000e+00
3.568306505460564892e+01 0.000000000000000000e+00
3.573306505460566029e+01 0.000000000000000000e+00
3.578306505460565745e+01 0.000000000000000000e+00
3.583306505460565461e+01 0.000000000000000000e+00
3.588306505460565177e+01 0.000000000000000000e+00
3.593306505460564892e+01 0.000000000000000000e+00
3.598306505460566029e+01 0.000000000000000000e+00
3.603306505460565745e+01 0.000000000000000000e+00
3.608306505460565461e+01 0.000000000000000000e+00
3.613306505460565177e+01 0.000000000000000000e+00
3.618306505460564892e+01 0.000000000000000000e+00
3.623306505460566029e+01 0.000000000000000000e+00
3.628306505460565745e+01 0.000000000000000000e+00
3.633306505460565461e+01 0.000000000000000000e+00
3.638306505460565177e+01 0.000000000000000000e+00
3.643306505460564892e+01 0.000000000000000000e+00
3.648306505460566029e+01 0.000000000000000000e+00
3.653306505460565745e+01 0.000000000000000000e+00
3.658306505460565461e+01 0.000000000000000000e+00
3.663306505460565177e+01 0.000000000000000000e+00
3.668306505460564892e+01 0.000000000000000000e+00
3.673306505460566029e+01 0.000000000000000000e+00
3.678306505460565745e+01 0.000000000000000000e+00
3.683306505460565461e+01 0.000000000000000000e+00
3.688306505460565177e+01 0.000000000000000000e+00
3.693306505460564892e+01 0.000000000000000000e+00
3.698306505460566029e+01 0.000000000000000000e+00
3.703306505460565745e+01 0.000000000000000000e+00
3.708306505460565461e+01 0.000000000000000000e+00
3.713306505460565177e+01 0.000000000000000000e+00
