-8.248471551428190551e+00 1.737531888708978049e-04
-8.198471551428191617e+00 0.000000000000000000e+00
-8.148471551428190907e+00 2.171914860886222561e-05
-8.098471551428190196e+00 4.343829721772445122e-05
-8.048471551428191262e+00 4.343829721772445122e-05
-7.998471551428190551e+00 2.171914860886222561e-05
-7.948471551428190729e+00 0.000000000000000000e+00
-7.898471551428190907e+00 0.000000000000000000e+00
-7.848471551428191084e+00 0.000000000000000000e+00
-7.798471551428191262e+00 0.000000000000000000e+00
-7.748471551428190551e+00 0.000000000000000000e+00
-7.698471551428190729e+00 0.000000000000000000e+00
-7.648471551428190907e+00 0.000000000000000000e+00
-7.598471551428191084e+00 2.171914860886222561e-05
-7.548471551428191262e+00 0.000000000000000000e+00
-7.498471551428190551e+00 0.000000000000000000e+00
-7.448471551428190729e+00 0.000000000000000000e+00
-7.398471551428190907e+00 0.000000000000000000e+00
-7.348471551428191084e+00 0.000000000000000000e+00
-7.298471551428191262e+00 0.000000000000000000e+00
-7.248471551428190551e+00 0.000000000000000000e+00
-7.198471551428190729e+00 0.000000000000000000e+00
-7.148471551428190907e+00 0.000000000000000000e+00
-7.098471551428190196e+00 0.000000000000000000e+00
-7.048471551428191262e+00 0.000000000000000000e+00
-6.998471551428190551e+00 0.000000000000000000e+00
-6.948471551428190729e+00 0.000000000000000000e+00
-6.898471551428190907e+00 0.000000000000000000e+00
-6.848471551428190196e+00 0.000000000000000000e+00
-6.798471551428191262e+00 0.000000000000000000e+00
-6.748471551428190551e+00 0.000000000000000000e+00
-6.698471551428190729e+00 0.000000000000000000e+00
-6.648471551428190907e+00 0.000000000000000000e+00
-6.598471551428190196e+00 0.000000000000000000e+00
-6.548471551428191262e+00 0.000000000000000000e+00
-6.498471551428190551e+00 0.000000000000000000e+00
-6.448471551428190729e+00 0.000000000000000000e+00
-6.398471551428190907e+00 0.000000000000000000e+00
-6.348471551428190196e+00 0.000000000000000000e+00
-6.298471551428191262e+00 0.000000000000000000e+00
-6.248471551428190551e+00 0.000000000000000000e+00
-6.198471551428190729e+00 0.000000000000000000e+00
-6.148471551428190907e+00 0.000000000000000000e+00
-6.098471551428191084e+00 0.000000000000000000e+00
-6.048471551428191262e+00 0.000000000000000000e+00
-5.998471551428190551e+00 0.000000000000000000e+00
-5.948471551428190729e+00 0.000000000000000000e+00
-5.898471551428190907e+00 0.000000000000000000e+00
-5.848471551428190196e+00 0.000000000000000000e+00
-5.798471551428191262e+00 0.000000000000000000e+00
-5.748471551428190551e+00 0.000000000000000000e+00
-5.698471551428190729e+00 0.000000000000000000e+00
-5.648471551428190907e+00 0.000000000000000000e+00
-5.598471551428190196e+00 0.000000000000000000e+00
-5.548471551428191262e+00 0.000000000000000000e+00
-5.498471551428190551e+00 0.000000000000000000e+00
-5.448471551428190729e+00 0.000000000000000000e+00
-5.398471551428190907e+00 0.000000000000000000e+00
-5.348471551428190196e+00 0.000000000000000000e+00
-5.298471551428191262e+00 0.000000000000000000e+00
-5.248471551428190551e+00 0.000000000000000000e+00
-5.198471551428190729e+00 0.000000000000000000e+00
-5.148471551428190907e+00 0.000000000000000000e+00
-5.098471551428190196e+00 0.000000000000000000e+00
-5.048471551428191262e+00 0.000000000000000000e+00
-4.998471551428190551e+00 0.000000000000000000e+00
-4.948471551428190729e+00 0.000000000000000000e+00
-4.898471551428190907e+00 0.000000000000000000e+00
-4.848471551428190196e+00 0.000000000000000000e+00
-4.798471551428191262e+00 0.000000000000000000e+00
-4.748471551428190551e+00 0.000000000000000000e+00
-4.698471551428190729e+00 0.000000000000000000e+00
-4.648471551428190907e+00 0.000000000000000000e+00
-4.598471551428190196e+00 0.000000000000000000e+00
-4.548471551428191262e+00 0.000000000000000000e+00
-4.498471551428190551e+00 0.000000000000000000e+00
-4.448471551428190729e+00 0.000000000000000000e+00
-4.398471551428190907e+00 0.000000000000000000e+00
-4.348471551428190196e+00 0.000000000000000000e+00
-4.298471551428191262e+00 0.000000000000000000e+00
-4.248471551428190551e+00 0.000000000000000000e+00
-4.198471551428190729e+00 0.000000000000000000e+00
-4.148471551428190907e+00 0.000000000000000000e+00
-4.098471551428190196e+00 0.000000000000000000e+00
-4.048471551428191262e+00 0.000000000000000000e+00
-3.998471551428190551e+00 0.000000000000000000e+00
-3.948471551428190729e+00 0.000000000000000000e+00
-3.898471551428190907e+00 0.000000000000000000e+00
-3.848471551428190196e+00 0.000000000000000000e+00
-3.798471551428191262e+00 0.000000000000000000e+00
-3.748471551428190551e+00 0.000000000000000000e+00
-3.698471551428190729e+00 0.000000000000000000e+00
-3.648471551428190907e+00 0.000000000000000000e+00
-3.598471551428190196e+00 0.000000000000000000e+00
-3.548471551428191262e+00 0.000000000000000000e+00
-3.498471551428190551e+00 0.000000000000000000e+00
-3.448471551428189841e+00 0.000000000000000000e+00
-3.398471551428190907e+00 0.000000000000000000e+00
-3.348471551428190196e+00 0.000000000000000000e+00
-3.298471551428191262e+00 0.000000000000000000e+00
-3.248471551428190551e+00 0.000000000000000000e+00
-3.198471551428189841e+00 0.000000000000000000e+00
-3.148471551428190907e+00 0.000000000000000000e+00
-3.098471551428190196e+00 0.000000000000000000e+00
-3.048471551428191262e+00 0.000000000000000000e+00
-2.998471551428190551e+00 0.000000000000000000e+00
-2.948471551428189841e+00 0.000000000000000000e+00
-2.898471551428190907e+00 0.000000000000000000e+00
-2.848471551428190196e+00 0.000000000000000000e+00
-2.798471551428191262e+00 0.000000000000000000e+00
-2.748471551428190551e+00 0.000000000000000000e+00
-2.698471551428189841e+00 0.000000000000000000e+00
-2.648471551428190907e+00 0.000000000000000000e+00
-2.598471551428190196e+00 0.000000000000000000e+00
-2.548471551428191262e+00 0.000000000000000000e+00
-2.498471551428190551e+00 0.000000000000000000e+00
-2.448471551428189841e+00 0.000000000000000000e+00
-2.398471551428190907e+00 0.000000000000000000e+00
-2.348471551428190196e+00 0.000000000000000000e+00
-2.298471551428191262e+00 0.000000000000000000e+00
-2.248471551428190551e+00 0.000000000000000000e+00
-2.198471551428189841e+00 0.000000000000000000e+00
-2.148471551428190907e+00 0.000000000000000000e+00
-2.098471551428190196e+00 0.000000000000000000e+00
-2.048471551428191262e+00 0.000000000000000000e+00
-1.998471551428190551e+00 0.000000000000000000e+00
-1.948471551428189841e+00 0.000000000000000000e+00
-1.898471551428190907e+00 0.000000000000000000e+00
-1.848471551428190196e+00 0.000000000000000000e+00
-1.798471551428191262e+00 0.000000000000000000e+00
-1.748471551428190551e+00 0.000000000000000000e+00
-1.698471551428189841e+00 0.000000000000000000e+00
-1.648471551428190907e+00 0.000000000000000000e+00
-1.598471551428190196e+00 0.000000000000000000e+00
-1.548471551428191262e+00 0.000000000000000000e+00
-1.498471551428190551e+00 0.000000000000000000e+00
-1.448471551428189841e+00 0.000000000000000000e+00
-1.398471551428190907e+00 0.000000000000000000e+00
-1.348471551428190196e+00 0.000000000000000000e+00
-1.298471551428191262e+00 0.000000000000000000e+00
-1.248471551428190551e+00 0.000000000000000000e+00
-1.198471551428189841e+00 0.000000000000000000e+00
-1.148471551428190907e+00 0.000000000000000000e+00
-1.098471551428190196e+00 0.000000000000000000e+00
-1.048471551428191262e+00 0.000000000000000000e+00
-9.984715514281905513e-01 0.000000000000000000e+00
-9.484715514281898407e-01 0.000000000000000000e+00
-8.984715514281909066e-01 0.000000000000000000e+00
-8.484715514281901960e-01 0.000000000000000000e+00
-7.984715514281912618e-01 0.000000000000000000e+00
-7.484715514281905513e-01 0.000000000000000000e+00
-6.984715514281898407e-01 0.000000000000000000e+00
-6.484715514281909066e-01 0.000000000000000000e+00
-5.984715514281901960e-01 0.000000000000000000e+00
-5.484715514281912618e-01 0.000000000000000000e+00
-4.984715514281905513e-01 0.000000000000000000e+00
-4.484715514281898407e-01 0.000000000000000000e+00
-3.984715514281909066e-01 0.000000000000000000e+00
-3.484715514281901960e-01 0.000000000000000000e+00
-2.984715514281912618e-01 0.000000000000000000e+00
-2.484715514281905513e-01 0.000000000000000000e+00
-1.984715514281916171e-01 0.000000000000000000e+00
-1.484715514281909066e-01 0.000000000000000000e+00
-9.847155142819019602e-02 0.000000000000000000e+00
-4.847155142818948548e-02 0.000000000000000000e+00
1.528448571809448708e-03 0.000000000000000000e+00
5.152844857180838289e-02 0.000000000000000000e+00
1.015284485718090934e-01 0.000000000000000000e+00
1.515284485718098040e-01 2.171914860886222561e-05
2.015284485718105145e-01 0.000000000000000000e+00
2.515284485718094487e-01 0.000000000000000000e+00
3.015284485718083829e-01 0.000000000000000000e+00
3.515284485718090934e-01 0.000000000000000000e+00
4.015284485718098040e-01 0.000000000000000000e+00
4.515284485718105145e-01 0.000000000000000000e+00
5.015284485718094487e-01 0.000000000000000000e+00
5.515284485718083829e-01 0.000000000000000000e+00
6.015284485718090934e-01 8.687659443544890243e-05
6.515284485718098040e-01 2.171914860886222561e-05
7.015284485718105145e-01 6.515744582658666666e-05
7.515284485718094487e-01 3.475063777417956097e-04
8.015284485718083829e-01 5.212595666126933333e-04
8.515284485718090934e-01 1.585497848446942425e-03
9.015284485718098040e-01 3.605378669071129024e-03
9.515284485718105145e-01 8.405310511629682235e-03
1.001528448571809449e+00 1.613732741638463156e-02
1.051528448571808383e+00 2.771363362490819604e-02
1.101528448571809093e+00 4.441565890512325088e-02
1.151528448571809804e+00 6.876282449565779276e-02
1.201528448571810515e+00 9.849633894119018407e-02
1.251528448571809449e+00 1.279475044548073759e-01
1.301528448571810159e+00 1.589624486682626459e-01
1.351528448571809093e+00 1.871756227111746607e-01
1.401528448571809804e+00 2.342627368951879785e-01
1.451528448571810515e+00 3.404476544439153374e-01
1.501528448571809449e+00 5.891753443126055423e-01
1.551528448571810159e+00 1.239642125999420141e+00
1.601528448571809093e+00 2.456131639581792925e+00
1.651528448571809804e+00 4.205565621728427850e+00
1.701528448571810515e+00 6.040312419610672556e+00
1.751528448571809449e+00 7.114563228953607599e+00
1.801528448571810159e+00 6.947369222962586299e+00
1.851528448571809093e+00 5.736722160355997246e+00
1.901528448571809804e+00 4.170641230765377294e+00
1.951528448571810515e+00 2.622174530696545602e+00
2.001528448571809449e+00 1.500337066751593618e+00
2.051528448571810159e+00 8.154671536683411048e-01
2.101528448571809093e+00 4.527790910489507548e-01
2.151528448571809804e+00 2.291587369721053147e-01
2.201528448571810515e+00 1.324650873654507066e-01
2.251528448571809449e+00 8.218525833593465224e-02
2.301528448571810159e+00 6.661262878338045090e-02
2.351528448571809093e+00 6.743795643051719857e-02
2.401528448571809804e+00 8.413998171073225341e-02
2.451528448571810515e+00 1.131350451035633142e-01
2.501528448571809449e+00 1.417826021186525953e-01
2.551528448571810159e+00 1.693876400005164817e-01
2.601528448571809093e+00 1.800951802646855449e-01
2.651528448571809804e+00 1.721242527252331289e-01
2.701528448571810515e+00 1.493191466859278005e-01
2.751528448571809449e+00 1.198245428750928931e-01
2.801528448571810159e+00 9.365296880141391056e-02
2.851528448571809093e+00 7.113021169402378163e-02
2.901528448571809804e+00 5.857654379810142004e-02
2.951528448571810515e+00 5.570961618173160546e-02
3.001528448571809449e+00 5.801184593427100022e-02
3.051528448571810159e+00 6.439727562527648719e-02
3.101528448571809093e+00 7.097817765376175647e-02
3.151528448571809804e+00 8.105586260827382650e-02
3.201528448571810515e+00 9.641130067473940857e-02
3.251528448571809449e+00 1.170227727045496657e-01
3.301528448571810159e+00 1.478639637291340181e-01
3.351528448571809093e+00 1.936044906993978354e-01
3.401528448571809804e+00 2.662333236474331288e-01
3.451528448571810515e+00 3.738517050043454470e-01
3.501528448571809449e+00 5.094443497694722822e-01
3.551528448571810159e+00 6.100908844229400163e-01
3.601528448571809093e+00 7.999162432643956988e-01
3.651528448571809804e+00 9.567936536662076108e-01
3.701528448571810515e+00 1.145055233807825257e+00
3.751528448571809449e+00 1.349497579663045510e+00
3.801528448571810159e+00 1.622767907459749859e+00
3.851528448571809093e+00 1.844781044539539616e+00
3.901528448571809804e+00 2.117790742552937644e+00
3.951528448571810515e+00 2.406221036078628028e+00
4.001528448571809449e+00 2.627669475294587276e+00
4.051528448571810159e+00 2.730249014174243705e+00
4.101528448571809093e+00 2.766585149796869647e+00
4.151528448571809804e+00 2.722951380241665831e+00
4.201528448571810515e+00 2.589726122674905096e+00
4.251528448571809449e+00 2.326794109616018957e+00
4.301528448571810159e+00 2.118985295726425466e+00
4.351528448571809093e+00 1.836983870188957813e+00
4.401528448571809804e+00 1.603655056683951141e+00
4.451528448571810515e+00 1.339941154275146262e+00
4.501528448571809449e+00 1.179002263083476887e+00
4.551528448571810159e+00 1.054877328783829338e+00
4.601528448571809093e+00 9.256266754124902185e-01
4.651528448571809804e+00 8.326904385151688848e-01
4.701528448571810515e+00 8.123178771200560977e-01
4.751528448571809449e+00 7.634280736015071067e-01
4.801528448571810159e+00 7.149943722037443994e-01
4.851528448571809093e+00 7.459224398227641828e-01
4.901528448571809804e+00 7.701610096702544705e-01
4.951528448571810515e+00 7.395152909831499422e-01
5.001528448571809449e+00 7.507223716653227408e-01
5.051528448571810159e+00 7.787400733707550149e-01
5.101528448571809093e+00 7.609520906600969470e-01
5.151528448571809804e+00 7.810423031232943680e-01
5.201528448571810515e+00 7.927272050748623844e-01
5.251528448571809449e+00 8.079957665468924244e-01
5.301528448571810159e+00 8.327121576637777078e-01
5.351528448571809093e+00 7.902077838362343565e-01
5.401528448571809804e+00 8.226561918578745303e-01
5.451528448571810515e+00 8.169223366251349150e-01
5.501528448571809449e+00 8.345365661469221763e-01
5.551528448571810159e+00 8.495879361328637636e-01
5.601528448571809093e+00 8.123395962686650318e-01
5.651528448571809804e+00 8.268479875393848211e-01
5.701528448571810515e+00 7.965063369328044818e-01
5.751528448571809449e+00 7.996121751838718428e-01
5.801528448571810159e+00 7.691619288342468330e-01
5.851528448571809093e+00 7.587801757992106433e-01
5.901528448571809804e+00 8.073007537914088649e-01
5.951528448571810515e+00 7.927489242234710964e-01
6.001528448571809449e+00 8.185512727707995317e-01
6.051528448571810159e+00 8.180734515014045360e-01
6.101528448571809093e+00 7.962891454467158070e-01
6.151528448571809804e+00 8.498920042133877306e-01
6.201528448571810515e+00 8.538231701115917005e-01
6.251528448571809449e+00 9.191543691270492866e-01
6.301528448571810159e+00 9.180032542507796656e-01
6.351528448571809093e+00 9.893506574308920110e-01
6.401528448571809804e+00 9.934990148151846556e-01
6.451528448571810515e+00 9.884384531893197767e-01
6.501528448571809449e+00 1.038501090732747212e+00
6.551528448571810159e+00 1.042193345996253795e+00
6.601528448571809093e+00 1.027098537713094561e+00
6.651528448571809804e+00 1.031377209989040589e+00
6.701528448571810515e+00 1.024513959028640064e+00
6.751528448571809449e+00 1.004879848686228483e+00
6.801528448571810159e+00 9.726703512992858069e-01
6.851528448571809093e+00 9.812059767025688162e-01
6.901528448571809804e+00 9.732350491631164280e-01
6.951528448571810515e+00 9.159399351329378103e-01
7.001528448571809449e+00 9.017573310913507001e-01
7.051528448571810159e+00 9.262999690193649549e-01
7.101528448571809093e+00 9.410907092220001102e-01
7.151528448571809804e+00 9.059708459214699250e-01
7.201528448571810515e+00 9.238674243751725523e-01
7.251528448571809449e+00 9.753852448753936866e-01
7.301528448571810159e+00 9.527973303221768386e-01
7.351528448571809093e+00 9.801200192721255533e-01
7.401528448571809804e+00 1.008745857138606095e+00
7.451528448571810515e+00 1.064368596725902227e+00
7.501528448571809449e+00 1.069298843460113835e+00
7.551528448571810159e+00 1.112020408773745972e+00
7.601528448571809093e+00 1.134630042475571532e+00
7.651528448571809804e+00 1.151657854984919460e+00
7.701528448571810515e+00 1.176265650358760295e+00
7.751528448571807672e+00 1.187972271458937135e+00
7.801528448571811936e+00 1.199092475546674530e+00
7.851528448571809093e+00 1.200808288286774550e+00
7.901528448571809804e+00 1.176482841844848970e+00
7.951528448571810515e+00 1.149833446501775214e+00
8.001528448571807672e+00 1.208670620083182712e+00
8.051528448571811936e+00 1.176634875885110842e+00
8.101528448571809093e+00 1.164884816487716579e+00
8.151528448571809804e+00 1.158629701688364211e+00
8.201528448571810515e+00 1.094102111171434411e+00
8.251528448571807672e+00 1.084046145365531233e+00
8.301528448571811936e+00 1.051728052235544553e+00
8.351528448571809093e+00 1.068451796664368292e+00
8.401528448571809804e+00 1.070384800890557209e+00
8.451528448571810515e+00 1.030790792976601367e+00
8.501528448571807672e+00 9.920438318583910675e-01
8.551528448571811936e+00 9.624840706017294689e-01
8.601528448571809093e+00 9.396355262652065221e-01
8.651528448571809804e+00 9.302745732147866820e-01
8.701528448571810515e+00 9.222167690808988905e-01
8.751528448571807672e+00 9.120087692347335073e-01
8.801528448571811936e+00 8.993247864471581865e-01
8.851528448571809093e+00 9.029953225620558355e-01
8.901528448571809804e+00 8.727188294013019654e-01
8.951528448571810515e+00 8.790608207950896258e-01
9.001528448571807672e+00 8.797341144019643622e-01
9.051528448571811936e+00 8.194200387151540088e-01
9.101528448571809093e+00 8.566032211335262714e-01
9.151528448571809804e+00 8.402052639338352114e-01
9.201528448571810515e+00 8.259357832978126979e-01
9.251528448571807672e+00 8.406396469060123389e-01
9.301528448571811936e+00 8.169874940709613842e-01
9.351528448571809093e+00 8.232426088703137523e-01
9.401528448571809804e+00 8.044555453236479359e-01
9.451528448571810515e+00 8.629017742300961746e-01
9.501528448571807672e+00 8.454612978971798309e-01
9.551528448571811936e+00 8.687659443544890614e-01
9.601528448571809093e+00 8.343845321066599707e-01
9.651528448571809804e+00 8.899203950995207002e-01
9.701528448571810515e+00 8.970225566946187223e-01
9.751528448571807672e+00 8.909194759355285598e-01
9.801528448571811936e+00 9.362690582308329512e-01
9.851528448571809093e+00 9.718233045035402640e-01
9.901528448571809804e+00 9.602035599977989389e-01
9.951528448571810515e+00 9.367685986488366590e-01
1.000152844857180767e+01 9.638523769640877648e-01
1.005152844857181194e+01 9.857235596132120081e-01
1.010152844857180909e+01 9.595302663909243135e-01
1.015152844857180980e+01 9.997758487631458468e-01
1.020152844857181051e+01 9.890683084989768670e-01
1.025152844857180767e+01 1.004228274227962681e+00
1.030152844857181194e+01 1.021538435669226086e+00
1.035152844857180909e+01 1.031246895097387206e+00
1.040152844857180980e+01 1.050316307575968278e+00
1.045152844857181051e+01 1.054508103257478568e+00
1.050152844857180767e+01 1.049230350145525126e+00
1.055152844857181194e+01 1.057765975548808024e+00
1.060152844857180909e+01 1.072556715751443290e+00
1.065152844857180980e+01 1.048622213984476970e+00
1.070152844857181051e+01 1.029118418533718993e+00
1.075152844857180767e+01 1.050359745873185924e+00
1.080152844857181194e+01 1.052987762854858289e+00
1.085152844857180909e+01 1.047514537405425106e+00
1.090152844857181336e+01 1.045429499138974316e+00
1.095152844857181051e+01 1.032832392945834288e+00
1.100152844857180767e+01 1.059503507437517200e+00
1.105152844857181194e+01 9.958881211621595231e-01
1.110152844857180909e+01 1.052488222436854581e+00
1.115152844857181336e+01 1.015739422990659557e+00
1.120152844857181051e+01 1.012220920916024003e+00
1.125152844857180767e+01 1.040325499215891902e+00
1.130152844857181194e+01 9.900891084835933276e-01
1.135152844857180909e+01 1.033310214215229283e+00
1.140152844857181336e+01 1.015174725126829047e+00
1.145152844857181051e+01 9.939333977873620052e-01
1.150152844857180767e+01 9.798593894888192324e-01
1.155152844857181194e+01 9.951062318122404493e-01
1.160152844857180909e+01 9.865054489631310819e-01
1.165152844857181336e+01 9.757761895503531679e-01
1.170152844857181051e+01 9.561637983565507426e-01
1.175152844857180767e+01 9.681962066858601501e-01
1.180152844857181194e+01 9.969957977412114980e-01
1.185152844857180909e+01 9.891551850934122703e-01
1.190152844857181336e+01 9.821181809441408284e-01
1.195152844857181051e+01 9.565764621801188250e-01
1.200152844857180767e+01 9.639609727071319911e-01
1.205152844857181194e+01 9.668061811748931422e-01
1.210152844857180909e+01 9.903931765641174056e-01
1.215152844857181336e+01 9.774485639932355419e-01
1.220152844857181051e+01 9.356174837725668159e-01
1.225152844857180767e+01 9.547086153997568214e-01
1.230152844857181194e+01 9.527104537277415464e-01
1.235152844857180909e+01 9.317514753201894262e-01
1.240152844857181336e+01 9.203272031519278418e-01
1.245152844857181051e+01 9.284067264344247894e-01
1.250152844857180767e+01 9.266040370998890330e-01
1.255152844857181194e+01 9.295795604593032335e-01
1.260152844857180909e+01 9.430888708940156073e-01
1.265152844857181336e+01 9.202837648547100846e-01
1.270152844857181051e+01 9.538832877526199905e-01
1.275152844857180767e+01 9.122259607208222931e-01
1.280152844857181194e+01 9.310564625647057557e-01
1.285152844857180909e+01 9.106621820209842566e-01
1.290152844857181336e+01 9.276248370845057156e-01
1.295152844857181051e+01 9.036251778717129257e-01
1.300152844857180767e+01 9.274293647470259749e-01
1.305152844857181194e+01 9.235633562946482522e-01
1.310152844857180909e+01 9.166566670370300818e-01
1.315152844857181336e+01 9.164394755509415180e-01
1.320152844857181051e+01 9.075780629185258297e-01
1.325152844857180767e+01 9.122693990180398282e-01
1.330152844857181194e+01 8.952633056573010562e-01
1.335152844857180909e+01 8.866625228081913557e-01
1.340152844857181336e+01 9.354002922864781411e-01
1.345152844857181051e+01 9.214565988795887508e-01
1.350152844857180767e+01 9.107707777640285940e-01
1.355152844857181194e+01 9.248013477653536096e-01
1.360152844857180909e+01 9.039292459522368928e-01
1.365152844857181336e+01 9.518199686347782462e-01
1.370152844857181051e+01 9.214131605823709936e-01
1.375152844857180767e+01 9.070350842033041427e-01
1.380152844857181194e+01 9.525801388360882749e-01
1.385152844857180909e+01 9.276248370845057156e-01
1.390152844857181336e+01 9.912836616570808168e-01
1.395152844857181051e+01 9.923044616416974995e-01
1.400152844857180767e+01 9.888076787156705461e-01
1.405152844857181194e+01 1.003185755094737175e+00
1.410152844857180909e+01 1.015522231504571105e+00
1.415152844857181336e+01 9.897416021058514923e-01
1.420152844857181051e+01 9.876348446907921019e-01
1.425152844857180767e+01 9.947152871372810790e-01
1.430152844857181194e+01 1.022103133533056374e+00
1.435152844857180909e+01 9.982555083605254564e-01
1.440152844857181336e+01 1.013958452804732735e+00
1.445152844857181051e+01 1.023275967557934818e+00
1.450152844857180767e+01 1.006248155048586890e+00
1.455152844857181194e+01 1.008854452881650321e+00
1.460152844857180909e+01 1.049100035253871965e+00
1.465152844857181336e+01 1.019279644213904268e+00
1.470152844857181051e+01 1.024622554771684513e+00
1.475152844857180767e+01 1.010374793284270822e+00
1.480152844857181194e+01 1.020539354833218226e+00
1.485152844857180909e+01 1.033636001444361963e+00
1.490152844857181336e+01 1.004510623159877936e+00
1.495152844857181051e+01 1.049881924603791150e+00
1.500152844857180767e+01 1.040629567296415647e+00
1.505152844857181194e+01 1.027641516428316137e+00
1.510152844857180909e+01 9.911316276168187223e-01
1.515152844857181336e+01 1.064477192468946454e+00
1.520152844857181051e+01 1.001078997679677673e+00
1.525152844857180767e+01 1.030921107868254305e+00
1.530152844857181194e+01 1.004858129537619771e+00
1.535152844857180909e+01 1.056289073443405391e+00
1.540152844857181336e+01 1.021516716520616930e+00
1.545152844857181051e+01 1.008420069909472971e+00
1.550152844857180767e+01 1.013350316643684801e+00
1.555152844857181194e+01 9.863751340714778104e-01
1.560152844857180909e+01 1.013437193238120315e+00
1.565152844857181336e+01 1.004749533794575322e+00
1.570152844857181051e+01 9.598560536200572146e-01
1.575152844857180767e+01 9.667627428776753851e-01
1.580152844857181194e+01 9.474327006157879927e-01
1.585152844857180909e+01 9.657202237444499904e-01
1.590152844857181336e+01 9.505385388668552427e-01
1.595152844857181051e+01 9.678052620109006687e-01
1.600152844857180767e+01 9.610288876449356588e-01
1.605152844857181194e+01 9.559683260190708909e-01
1.610152844857180909e+01 9.375504879987556217e-01
1.615152844857181336e+01 9.545348622108857928e-01
1.620152844857181051e+01 9.443268623647207427e-01
1.625152844857180767e+01 9.508860452445970779e-01
1.630152844857181194e+01 9.205878329352341627e-01
1.635152844857180909e+01 9.273207690039815265e-01
1.640152844857181336e+01 8.824272888294633077e-01
1.645152844857181051e+01 9.195453138020087680e-01
1.650152844857180767e+01 8.845557653931317432e-01
1.655152844857181194e+01 8.669198167227355478e-01
1.660152844857180909e+01 9.066658586769533734e-01
1.665152844857181336e+01 8.663333997102963258e-01
1.670152844857181051e+01 9.054278672062483491e-01
1.675152844857180767e+01 8.849684292167002697e-01
1.680152844857181194e+01 8.817539952225885713e-01
1.685152844857180909e+01 8.754120038288009109e-01
1.690152844857181336e+01 8.959800375613933276e-01
1.695152844857181051e+01 8.796689569561377819e-01
1.700152844857180767e+01 8.804508463060568557e-01
1.705152844857181194e+01 8.581452806847553738e-01
1.710152844857180909e+01 9.042767523299787280e-01
1.715152844857181336e+01 8.995854162304643964e-01
1.720152844857181051e+01 9.182421648854770524e-01
1.725152844857180767e+01 8.920923099604070039e-01
1.730152844857181194e+01 9.165697904425949005e-01
1.735152844857180909e+01 9.400047517915570694e-01
1.740152844857181336e+01 9.276682753817232507e-01
1.745152844857181051e+01 9.233244456599509764e-01
1.750152844857180767e+01 9.508208877987706087e-01
1.755152844857181194e+01 9.545131430622770807e-01
1.760152844857180909e+01 9.624623514531206458e-01
1.765152844857181336e+01 9.595085472423152684e-01
1.770152844857181051e+01 9.659156960819297311e-01
1.775152844857180767e+01 9.832258575231928033e-01
1.780152844857181194e+01 9.833127341176283176e-01
1.785152844857180909e+01 1.009527746488525057e+00
1.790152844857181336e+01 1.021820784601140897e+00
1.795152844857181051e+01 1.023797227124547460e+00
1.800152844857180767e+01 1.077508681634264054e+00
1.805152844857181194e+01 1.066605669032614889e+00
1.810152844857180909e+01 1.083264256015612492e+00
1.815152844857181336e+01 1.098663132379295915e+00
1.820152844857181051e+01 1.093971796279781472e+00
1.825152844857180767e+01 1.090257821867665955e+00
1.830152844857181194e+01 1.127332408542993880e+00
1.835152844857180909e+01 1.162626025032394761e+00
1.840152844857181336e+01 1.118514434207795727e+00
1.845152844857181051e+01 1.140059829627787069e+00
1.850152844857180767e+01 1.111281957721044433e+00
1.855152844857181194e+01 1.144772884875910002e+00
1.860152844857180909e+01 1.121077293743641734e+00
1.865152844857181336e+01 1.123596714982269651e+00
1.870152844857181051e+01 1.096143711140667554e+00
1.875152844857180767e+01 1.103810570599595975e+00
1.880152844857181194e+01 1.095991677100405681e+00
1.885152844857180909e+01 1.069364000905940637e+00
1.890152844857181336e+01 1.087065107022163080e+00
1.895152844857181051e+01 1.073295166804144385e+00
1.900152844857180767e+01 1.022841584585757690e+00
1.905152844857181194e+01 1.024948342000817414e+00
1.910152844857180909e+01 9.823570915788384372e-01
1.915152844857181336e+01 9.734088023519871236e-01
1.920152844857181051e+01 9.390491092527670780e-01
1.925152844857180767e+01 9.498652452599805063e-01
1.930152844857181194e+01 9.421766666524431511e-01
1.935152844857180909e+01 8.906805653008309509e-01
1.940152844857181336e+01 9.101409224543716148e-01
1.945152844857181051e+01 9.221298924864634872e-01
1.950152844857180767e+01 9.075563437699168956e-01
1.955152844857181194e+01 9.293840881218234928e-01
1.960152844857180909e+01 9.276031179358967815e-01
1.965152844857181336e+01 9.382020624570215350e-01
1.970152844857181051e+01 9.291668966357347070e-01
1.975152844857180767e+01 9.391359858472025923e-01
1.980152844857181194e+01 9.593782323506622189e-01
1.985152844857180909e+01 9.354654497323049434e-01
1.990152844857181336e+01 9.667844620262842081e-01
1.995152844857181051e+01 9.306655178897464964e-01
2.000152844857180767e+01 9.546434579539303522e-01
2.005152844857181194e+01 9.492788282475412842e-01
2.010152844857180909e+01 8.961537907502642453e-01
2.015152844857181336e+01 9.240846158612610051e-01
2.020152844857181051e+01 8.794952037672670864e-01
2.025152844857180767e+01 8.517381318451411332e-01
2.030152844857181194e+01 8.660727699269900048e-01
2.035152844857180909e+01 8.234163620591847810e-01
2.040152844857181336e+01 8.334071704192612673e-01
2.045152844857181051e+01 8.280208215642634872e-01
2.050152844857180767e+01 8.088645324912469015e-01
2.055152844857181194e+01 8.173350004487032194e-01
2.060152844857180909e+01 8.144246345351157101e-01
2.065152844857181336e+01 8.261095364866835045e-01
2.070152844857181051e+01 8.003723453851818714e-01
2.075152844857180767e+01 7.810205839746857670e-01
2.080152844857181194e+01 8.184209578791463713e-01
2.085152844857180909e+01 8.190073748915855933e-01
2.090152844857181336e+01 8.358179959148449578e-01
2.095152844857181051e+01 8.160101323835626808e-01
2.100152844857180767e+01 8.396622852186136354e-01
2.105152844857181194e+01 8.557344551891716833e-01
2.110152844857180909e+01 8.470250765970178675e-01
2.115152844857181336e+01 8.186815876624526922e-01
2.120152844857181051e+01 8.405744894601857586e-01
2.125152844857180767e+01 8.451137915194379957e-01
2.130152844857181194e+01 8.262181322297279529e-01
2.135152844857180909e+01 8.089731282342913499e-01
2.140152844857181336e+01 8.296931960071458612e-01
2.145152844857181051e+01 8.116880218103990074e-01
2.150152844857180767e+01 8.212444471982983663e-01
2.155152844857181194e+01 8.113187962840484602e-01
2.160152844857180909e+01 8.416170085934111533e-01
2.165152844857181336e+01 8.488060467829445788e-01
2.170152844857181051e+01 8.566032211335262714e-01
2.175152844857180767e+01 9.121390841263867788e-01
2.180152844857181194e+01 9.545565813594947269e-01
2.185152844857180909e+01 1.065020171184168030e+00
2.190152844857181336e+01 1.173290126999346317e+00
2.195152844857181051e+01 1.332035384181520232e+00
2.200152844857180767e+01 1.525509559989264741e+00
2.205152844857181194e+01 1.737271258925671358e+00
2.210152844857180909e+01 1.972663391548520551e+00
2.215152844857181336e+01 2.132212257229222363e+00
2.220152844857181051e+01 2.322841224569205831e+00
2.225152844857180767e+01 2.450528099240707025e+00
2.230152844857181194e+01 2.515663825918684537e+00
2.235152844857180909e+01 2.472790226564790750e+00
2.240152844857181336e+01 2.379180696060594791e+00
2.245152844857181051e+01 2.285375693218918425e+00
2.250152844857180767e+01 2.020727867419932711e+00
2.255152844857181194e+01 1.872472959015838878e+00
2.260152844857180909e+01 1.600701252473145875e+00
2.265152844857181336e+01 1.408725697919412712e+00
2.270152844857181051e+01 1.219486756090396362e+00
2.275152844857180767e+01 1.062935132917717462e+00
2.280152844857181194e+01 9.357260795156110422e-01
2.285152844857180909e+01 7.421867462620399536e-01
2.290152844857181336e+01 6.043570291902001790e-01
2.295152844857181051e+01 4.637906993936440347e-01
2.300152844857180767e+01 3.430105139797611224e-01
2.305152844857181194e+01 2.605429067119112707e-01
2.310152844857180909e+01 1.813983291812172882e-01
2.315152844857181336e+01 1.343546532944217275e-01
2.320152844857181051e+01 1.109631302426770938e-01
2.325152844857180767e+01 8.765848378536793273e-02
2.330152844857181194e+01 7.740704564198495896e-02
2.335152844857180909e+01 6.821984578043624459e-02
2.340152844857181336e+01 6.155206715751554425e-02
2.345152844857181051e+01 6.050954802429015650e-02
2.350152844857180767e+01 6.368054372118403528e-02
2.355152844857181194e+01 7.232476486751120148e-02
2.360152844857180909e+01 8.920054333659716006e-02
2.365152844857181336e+01 1.131350451035633142e-01
2.370152844857181051e+01 1.425427723199627628e-01
2.375152844857181478e+01 1.678672995978961191e-01
2.380152844857181194e+01 1.851991801877681532e-01
2.385152844857180909e+01 1.769241845677916869e-01
2.390152844857180625e+01 1.600918443959234438e-01
2.395152844857181051e+01 1.320741426904911697e-01
2.400152844857181478e+01 1.092473175025769766e-01
2.405152844857181194e+01 9.161136883218085059e-02
2.410152844857180909e+01 8.867928376998446272e-02
2.415152844857180625e+01 9.849633894119018407e-02
2.420152844857181051e+01 1.503399466705443166e-01
2.425152844857181478e+01 2.347622773131917695e-01
2.430152844857181194e+01 4.092756363853997659e-01
2.435152844857180909e+01 7.491803121140937494e-01
2.440152844857180625e+01 1.349497579663045510e+00
2.445152844857181051e+01 2.342236424276920026e+00
2.450152844857181478e+01 3.727614037441805195e+00
2.455152844857181194e+01 5.326034779311020984e+00
2.460152844857180909e+01 6.647883882794984878e+00
2.465152844857180625e+01 6.915789580885300936e+00
2.470152844857181051e+01 6.242278782524483205e+00
2.475152844857181478e+01 4.666402516911266396e+00
2.480152844857181194e+01 2.904892688138104972e+00
2.485152844857180909e+01 1.546816044774558918e+00
2.490152844857180625e+01 7.573467119910257672e-01
2.495152844857181051e+01 3.931817472662328949e-01
2.500152844857181478e+01 2.506389749462700212e-01
2.505152844857181194e+01 2.055065841370543600e-01
2.510152844857180909e+01 1.779884228496259324e-01
2.515152844857180625e+01 1.524901423828216585e-01
2.520152844857181051e+01 1.245593172718248431e-01
2.525152844857181478e+01 9.224122414183787144e-02
2.530152844857181194e+01 6.663434793198931561e-02
2.535152844857180909e+01 4.048449300691918384e-02
2.540152844857180625e+01 2.399965921279275868e-02
2.545152844857181051e+01 1.277085938201098780e-02
2.550152844857181478e+01 6.711216920138427140e-03
2.555152844857181194e+01 3.149276548285022317e-03
2.560152844857180909e+01 1.151114876269697818e-03
2.565152844857180625e+01 4.561021207861066531e-04
2.570152844857181051e+01 2.823489319152089295e-04
2.575152844857181478e+01 1.303148916531733333e-04
2.580152844857181194e+01 6.515744582658666666e-05
2.585152844857180909e+01 0.000000000000000000e+00
2.590152844857180625e+01 0.000000000000000000e+00
2.595152844857181051e+01 0.000000000000000000e+00
2.600152844857181478e+01 0.000000000000000000e+00
2.605152844857181194e+01 0.000000000000000000e+00
2.610152844857180909e+01 0.000000000000000000e+00
2.615152844857180625e+01 0.000000000000000000e+00
2.620152844857181051e+01 0.000000000000000000e+00
2.625152844857181478e+01 0.000000000000000000e+00
2.630152844857181194e+01 0.000000000000000000e+00
2.635152844857180909e+01 0.000000000000000000e+00
2.640152844857180625e+01 0.000000000000000000e+00
2.645152844857181051e+01 0.000000000000000000e+00
2.650152844857181478e+01 0.000000000000000000e+00
2.655152844857181194e+01 0.000000000000000000e+00
2.660152844857180909e+01 0.000000000000000000e+00
2.665152844857180625e+01 0.000000000000000000e+00
2.670152844857181051e+01 0.000000000000000000e+00
2.675152844857181478e+01 0.000000000000000000e+00
2.680152844857181194e+01 0.000000000000000000e+00
2.685152844857180909e+01 0.000000000000000000e+00
2.690152844857180625e+01 0.000000000000000000e+00
2.695152844857181051e+01 0.000000000000000000e+00
2.700152844857181478e+01 0.000000000000000000e+00
2.705152844857181194e+01 0.000000000000000000e+00
2.710152844857180909e+01 0.000000000000000000e+00
2.715152844857180625e+01 0.000000000000000000e+00
2.720152844857181051e+01 0.000000000000000000e+00
2.725152844857181478e+01 0.000000000000000000e+00
2.730152844857181194e+01 0.000000000000000000e+00
2.735152844857180909e+01 0.000000000000000000e+00
2.740152844857180625e+01 0.000000000000000000e+00
2.745152844857181051e+01 0.000000000000000000e+00
2.750152844857181478e+01 0.000000000000000000e+00
2.755152844857181194e+01 0.000000000000000000e+00
2.760152844857180909e+01 0.000000000000000000e+00
2.765152844857180625e+01 0.000000000000000000e+00
2.770152844857181051e+01 0.000000000000000000e+00
2.775152844857181478e+01 0.000000000000000000e+00
2.780152844857181194e+01 0.000000000000000000e+00
2.785152844857180909e+01 0.000000000000000000e+00
2.790152844857180625e+01 0.000000000000000000e+00
2.795152844857181051e+01 0.000000000000000000e+00
2.800152844857181478e+01 0.000000000000000000e+00
2.805152844857181194e+01 0.000000000000000000e+00
2.810152844857180909e+01 0.000000000000000000e+00
2.815152844857180625e+01 0.000000000000000000e+00
2.820152844857181051e+01 0.000000000000000000e+00
2.825152844857181478e+01 0.000000000000000000e+00
2.830152844857181194e+01 0.000000000000000000e+00
2.835152844857180909e+01 0.000000000000000000e+00
2.840152844857180625e+01 0.000000000000000000e+00
2.845152844857181051e+01 0.000000000000000000e+00
2.850152844857181478e+01 0.000000000000000000e+00
2.855152844857181194e+01 0.000000000000000000e+00
2.860152844857180909e+01 0.000000000000000000e+00
2.865152844857180625e+01 0.000000000000000000e+00
2.870152844857181051e+01 0.000000000000000000e+00
2.875152844857181478e+01 0.000000000000000000e+00
2.880152844857181194e+01 0.000000000000000000e+00
2.885152844857180909e+01 0.000000000000000000e+00
2.890152844857180625e+01 0.000000000000000000e+00
2.895152844857181051e+01 0.000000000000000000e+00
2.900152844857181478e+01 0.000000000000000000e+00
2.905152844857181194e+01 0.000000000000000000e+00
2.910152844857180909e+01 0.000000000000000000e+00
2.915152844857180625e+01 0.000000000000000000e+00
2.920152844857181051e+01 0.000000000000000000e+00
2.925152844857181478e+01 0.000000000000000000e+00
2.930152844857181194e+01 0.000000000000000000e+00
2.935152844857180909e+01 0.000000000000000000e+00
2.940152844857180625e+01 0.000000000000000000e+00
2.945152844857181051e+01 0.000000000000000000e+00
2.950152844857181478e+01 0.000000000000000000e+00
2.955152844857181194e+01 0.000000000000000000e+00
2.960152844857180909e+01 0.000000000000000000e+00
2.965152844857180625e+01 0.000000000000000000e+00
2.970152844857181051e+01 0.000000000000000000e+00
2.975152844857181478e+01 0.000000000000000000e+00
2.980152844857181194e+01 0.000000000000000000e+00
2.985152844857180909e+01 0.000000000000000000e+00
2.990152844857180625e+01 0.000000000000000000e+00
2.995152844857181051e+01 0.000000000000000000e+00
3.000152844857181478e+01 0.000000000000000000e+00
3.005152844857181194e+01 0.000000000000000000e+00
3.010152844857180909e+01 0.000000000000000000e+00
3.015152844857181336e+01 0.000000000000000000e+00
3.020152844857181051e+01 0.000000000000000000e+00
3.025152844857181478e+01 0.000000000000000000e+00
3.030152844857181194e+01 0.000000000000000000e+00
3.035152844857180909e+01 0.000000000000000000e+00
3.040152844857181336e+01 0.000000000000000000e+00
3.045152844857181051e+01 0.000000000000000000e+00
3.050152844857181478e+01 0.000000000000000000e+00
3.055152844857181194e+01 0.000000000000000000e+00
3.060152844857180909e+01 0.000000000000000000e+00
3.065152844857181336e+01 0.000000000000000000e+00
3.070152844857181051e+01 0.000000000000000000e+00
3.075152844857181478e+01 0.000000000000000000e+00
3.080152844857181194e+01 0.000000000000000000e+00
3.085152844857180909e+01 0.000000000000000000e+00
3.090152844857181336e+01 0.000000000000000000e+00
3.095152844857181051e+01 0.000000000000000000e+00
3.100152844857181478e+01 0.000000000000000000e+00
3.105152844857181194e+01 0.000000000000000000e+00
3.110152844857180909e+01 0.000000000000000000e+00
3.115152844857181336e+01 0.000000000000000000e+00
3.120152844857181051e+01 0.000000000000000000e+00
3.125152844857181478e+01 0.000000000000000000e+00
3.130152844857181194e+01 0.000000000000000000e+00
3.135152844857180909e+01 0.000000000000000000e+00
3.140152844857181336e+01 0.000000000000000000e+00
3.145152844857181051e+01 0.000000000000000000e+00
3.150152844857181478e+01 0.000000000000000000e+00
3.155152844857181194e+01 0.000000000000000000e+00
3.160152844857180909e+01 0.000000000000000000e+00
3.165152844857181336e+01 0.000000000000000000e+00
3.170152844857181051e+01 0.000000000000000000e+00
3.175152844857181478e+01 0.000000000000000000e+00
3.180152844857181194e+01 0.000000000000000000e+00
3.185152844857180909e+01 0.000000000000000000e+00
3.190152844857181336e+01 0.000000000000000000e+00
3.195152844857181051e+01 0.000000000000000000e+00
3.200152844857181833e+01 0.000000000000000000e+00
3.205152844857181549e+01 0.000000000000000000e+00
3.210152844857181265e+01 0.000000000000000000e+00
3.215152844857180980e+01 0.000000000000000000e+00
3.220152844857180696e+01 0.000000000000000000e+00
3.225152844857181833e+01 0.000000000000000000e+00
3.230152844857181549e+01 0.000000000000000000e+00
3.235152844857181265e+01 0.000000000000000000e+00
3.240152844857180980e+01 0.000000000000000000e+00
3.245152844857180696e+01 0.000000000000000000e+00
3.250152844857181833e+01 0.000000000000000000e+00
3.255152844857181549e+01 0.000000000000000000e+00
3.260152844857181265e+01 0.000000000000000000e+00
3.265152844857180980e+01 0.000000000000000000e+00
3.270152844857180696e+01 0.000000000000000000e+00
3.275152844857181833e+01 0.000000000000000000e+00
3.280152844857181549e+01 0.000000000000000000e+00
3.285152844857181265e+01 0.000000000000000000e+00
3.290152844857180980e+01 0.000000000000000000e+00
3.295152844857180696e+01 0.000000000000000000e+00
3.300152844857181833e+01 0.000000000000000000e+00
3.305152844857181549e+01 0.000000000000000000e+00
3.310152844857181265e+01 0.000000000000000000e+00
3.315152844857180980e+01 0.000000000000000000e+00
3.320152844857180696e+01 0.000000000000000000e+00
3.325152844857181833e+01 0.000000000000000000e+00
3.330152844857181549e+01 0.000000000000000000e+00
3.335152844857181265e+01 0.000000000000000000e+00
3.340152844857180980e+01 0.000000000000000000e+00
3.345152844857180696e+01 0.000000000000000000e+00
3.350152844857181833e+01 0.000000000000000000e+00
3.355152844857181549e+01 0.000000000000000000e+00
3.360152844857181265e+01 0.000000000000000000e+00
3.365152844857180980e+01 0.000000000000000000e+00
3.370152844857180696e+01 0.000000000000000000e+00
3.375152844857181833e+01 0.000000000000000000e+00
3.380152844857181549e+01 0.000000000000000000e+00
3.385152844857181265e+01 0.000000000000000000e+00
3.390152844857180980e+01 0.000000000000000000e+00
3.395152844857180696e+01 0.000000000000000000e+00
3.400152844857181833e+01 0.000000000000000000e+00
3.405152844857181549e+01 0.000000000000000000e+00
3.410152844857181265e+01 0.000000000000000000e+00
3.415152844857180980e+01 0.000000000000000000e+00
3.420152844857180696e+01 0.000000000000000000e+00
3.425152844857181833e+01 0.000000000000000000e+00
3.430152844857181549e+01 0.000000000000000000e+00
3.435152844857181265e+01 0.000000000000000000e+00
3.440152844857180980e+01 0.000000000000000000e+00
3.445152844857180696e+01 0.000000000000000000e+00
3.450152844857181833e+01 0.000000000000000000e+00
3.455152844857181549e+01 0.000000000000000000e+00
3.460152844857181265e+01 0.000000000000000000e+00
3.465152844857180980e+01 0.000000000000000000e+00
3.470152844857180696e+01 0.000000000000000000e+00
3.475152844857181833e+01 0.000000000000000000e+00
3.480152844857181549e+01 0.000000000000000000e+00
3.485152844857181265e+01 0.000000000000000000e+00
3.490152844857180980e+01 0.000000000000000000e+00
3.495152844857180696e+01 0.000000000000000000e+00
3.500152844857181833e+01 0.000000000000000000e+00
3.505152844857181549e+01 0.000000000000000000e+00
3.510152844857181265e+01 0.000000000000000000e+00
3.515152844857180980e+01 0.000000000000000000e+00
3.520152844857180696e+01 0.000000000000000000e+00
3.525152844857181833e+01 0.000000000000000000e+00
3.530152844857181549e+01 0.000000000000000000e+00
3.535152844857181265e+01 0.000000000000000000e+00
3.540152844857180980e+01 0.000000000000000000e+00
3.545152844857180696e+01 0.000000000000000000e+00
3.550152844857181833e+01 0.000000000000000000e+00
3.555152844857181549e+01 0.000000000000000000e+00
3.560152844857181265e+01 0.000000000000000000e+00
3.565152844857180980e+01 0.000000000000000000e+00
3.570152844857180696e+01 0.000000000000000000e+00
3.575152844857181833e+01 0.000000000000000000e+00
3.580152844857181549e+01 0.000000000000000000e+00
3.585152844857181265e+01 0.000000000000000000e+00
3.590152844857180980e+01 0.000000000000000000e+00
3.595152844857180696e+01 0.000000000000000000e+00
3.600152844857181833e+01 0.000000000000000000e+00
3.605152844857181549e+01 0.000000000000000000e+00
3.610152844857181265e+01 0.000000000000000000e+00
3.615152844857180980e+01 0.000000000000000000e+00
3.620152844857180696e+01 0.000000000000000000e+00
3.625152844857181833e+01 0.000000000000000000e+00
3.630152844857181549e+01 0.000000000000000000e+00
3.635152844857181265e+01 0.000000000000000000e+00
3.640152844857180980e+01 0.000000000000000000e+00
3.645152844857180696e+01 0.000000000000000000e+00
3.650152844857181833e+01 0.000000000000000000e+00
3.655152844857181549e+01 0.000000000000000000e+00
3.660152844857181265e+01 0.000000000000000000e+00
3.665152844857180980e+01 0.000000000000000000e+00
3.670152844857180696e+01 0.000000000000000000e+00
3.675152844857181833e+01 0.000000000000000000e+00
3.680152844857181549e+01 0.000000000000000000e+00
3.685152844857181265e+01 0.000000000000000000e+00
3.690152844857180980e+01 0.000000000000000000e+00
3.695152844857180696e+01 0.000000000000000000e+00
3.700152844857181833e+01 0.000000000000000000e+00
3.705152844857181549e+01 0.000000000000000000e+00
3.710152844857181265e+01 0.000000000000000000e+00
3.715152844857180980e+01 0.000000000000000000e+00
3.720152844857180696e+01 0.000000000000000000e+00
3.725152844857181833e+01 0.000000000000000000e+00
3.730152844857181549e+01 0.000000000000000000e+00
3.735152844857181265e+01 0.000000000000000000e+00
3.740152844857180980e+01 0.000000000000000000e+00
3.745152844857180696e+01 0.000000000000000000e+00
3.750152844857181833e+01 0.000000000000000000e+00
3.755152844857181549e+01 0.000000000000000000e+00
3.760152844857181265e+01 0.000000000000000000e+00
3.765152844857180980e+01 0.000000000000000000e+00
3.770152844857180696e+01 0.000000000000000000e+00
3.775152844857181833e+01 0.000000000000000000e+00
3.780152844857181549e+01 0.000000000000000000e+00
3.785152844857181265e+01 0.000000000000000000e+00
3.790152844857180980e+01 0.000000000000000000e+00
3.795152844857180696e+01 0.000000000000000000e+00
3.800152844857181833e+01 0.000000000000000000e+00
3.805152844857181549e+01 0.000000000000000000e+00
3.810152844857181265e+01 0.000000000000000000e+00
3.815152844857180980e+01 0.000000000000000000e+00
3.820152844857180696e+01 0.000000000000000000e+00
3.825152844857181833e+01 0.000000000000000000e+00
3.830152844857181549e+01 0.000000000000000000e+00
3.835152844857181265e+01 0.000000000000000000e+00
3.840152844857180980e+01 0.000000000000000000e+00
3.845152844857180696e+01 0.000000000000000000e+00
3.850152844857181833e+01 0.000000000000000000e+00
3.855152844857181549e+01 0.000000000000000000e+00
3.860152844857181265e+01 0.000000000000000000e+00
3.865152844857180980e+01 0.000000000000000000e+00
3.870152844857180696e+01 0.000000000000000000e+00
3.875152844857181833e+01 0.000000000000000000e+00
3.880152844857181549e+01 0.000000000000000000e+00
3.885152844857181265e+01 0.000000000000000000e+00
3.890152844857180980e+01 0.000000000000000000e+00
3.895152844857180696e+01 0.000000000000000000e+00
3.900152844857181833e+01 0.000000000000000000e+00
3.905152844857181549e+01 0.000000000000000000e+00
3.910152844857181265e+01 0.000000000000000000e+00
3.915152844857180980e+01 0.000000000000000000e+00
3.920152844857180696e+01 0.000000000000000000e+00
3.925152844857181833e+01 0.000000000000000000e+00
3.930152844857181549e+01 0.000000000000000000e+00
3.935152844857181265e+01 0.000000000000000000e+00
3.940152844857180980e+01 0.000000000000000000e+00
3.945152844857180696e+01 0.000000000000000000e+00
3.950152844857181833e+01 0.000000000000000000e+00
3.955152844857181549e+01 0.000000000000000000e+00
3.960152844857181265e+01 0.000000000000000000e+00
3.965152844857180980e+01 0.000000000000000000e+00
3.970152844857180696e+01 0.000000000000000000e+00
3.975152844857181833e+01 0.000000000000000000e+00
3.980152844857181549e+01 0.000000000000000000e+00
3.985152844857181265e+01 0.000000000000000000e+00
3.990152844857180980e+01 0.000000000000000000e+00
3.995152844857180696e+01 0.000000000000000000e+00
4.000152844857181833e+01 0.000000000000000000e+00
4.005152844857181549e+01 0.000000000000000000e+00
4.010152844857181265e+01 0.000000000000000000e+00
4.015152844857180980e+01 0.000000000000000000e+00
4.020152844857180696e+01 0.000000000000000000e+00
4.025152844857181833e+01 0.000000000000000000e+00
4.030152844857181549e+01 0.000000000000000000e+00
4.035152844857181265e+01 0.000000000000000000e+00
4.040152844857180980e+01 0.000000000000000000e+00
4.045152844857180696e+01 0.000000000000000000e+00
4.050152844857181833e+01 0.000000000000000000e+00
4.055152844857181549e+01 0.000000000000000000e+00
4.060152844857181265e+01 0.000000000000000000e+00
4.065152844857180980e+01 0.000000000000000000e+00
4.070152844857180696e+01 0.000000000000000000e+00
4.075152844857181833e+01 0.000000000000000000e+00
4.080152844857181549e+01 0.000000000000000000e+00
4.085152844857181265e+01 0.000000000000000000e+00
4.090152844857180980e+01 0.000000000000000000e+00
4.095152844857180696e+01 0.000000000000000000e+00
4.100152844857181833e+01 0.000000000000000000e+00
4.105152844857181549e+01 0.000000000000000000e+00
4.110152844857181265e+01 0.000000000000000000e+00
4.115152844857180980e+01 0.000000000000000000e+00
4.120152844857180696e+01 0.000000000000000000e+00
4.125152844857181833e+01 0.000000000000000000e+00
4.130152844857181549e+01 0.000000000000000000e+00
4.135152844857181265e+01 0.000000000000000000e+00
4.140152844857180980e+01 0.000000000000000000e+00
4.145152844857180696e+01 0.000000000000000000e+00
4.150152844857181833e+01 0.000000000000000000e+00
4.155152844857181549e+01 0.000000000000000000e+00
4.160152844857181265e+01 0.000000000000000000e+00
4.165152844857180980e+01 0.000000000000000000e+00
