################################################################################
# Neural network connection values (weights and biases).
################################################################################
# Col  Name       Description
################################################################################
# 1    connection Neural network connection value.
# 2    t          Connection type (a = weight, b = bias).
# 3    index      Index enumerating weights.
# 4    l_s        Starting point layer (end point layer for biases).
# 5    n_s        Starting point neuron in starting layer (end point neuron for biases).
# 6    l_e        End point layer.
# 7    n_e        End point neuron in end layer.
################################################################################
#                      1 2         3     4     5     6     7
#             connection t     index   l_s   n_s   l_e   n_e
############################################################
 -7.5478287171444183E-02 a         1     0     1     1     1
  1.9137558932633833E-01 a         2     0     1     1     2
  6.2547629270466074E-02 a         3     0     1     1     3
 -8.8962901190318439E-02 a         4     0     1     1     4
  1.8076619888749684E-01 a         5     0     1     1     5
  7.0956984709154181E-02 a         6     0     1     1     6
  1.4893489097726523E-01 a         7     0     1     1     7
  1.7221363547488816E-01 a         8     0     1     1     8
 -2.1277245100866737E-01 a         9     0     1     1     9
  2.0725351011776086E-01 a        10     0     1     1    10
 -1.5246708477546839E-01 a        11     0     1     1    11
 -1.1584905990118047E-01 a        12     0     1     1    12
  1.6780874524168080E-01 a        13     0     1     1    13
 -3.7470933562269999E-02 a        14     0     1     1    14
 -2.1588602321851119E-01 a        15     0     1     1    15
  1.7177054069132269E-01 a        16     0     2     1     1
  2.1099159703232229E-01 a        17     0     2     1     2
  8.5079252904687735E-02 a        18     0     2     1     3
  1.9409965822488345E-01 a        19     0     2     1     4
  1.9854406518616308E-01 a        20     0     2     1     5
 -1.8513844918955932E-01 a        21     0     2     1     6
  6.2271869209051901E-02 a        22     0     2     1     7
 -2.0805962983833959E-01 a        23     0     2     1     8
  1.2492864751682577E-03 a        24     0     2     1     9
  1.9192667282916082E-01 a        25     0     2     1    10
 -1.5969674150005336E-01 a        26     0     2     1    11
  2.2675407964971528E-01 a        27     0     2     1    12
 -8.3155215455968434E-02 a        28     0     2     1    13
  3.3063411688570060E-01 a        29     0     2     1    14
 -1.8103641742154980E-01 a        30     0     2     1    15
 -1.2205823818694166E-02 a        31     0     3     1     1
 -1.4099844906319564E-01 a        32     0     3     1     2
 -2.5070229864846100E-01 a        33     0     3     1     3
  3.3016474337754995E-02 a        34     0     3     1     4
  1.9376947167218420E-01 a        35     0     3     1     5
  2.2170740713025594E-01 a        36     0     3     1     6
  1.0895999040634756E-01 a        37     0     3     1     7
 -2.2812339133934029E-01 a        38     0     3     1     8
  4.9750958979329612E-03 a        39     0     3     1     9
  1.3732075905604260E-01 a        40     0     3     1    10
  7.2140513943424883E-02 a        41     0     3     1    11
 -2.2082163676068325E-01 a        42     0     3     1    12
 -6.3452059562036464E-02 a        43     0     3     1    13
  6.0660886828905001E-03 a        44     0     3     1    14
 -1.5649892272357448E-02 a        45     0     3     1    15
 -2.0000870748274574E-01 a        46     0     4     1     1
 -2.5296353252598819E-01 a        47     0     4     1     2
  8.0147681975731161E-03 a        48     0     4     1     3
 -6.3215546676453793E-02 a        49     0     4     1     4
  2.2558675229759742E-01 a        50     0     4     1     5
  6.5902056379985322E-02 a        51     0     4     1     6
 -3.0446574255019399E-01 a        52     0     4     1     7
 -3.3600141691520702E-02 a        53     0     4     1     8
  1.9629897564084406E-01 a        54     0     4     1     9
 -1.1380649346841742E-01 a        55     0     4     1    10
  8.9788927670344632E-02 a        56     0     4     1    11
  7.0994272965699684E-02 a        57     0     4     1    12
  1.5010036924233980E-01 a        58     0     4     1    13
 -4.3610142017594812E-02 a        59     0     4     1    14
  5.2478232963736229E-02 a        60     0     4     1    15
 -4.3384409205369762E-02 a        61     0     5     1     1
 -3.9362554704172648E-01 a        62     0     5     1     2
  4.1931832696046278E-02 a        63     0     5     1     3
 -3.4801904410912382E-02 a        64     0     5     1     4
  1.8673524876382269E-01 a        65     0     5     1     5
  2.4762143158157866E-02 a        66     0     5     1     6
  8.5123039285444041E-02 a        67     0     5     1     7
  2.0825920060514780E-01 a        68     0     5     1     8
  2.0180389916674382E-01 a        69     0     5     1     9
  9.0218551129496879E-02 a        70     0     5     1    10
  2.0110034866628801E-01 a        71     0     5     1    11
 -2.1623357237443058E-01 a        72     0     5     1    12
  5.2312055099656704E-03 a        73     0     5     1    13
 -1.3606241879720751E-01 a        74     0     5     1    14
  5.4247449445338762E-02 a        75     0     5     1    15
 -7.6031604831286861E-02 a        76     0     6     1     1
  1.2166572958601748E-01 a        77     0     6     1     2
  1.9110169258711901E-01 a        78     0     6     1     3
  7.8631120018606681E-03 a        79     0     6     1     4
  1.3475368544973870E-01 a        80     0     6     1     5
 -2.3515821886378549E-01 a        81     0     6     1     6
 -1.8755894131508793E-01 a        82     0     6     1     7
 -1.6435461636220541E-01 a        83     0     6     1     8
  1.2114042353460232E-01 a        84     0     6     1     9
  1.8718720796053490E-01 a        85     0     6     1    10
 -1.9840168672716765E-01 a        86     0     6     1    11
 -9.3026571248699549E-02 a        87     0     6     1    12
 -2.1318105592832981E-01 a        88     0     6     1    13
  2.3328048140066326E-01 a        89     0     6     1    14
 -1.0705632472641070E-01 a        90     0     6     1    15
  7.5895930674962753E-02 a        91     0     7     1     1
  2.1285878674472616E-01 a        92     0     7     1     2
  1.7564843855325987E-01 a        93     0     7     1     3
 -2.1442771559410354E-02 a        94     0     7     1     4
  8.5681173978320785E-02 a        95     0     7     1     5
 -1.7077045632682400E-01 a        96     0     7     1     6
 -2.0215876805290886E-01 a        97     0     7     1     7
  2.5586497848742441E-02 a        98     0     7     1     8
  1.2072838934158339E-01 a        99     0     7     1     9
 -1.4862156412633415E-01 a       100     0     7     1    10
  2.0482947173359167E-01 a       101     0     7     1    11
 -2.0668883566038584E-01 a       102     0     7     1    12
  9.2919768699925034E-02 a       103     0     7     1    13
  1.2113837187085987E-01 a       104     0     7     1    14
 -3.3167644251113029E-02 a       105     0     7     1    15
  1.2582664360093335E-01 a       106     0     8     1     1
  2.0670288433877676E-01 a       107     0     8     1     2
  1.2810260457647060E-01 a       108     0     8     1     3
  3.8270304607618842E-02 a       109     0     8     1     4
  1.3907117186401147E-01 a       110     0     8     1     5
 -7.7448530384395253E-02 a       111     0     8     1     6
 -2.4932821535512784E-02 a       112     0     8     1     7
  1.0300712819807398E-01 a       113     0     8     1     8
 -2.8431939493150216E-01 a       114     0     8     1     9
 -2.4470809842803304E-01 a       115     0     8     1    10
 -1.9134547760820600E-01 a       116     0     8     1    11
  1.0913539763297717E-01 a       117     0     8     1    12
  1.2545810504756788E-01 a       118     0     8     1    13
 -1.0715516191158413E-01 a       119     0     8     1    14
  1.8610221230493432E-01 a       120     0     8     1    15
 -1.1665944688067965E-01 a       121     0     9     1     1
  8.7228953249913976E-02 a       122     0     9     1     2
 -2.0574240591739265E-01 a       123     0     9     1     3
  1.9861720919570919E-01 a       124     0     9     1     4
 -7.0961967000076079E-02 a       125     0     9     1     5
  1.6586769896960316E-02 a       126     0     9     1     6
  9.7307112374362320E-02 a       127     0     9     1     7
 -1.0189449278516392E-01 a       128     0     9     1     8
 -1.6707078798413849E-01 a       129     0     9     1     9
 -7.9083768819708369E-02 a       130     0     9     1    10
  1.6174272441704429E-01 a       131     0     9     1    11
  6.4883583387993229E-02 a       132     0     9     1    12
 -1.6029744626729897E-01 a       133     0     9     1    13
 -1.9008793654468323E-01 a       134     0     9     1    14
 -1.3668973443590862E-01 a       135     0     9     1    15
  3.2556401927810764E-02 a       136     0    10     1     1
  1.4207951282428499E-01 a       137     0    10     1     2
 -2.8294059328305289E-02 a       138     0    10     1     3
  2.6523241683975095E-02 a       139     0    10     1     4
 -1.8992930550489291E-02 a       140     0    10     1     5
 -1.6602068759768768E-01 a       141     0    10     1     6
  4.2287036088143465E-02 a       142     0    10     1     7
  1.5690830705828998E-01 a       143     0    10     1     8
  1.1565874973306710E-01 a       144     0    10     1     9
  2.8976205405822381E-01 a       145     0    10     1    10
 -3.0752349221744326E-02 a       146     0    10     1    11
  3.0728819461678464E-01 a       147     0    10     1    12
  6.3188617315222850E-02 a       148     0    10     1    13
 -6.9719705105726351E-02 a       149     0    10     1    14
 -3.1665855668583348E-02 a       150     0    10     1    15
 -8.3352406004733079E-02 a       151     0    11     1     1
  8.7697987435267563E-02 a       152     0    11     1     2
  2.1255179127805870E-01 a       153     0    11     1     3
  9.4647849295819819E-02 a       154     0    11     1     4
  3.7902188364715476E-02 a       155     0    11     1     5
  1.8300430803345519E-01 a       156     0    11     1     6
 -1.3531881452132977E-01 a       157     0    11     1     7
 -1.0018678315209094E-01 a       158     0    11     1     8
  6.4225494882509268E-02 a       159     0    11     1     9
 -1.3007711449895989E-01 a       160     0    11     1    10
 -2.1702126785228873E-01 a       161     0    11     1    11
  1.3241999819485209E-01 a       162     0    11     1    12
 -2.4275358044547460E-01 a       163     0    11     1    13
  1.2986833863835577E-02 a       164     0    11     1    14
 -5.1659733324521048E-02 a       165     0    11     1    15
 -3.2634954971852392E-01 a       166     0    12     1     1
  2.2081078669668758E-01 a       167     0    12     1     2
 -1.7757116097435136E-01 a       168     0    12     1     3
 -2.2169130509773657E-01 a       169     0    12     1     4
  5.8867819971902121E-03 a       170     0    12     1     5
 -6.7896753023217682E-02 a       171     0    12     1     6
 -1.4785089085695180E-01 a       172     0    12     1     7
  2.2937741721064145E-01 a       173     0    12     1     8
  6.4551050172870703E-02 a       174     0    12     1     9
  3.6293676181770651E-02 a       175     0    12     1    10
 -8.5829760079690537E-02 a       176     0    12     1    11
 -4.5532397334151598E-02 a       177     0    12     1    12
  1.4994290771745255E-02 a       178     0    12     1    13
  5.7899564447204899E-02 a       179     0    12     1    14
 -2.0351825144242944E-02 a       180     0    12     1    15
 -1.0269559561631637E-01 a       181     0    13     1     1
  5.7217959256591143E-02 a       182     0    13     1     2
  1.1668125719865968E-01 a       183     0    13     1     3
 -6.9173800629299162E-02 a       184     0    13     1     4
  9.9423615408087349E-02 a       185     0    13     1     5
 -1.2175873456855885E-01 a       186     0    13     1     6
 -5.5492780817703147E-02 a       187     0    13     1     7
  2.1208365405275483E-02 a       188     0    13     1     8
 -2.8398761295967928E-01 a       189     0    13     1     9
  1.1135907205862937E-01 a       190     0    13     1    10
  2.3525866162961728E-01 a       191     0    13     1    11
 -1.2708625697646704E-02 a       192     0    13     1    12
 -1.1386760284616322E-01 a       193     0    13     1    13
 -2.8463079352466749E-02 a       194     0    13     1    14
  5.8680612882063547E-02 a       195     0    13     1    15
  6.9076059087450833E-02 a       196     0    14     1     1
 -2.7873391633537237E-02 a       197     0    14     1     2
 -9.8023578937555117E-02 a       198     0    14     1     3
  1.6505464318381341E-01 a       199     0    14     1     4
 -2.4237652183767741E-01 a       200     0    14     1     5
 -1.1514220710089808E-01 a       201     0    14     1     6
  6.6720575951430078E-02 a       202     0    14     1     7
 -1.0541071554923689E-01 a       203     0    14     1     8
 -2.6378508940640877E-01 a       204     0    14     1     9
 -1.7409074421590279E-01 a       205     0    14     1    10
 -5.3950251914053138E-03 a       206     0    14     1    11
  8.3177363746731139E-02 a       207     0    14     1    12
  4.4037667356791365E-03 a       208     0    14     1    13
 -1.3352393867833179E-01 a       209     0    14     1    14
 -1.8886252306251430E-01 a       210     0    14     1    15
  1.2905342594346181E-01 a       211     0    15     1     1
 -1.3342403441533743E-01 a       212     0    15     1     2
  2.0167393845226184E-01 a       213     0    15     1     3
  1.1646231958546088E-02 a       214     0    15     1     4
 -3.8212384186713633E-02 a       215     0    15     1     5
  1.6382613492865114E-01 a       216     0    15     1     6
  2.1420230286341319E-01 a       217     0    15     1     7
 -6.3756700455704821E-02 a       218     0    15     1     8
  1.9811147330607462E-01 a       219     0    15     1     9
  2.8779665419374478E-01 a       220     0    15     1    10
 -9.6633615704744880E-02 a       221     0    15     1    11
  3.2521109770783742E-02 a       222     0    15     1    12
  7.8870793825240315E-02 a       223     0    15     1    13
 -2.5958831993792356E-03 a       224     0    15     1    14
 -1.9968414223319522E-01 a       225     0    15     1    15
 -2.2198760191300859E-02 a       226     0    16     1     1
  1.6916700158320569E-01 a       227     0    16     1     2
 -1.3808661512459333E-01 a       228     0    16     1     3
 -4.6011418646077305E-03 a       229     0    16     1     4
 -5.2904156105540230E-02 a       230     0    16     1     5
 -8.1768697007700591E-02 a       231     0    16     1     6
  7.0048992889011077E-02 a       232     0    16     1     7
  3.1773142667258350E-02 a       233     0    16     1     8
  3.1355000443790651E-02 a       234     0    16     1     9
  1.7886529880758581E-01 a       235     0    16     1    10
 -1.3101434079736718E-01 a       236     0    16     1    11
 -6.3221753774191352E-03 a       237     0    16     1    12
 -4.8684228658854807E-02 a       238     0    16     1    13
  4.6346572587925940E-02 a       239     0    16     1    14
  5.0200603366945880E-02 a       240     0    16     1    15
 -2.7184159232393600E-02 a       241     0    17     1     1
 -2.1179812690441346E-02 a       242     0    17     1     2
 -2.3592423571470952E-01 a       243     0    17     1     3
  9.4993996199950012E-02 a       244     0    17     1     4
  6.0621350256731203E-02 a       245     0    17     1     5
 -1.0328437924218500E-01 a       246     0    17     1     6
 -1.9807705790253738E-03 a       247     0    17     1     7
  3.4761680055565222E-03 a       248     0    17     1     8
  6.6241611454338115E-02 a       249     0    17     1     9
 -5.9371209414054223E-02 a       250     0    17     1    10
  3.1057604251892891E-02 a       251     0    17     1    11
 -1.2221674328226521E-01 a       252     0    17     1    12
 -3.0224734426384535E-02 a       253     0    17     1    13
  1.3887838864109939E-01 a       254     0    17     1    14
  1.4502487430681979E-02 a       255     0    17     1    15
  1.5818262321287888E-01 a       256     0    18     1     1
 -8.6756892248950709E-02 a       257     0    18     1     2
 -8.5036157720285527E-02 a       258     0    18     1     3
  4.2105862253481424E-02 a       259     0    18     1     4
 -5.9537372744844490E-02 a       260     0    18     1     5
 -1.5608497774052799E-01 a       261     0    18     1     6
  1.0222295900211384E-01 a       262     0    18     1     7
  1.8792687945172165E-01 a       263     0    18     1     8
 -4.2249846846226902E-02 a       264     0    18     1     9
  1.8016346806549313E-01 a       265     0    18     1    10
  2.3995975110601764E-01 a       266     0    18     1    11
 -4.2328496909806064E-02 a       267     0    18     1    12
 -5.2625537931327203E-02 a       268     0    18     1    13
  1.4133837628074788E-01 a       269     0    18     1    14
 -1.1557315324980010E-01 a       270     0    18     1    15
 -1.2532325420091282E-02 a       271     0    19     1     1
  7.4909722533428952E-02 a       272     0    19     1     2
 -4.6931529473808298E-02 a       273     0    19     1     3
 -3.5277059613067374E-02 a       274     0    19     1     4
 -1.3388146383251998E-01 a       275     0    19     1     5
 -8.3970905218266986E-02 a       276     0    19     1     6
  2.7896746622844373E-02 a       277     0    19     1     7
 -8.7015920796667312E-02 a       278     0    19     1     8
 -9.0127372050391980E-02 a       279     0    19     1     9
  1.5202595272609581E-01 a       280     0    19     1    10
 -7.8650026017390212E-02 a       281     0    19     1    11
  2.5946451669158754E-01 a       282     0    19     1    12
  1.0566385531844899E-02 a       283     0    19     1    13
  5.2798570344029100E-02 a       284     0    19     1    14
  1.4816099521851930E-01 a       285     0    19     1    15
 -6.6741553877082235E-02 a       286     0    20     1     1
  1.1106065608213772E-01 a       287     0    20     1     2
 -2.3340410863688965E-01 a       288     0    20     1     3
 -1.8775471653251302E-01 a       289     0    20     1     4
  2.0222370090623255E-02 a       290     0    20     1     5
  1.7349802800228051E-02 a       291     0    20     1     6
  6.1362352175997725E-02 a       292     0    20     1     7
  2.2631919038900061E-03 a       293     0    20     1     8
 -1.0868664465523993E-01 a       294     0    20     1     9
 -1.4955729296129106E-01 a       295     0    20     1    10
 -5.8022671034069301E-02 a       296     0    20     1    11
  1.2546306795209106E-01 a       297     0    20     1    12
 -9.1490031528404472E-02 a       298     0    20     1    13
 -1.7655281874271139E-01 a       299     0    20     1    14
 -1.8520795085278727E-01 a       300     0    20     1    15
  1.2475467314030066E-01 a       301     0    21     1     1
  1.9175831620112169E-01 a       302     0    21     1     2
  3.6679985905363728E-03 a       303     0    21     1     3
 -1.1784031296599705E-01 a       304     0    21     1     4
  3.8568090170226589E-02 a       305     0    21     1     5
 -1.2201924859252963E-01 a       306     0    21     1     6
 -2.2963679202368953E-01 a       307     0    21     1     7
 -5.5880095396511474E-02 a       308     0    21     1     8
 -8.5557378074385779E-02 a       309     0    21     1     9
 -8.2025297686851885E-03 a       310     0    21     1    10
  1.1684209390736947E-01 a       311     0    21     1    11
  1.9862737362071942E-01 a       312     0    21     1    12
  1.2986579152083863E-01 a       313     0    21     1    13
 -1.7177518868909886E-01 a       314     0    21     1    14
  1.9451051945589382E-01 a       315     0    21     1    15
 -2.0501139076511113E-01 a       316     0    22     1     1
  2.1523100098975947E-01 a       317     0    22     1     2
 -1.0605822163358128E-01 a       318     0    22     1     3
 -2.3164801505098299E-02 a       319     0    22     1     4
  1.9967859842888000E-01 a       320     0    22     1     5
 -1.2225015043915476E-01 a       321     0    22     1     6
 -1.7111953578704100E-01 a       322     0    22     1     7
 -2.3231893167461648E-01 a       323     0    22     1     8
 -4.1774041281095249E-02 a       324     0    22     1     9
 -2.2584312333197662E-01 a       325     0    22     1    10
 -1.9367680949090549E-01 a       326     0    22     1    11
 -1.8524373840369457E-01 a       327     0    22     1    12
 -1.7111814638054387E-02 a       328     0    22     1    13
 -9.6076383887382516E-02 a       329     0    22     1    14
  1.1167733437037007E-01 a       330     0    22     1    15
 -5.7401604752869539E-02 a       331     0    23     1     1
 -3.5584184127371805E-02 a       332     0    23     1     2
 -1.7505628984645184E-02 a       333     0    23     1     3
  1.1182707880364419E-02 a       334     0    23     1     4
  2.2278397991984003E-01 a       335     0    23     1     5
 -3.5162456844945449E-02 a       336     0    23     1     6
 -9.6430589052706323E-03 a       337     0    23     1     7
  7.8586246725142514E-02 a       338     0    23     1     8
  5.2841156800299523E-03 a       339     0    23     1     9
  7.9355677761411732E-03 a       340     0    23     1    10
  1.9254699344728977E-03 a       341     0    23     1    11
 -1.6808546165323280E-02 a       342     0    23     1    12
 -3.9651296761070917E-03 a       343     0    23     1    13
 -1.2899193621141329E-02 a       344     0    23     1    14
 -1.8048020365161309E-02 a       345     0    23     1    15
  5.4448826519725574E-02 a       346     0    24     1     1
  3.7252432459916385E-02 a       347     0    24     1     2
  5.2039490462208744E-02 a       348     0    24     1     3
  9.0319928393096140E-03 a       349     0    24     1     4
  3.4241483786801877E-02 a       350     0    24     1     5
  1.1571732339824661E-02 a       351     0    24     1     6
 -1.0585611531446405E-01 a       352     0    24     1     7
  3.1457166482725472E-02 a       353     0    24     1     8
  4.1080513981547336E-02 a       354     0    24     1     9
 -1.2598647828866769E-01 a       355     0    24     1    10
  5.3016654034531076E-02 a       356     0    24     1    11
  1.0577035633683327E-01 a       357     0    24     1    12
 -7.6983066370635886E-02 a       358     0    24     1    13
  7.0852397810099360E-02 a       359     0    24     1    14
  4.1757120036551486E-02 a       360     0    24     1    15
 -7.8518995984564327E-02 a       361     0    25     1     1
 -1.3940066056096864E-01 a       362     0    25     1     2
  2.3829236345215069E-01 a       363     0    25     1     3
 -8.7575973346948766E-04 a       364     0    25     1     4
 -2.1783818316558201E-01 a       365     0    25     1     5
 -8.9930853867647861E-02 a       366     0    25     1     6
 -5.8301134116554645E-02 a       367     0    25     1     7
 -1.2423465508304010E-02 a       368     0    25     1     8
  8.2562653654356541E-02 a       369     0    25     1     9
 -2.1514676478102751E-01 a       370     0    25     1    10
  9.1868739649265979E-02 a       371     0    25     1    11
 -1.1560284952188234E-01 a       372     0    25     1    12
  1.3826815871389491E-02 a       373     0    25     1    13
 -1.3404517729073542E-01 a       374     0    25     1    14
  3.4893690076070216E-01 a       375     0    25     1    15
  9.4806476866114264E-02 a       376     0    26     1     1
  7.4278127507006228E-02 a       377     0    26     1     2
 -8.5329234869326268E-02 a       378     0    26     1     3
 -1.2196859418830502E-01 a       379     0    26     1     4
 -4.8339373137679621E-03 a       380     0    26     1     5
 -2.4399506740662052E-01 a       381     0    26     1     6
  1.3175650220359855E-01 a       382     0    26     1     7
  4.7876067307490409E-02 a       383     0    26     1     8
 -2.1086608563657221E-02 a       384     0    26     1     9
 -5.6291584494325683E-02 a       385     0    26     1    10
 -2.7521460253973621E-02 a       386     0    26     1    11
  1.1731172557829518E-01 a       387     0    26     1    12
 -1.9601869845811429E-01 a       388     0    26     1    13
  1.3140160272910884E-01 a       389     0    26     1    14
  1.5901765496202744E-01 a       390     0    26     1    15
  2.4328640016432930E-03 a       391     0    27     1     1
 -4.0222370757869670E-02 a       392     0    27     1     2
  6.5057868335577182E-02 a       393     0    27     1     3
 -5.3198971424841517E-03 a       394     0    27     1     4
  2.6269140710955632E-03 a       395     0    27     1     5
  9.1433480439389078E-02 a       396     0    27     1     6
 -4.2562385595100567E-02 a       397     0    27     1     7
 -3.9151871403254219E-02 a       398     0    27     1     8
 -4.3870234525698493E-02 a       399     0    27     1     9
 -1.8629983047705548E-01 a       400     0    27     1    10
 -1.0780071285198180E-02 a       401     0    27     1    11
  1.6611608929032184E-02 a       402     0    27     1    12
 -2.9582513492038619E-02 a       403     0    27     1    13
 -5.0509727388822874E-02 a       404     0    27     1    14
  6.3181525237950870E-02 a       405     0    27     1    15
 -8.6199705420771863E-02 a       406     0    28     1     1
  2.0007324149044065E-02 a       407     0    28     1     2
 -2.0922927556623342E-02 a       408     0    28     1     3
  5.2761603633418849E-02 a       409     0    28     1     4
  1.7561167695710792E-01 a       410     0    28     1     5
 -3.4183990706523122E-02 a       411     0    28     1     6
 -1.0146340384434761E-01 a       412     0    28     1     7
  8.8062853902622307E-02 a       413     0    28     1     8
 -3.2081257158448923E-02 a       414     0    28     1     9
 -3.9028813938630280E-02 a       415     0    28     1    10
  2.1978225132515014E-01 a       416     0    28     1    11
 -7.7290350786950873E-02 a       417     0    28     1    12
  2.2638263052696447E-02 a       418     0    28     1    13
 -3.1025084830929757E-02 a       419     0    28     1    14
 -9.7171703942300056E-02 a       420     0    28     1    15
 -3.9112704019880329E-01 a       421     0    29     1     1
  4.8599161179252275E-02 a       422     0    29     1     2
 -1.1726299690057406E-02 a       423     0    29     1     3
 -4.7419319927208728E-02 a       424     0    29     1     4
  1.4232963277970079E-01 a       425     0    29     1     5
 -1.0765365134377609E-01 a       426     0    29     1     6
  2.1844070702387233E-01 a       427     0    29     1     7
 -9.5803401344557892E-02 a       428     0    29     1     8
 -2.4945215722519384E-01 a       429     0    29     1     9
 -2.1213756363100336E-01 a       430     0    29     1    10
 -2.7866053676769004E-01 a       431     0    29     1    11
 -2.6832616024371009E-01 a       432     0    29     1    12
 -2.9157656486836708E-01 a       433     0    29     1    13
 -2.4312353473885073E-01 a       434     0    29     1    14
  2.5175537409060894E-01 a       435     0    29     1    15
 -1.3717993696824643E-01 a       436     0    30     1     1
  1.2188799004145888E-01 a       437     0    30     1     2
 -1.4187985961156094E-01 a       438     0    30     1     3
 -6.4086663728511406E-02 a       439     0    30     1     4
  1.0441277544261681E-02 a       440     0    30     1     5
  1.4030430431686747E-01 a       441     0    30     1     6
  2.9021672530161326E-02 a       442     0    30     1     7
  1.6051271611992338E-01 a       443     0    30     1     8
  3.9895890138613235E-02 a       444     0    30     1     9
 -9.9686547421626581E-02 a       445     0    30     1    10
  1.0669497924127366E-01 a       446     0    30     1    11
  3.0089867990755116E-02 a       447     0    30     1    12
 -1.0416568496488482E-03 a       448     0    30     1    13
 -8.2402500949111973E-02 a       449     0    30     1    14
 -9.9063549672495600E-04 a       450     0    30     1    15
  1.1839680092427575E-01 a       451     0    31     1     1
  2.3563291282881124E-01 a       452     0    31     1     2
 -2.1891423571202268E-01 a       453     0    31     1     3
  1.5241300575780151E-01 a       454     0    31     1     4
 -1.3374893551760642E-01 a       455     0    31     1     5
 -4.1844895316714925E-02 a       456     0    31     1     6
  7.1358600131679772E-02 a       457     0    31     1     7
 -4.5035379696023024E-02 a       458     0    31     1     8
  6.1456433926143854E-02 a       459     0    31     1     9
 -2.1375604253409336E-01 a       460     0    31     1    10
  2.1432637684329119E-02 a       461     0    31     1    11
 -2.4816587677717841E-01 a       462     0    31     1    12
 -1.2331966475757711E-01 a       463     0    31     1    13
 -1.2532386876028231E-01 a       464     0    31     1    14
 -4.3988591493642544E-02 a       465     0    31     1    15
  1.3871276424308190E-01 a       466     0    32     1     1
 -8.5274177040807295E-02 a       467     0    32     1     2
 -3.3297781319129437E-02 a       468     0    32     1     3
  9.3069844781971556E-02 a       469     0    32     1     4
  1.8703952527765594E-01 a       470     0    32     1     5
 -7.8566992136311908E-02 a       471     0    32     1     6
  3.3273772738312050E-02 a       472     0    32     1     7
 -5.2936542396807854E-02 a       473     0    32     1     8
 -2.7021069584700855E-02 a       474     0    32     1     9
 -9.3928729379737202E-02 a       475     0    32     1    10
 -9.9735605615535294E-02 a       476     0    32     1    11
 -1.0084547128899045E-01 a       477     0    32     1    12
  1.3955661947896650E-01 a       478     0    32     1    13
 -1.5952158528834395E-01 a       479     0    32     1    14
 -1.7747653466728067E-01 a       480     0    32     1    15
 -8.7832715392669375E-02 a       481     0    33     1     1
 -6.2833166987917646E-02 a       482     0    33     1     2
 -1.6570899800872044E-01 a       483     0    33     1     3
 -1.9461310776109361E-01 a       484     0    33     1     4
  1.3242710367805832E-01 a       485     0    33     1     5
 -2.9154794749201779E-01 a       486     0    33     1     6
  1.3570960134506430E-01 a       487     0    33     1     7
 -1.5968544226989462E-01 a       488     0    33     1     8
  1.8552732431860397E-01 a       489     0    33     1     9
 -1.1494641720340971E-01 a       490     0    33     1    10
  3.6427070368328845E-02 a       491     0    33     1    11
 -1.4015305088474533E-01 a       492     0    33     1    12
 -3.5703990010646967E-03 a       493     0    33     1    13
  1.2484393852110297E-01 a       494     0    33     1    14
 -8.2241514317956607E-02 a       495     0    33     1    15
  4.5103586338564615E-02 a       496     0    34     1     1
  2.2383101186937182E-01 a       497     0    34     1     2
  9.6614425125720882E-03 a       498     0    34     1     3
  1.1903208527125210E-01 a       499     0    34     1     4
  1.2175591444868747E-01 a       500     0    34     1     5
  2.4920990214347791E-01 a       501     0    34     1     6
 -7.0256129420711244E-02 a       502     0    34     1     7
 -2.8618567788665655E-02 a       503     0    34     1     8
  1.2599388245103349E-01 a       504     0    34     1     9
 -1.9344567602522306E-02 a       505     0    34     1    10
 -8.6434038277464417E-02 a       506     0    34     1    11
  2.6252463481330246E-01 a       507     0    34     1    12
  1.6481499608918506E-02 a       508     0    34     1    13
 -8.8327560170031558E-02 a       509     0    34     1    14
 -1.2531056527682627E-01 a       510     0    34     1    15
 -2.7565491547291088E-02 a       511     0    35     1     1
  1.7428627313033701E-01 a       512     0    35     1     2
 -1.2058549952133273E-01 a       513     0    35     1     3
  7.8687192975600527E-03 a       514     0    35     1     4
  1.0796654812584477E-01 a       515     0    35     1     5
 -1.6421758323948452E-01 a       516     0    35     1     6
  1.4461853154940721E-01 a       517     0    35     1     7
  2.1876882781703921E-02 a       518     0    35     1     8
 -1.2156020797175625E-01 a       519     0    35     1     9
 -2.4828582771803795E-01 a       520     0    35     1    10
 -1.4410001540620514E-02 a       521     0    35     1    11
  1.6782820519764091E-01 a       522     0    35     1    12
 -1.7117026359490875E-01 a       523     0    35     1    13
 -2.6191950475068410E-01 a       524     0    35     1    14
 -8.0554942187825732E-02 a       525     0    35     1    15
 -2.4411145448532559E-01 a       526     0    36     1     1
  2.4214262154372729E-01 a       527     0    36     1     2
 -1.2681801918461694E-01 a       528     0    36     1     3
 -1.3977774686954761E-01 a       529     0    36     1     4
  6.4092806003987743E-02 a       530     0    36     1     5
 -1.3924402325415516E-01 a       531     0    36     1     6
 -3.2559384788708207E-02 a       532     0    36     1     7
  1.8183923884538200E-01 a       533     0    36     1     8
  1.1550346048621266E-01 a       534     0    36     1     9
  5.3520862488356392E-02 a       535     0    36     1    10
 -8.0055319400341537E-02 a       536     0    36     1    11
 -1.0487498200626463E-01 a       537     0    36     1    12
 -2.8817536005506361E-01 a       538     0    36     1    13
  1.0107984978339027E-01 a       539     0    36     1    14
  3.8956395678724859E-02 a       540     0    36     1    15
  2.1103573434868664E-04 a       541     0    37     1     1
 -1.4484200285525852E-02 a       542     0    37     1     2
  6.2701182385425852E-02 a       543     0    37     1     3
  5.9954725946025092E-02 a       544     0    37     1     4
 -5.7139712856926130E-02 a       545     0    37     1     5
 -7.1721546530157262E-02 a       546     0    37     1     6
  5.4738271817382313E-02 a       547     0    37     1     7
  3.4907864445238010E-02 a       548     0    37     1     8
  1.5334159081621118E-01 a       549     0    37     1     9
  1.0722943091329422E-01 a       550     0    37     1    10
  2.1488787935824719E-01 a       551     0    37     1    11
 -1.6461336631258450E-01 a       552     0    37     1    12
 -4.8708767457483051E-02 a       553     0    37     1    13
  1.6660316714678561E-01 a       554     0    37     1    14
 -5.1915578787701644E-02 a       555     0    37     1    15
  9.5041466578579745E-03 a       556     0    38     1     1
  1.2466661862714420E-01 a       557     0    38     1     2
 -9.7749315488184899E-02 a       558     0    38     1     3
 -3.1579159507535352E-03 a       559     0    38     1     4
  1.2105466449479395E-02 a       560     0    38     1     5
 -2.0494706287507488E-02 a       561     0    38     1     6
 -6.9649752972087142E-02 a       562     0    38     1     7
 -9.5471496704504263E-02 a       563     0    38     1     8
  1.3238900923563376E-01 a       564     0    38     1     9
  9.6983660867017929E-02 a       565     0    38     1    10
 -2.3862154231515081E-01 a       566     0    38     1    11
 -2.4074572734216243E-01 a       567     0    38     1    12
 -3.4378581399130857E-03 a       568     0    38     1    13
  1.2176440442007309E-01 a       569     0    38     1    14
 -6.3517789546755138E-03 a       570     0    38     1    15
  1.1652437149545589E-01 a       571     0    39     1     1
  2.7877847900185923E-02 a       572     0    39     1     2
  1.2704741946766393E-01 a       573     0    39     1     3
  4.3661726502687515E-02 a       574     0    39     1     4
  1.8142026438821607E-01 a       575     0    39     1     5
 -2.0752123407260986E-01 a       576     0    39     1     6
  5.4807679255610108E-02 a       577     0    39     1     7
 -1.5743388943820026E-02 a       578     0    39     1     8
  2.9555998417763588E-02 a       579     0    39     1     9
  9.8082959456137778E-02 a       580     0    39     1    10
 -9.6435776060564693E-02 a       581     0    39     1    11
 -8.0875358611672624E-02 a       582     0    39     1    12
 -1.4968109512882183E-01 a       583     0    39     1    13
 -4.1389097494456836E-02 a       584     0    39     1    14
  3.3649020069609951E-02 a       585     0    39     1    15
  7.2160471420666976E-03 a       586     0    40     1     1
  2.4026869942928933E-01 a       587     0    40     1     2
 -2.5267882247900969E-01 a       588     0    40     1     3
 -2.1137889422630521E-02 a       589     0    40     1     4
 -6.5844136113650018E-02 a       590     0    40     1     5
 -2.4970664569541068E-01 a       591     0    40     1     6
  1.2822069098382291E-01 a       592     0    40     1     7
  7.1959825913970391E-02 a       593     0    40     1     8
 -9.5850602484315803E-02 a       594     0    40     1     9
  3.2650656866825889E-02 a       595     0    40     1    10
 -1.2577719279407781E-02 a       596     0    40     1    11
 -4.1743064669124433E-02 a       597     0    40     1    12
 -1.0671771928101471E-01 a       598     0    40     1    13
 -9.0735965648474692E-02 a       599     0    40     1    14
  1.0093493602959486E-01 a       600     0    40     1    15
 -1.3611967327670508E-02 a       601     0    41     1     1
 -2.7666571877784490E-01 a       602     0    41     1     2
  1.2252849236724486E-01 a       603     0    41     1     3
 -1.6672083926494807E-01 a       604     0    41     1     4
 -1.7636202400813869E-01 a       605     0    41     1     5
  1.4919860878242280E-01 a       606     0    41     1     6
 -3.8082067468110388E-02 a       607     0    41     1     7
  5.1443891010771889E-02 a       608     0    41     1     8
 -6.1759245878865832E-02 a       609     0    41     1     9
 -4.1652607458009507E-02 a       610     0    41     1    10
  3.0169436957720515E-02 a       611     0    41     1    11
 -1.5611952602672166E-01 a       612     0    41     1    12
  1.7021789700902235E-01 a       613     0    41     1    13
 -1.0050047352633393E-01 a       614     0    41     1    14
  1.0573829559600317E-01 a       615     0    41     1    15
 -2.0242329512510013E-02 a       616     0    42     1     1
  1.7856394828929931E-01 a       617     0    42     1     2
 -7.4381749294934546E-02 a       618     0    42     1     3
  1.9495681282867043E-02 a       619     0    42     1     4
  1.9009898911133052E-01 a       620     0    42     1     5
 -1.7373917000481826E-01 a       621     0    42     1     6
  7.2812872230154688E-02 a       622     0    42     1     7
  1.3163189118412107E-02 a       623     0    42     1     8
  1.7413350158853966E-01 a       624     0    42     1     9
  7.2333966086207929E-02 a       625     0    42     1    10
 -1.5557374871163754E-01 a       626     0    42     1    11
  1.9607109413382498E-01 a       627     0    42     1    12
  2.2700632130296512E-02 a       628     0    42     1    13
  1.6907010577110654E-01 a       629     0    42     1    14
 -1.5559215845316640E-01 a       630     0    42     1    15
  1.1867381097784906E-01 a       631     0    43     1     1
  2.2343614360584144E-02 a       632     0    43     1     2
  1.6600418803475825E-01 a       633     0    43     1     3
  5.7156274826618926E-02 a       634     0    43     1     4
 -4.6215580107677047E-02 a       635     0    43     1     5
 -3.5560511826542340E-01 a       636     0    43     1     6
  9.9108039427408326E-02 a       637     0    43     1     7
 -3.8558478470804840E-02 a       638     0    43     1     8
  1.5397992090735052E-01 a       639     0    43     1     9
  5.5576650540058323E-02 a       640     0    43     1    10
  1.6599421175797619E-02 a       641     0    43     1    11
  2.3672527984255981E-01 a       642     0    43     1    12
  5.9693077626984371E-02 a       643     0    43     1    13
  1.0646901818163078E-01 a       644     0    43     1    14
 -2.1438097578258830E-01 a       645     0    43     1    15
 -3.2959616083049936E-01 a       646     0    44     1     1
  4.6094819240866100E-02 a       647     0    44     1     2
 -7.0538255773626657E-02 a       648     0    44     1     3
 -2.2498003486478180E-02 a       649     0    44     1     4
  1.1621118000186705E-01 a       650     0    44     1     5
 -2.6603320802610708E-01 a       651     0    44     1     6
 -6.4299610743182134E-02 a       652     0    44     1     7
  4.2554822320272523E-02 a       653     0    44     1     8
  5.3849577326837136E-02 a       654     0    44     1     9
  2.8561237312627580E-02 a       655     0    44     1    10
 -2.0621111680112203E-01 a       656     0    44     1    11
  7.1902084092628077E-02 a       657     0    44     1    12
  3.3116819520272282E-02 a       658     0    44     1    13
  1.1479298226936175E-02 a       659     0    44     1    14
 -8.0942754298012759E-02 a       660     0    44     1    15
  2.0735105296706699E-01 a       661     0    45     1     1
  1.2045843142933013E-01 a       662     0    45     1     2
 -1.0002185549985114E-01 a       663     0    45     1     3
 -1.6435961345414610E-01 a       664     0    45     1     4
 -1.5382197322573549E-01 a       665     0    45     1     5
  1.3477242617416433E-02 a       666     0    45     1     6
  1.1654018424630096E-01 a       667     0    45     1     7
  7.9992707906297866E-02 a       668     0    45     1     8
  1.6312871834982376E-01 a       669     0    45     1     9
  1.6577778781575869E-01 a       670     0    45     1    10
  7.6627289953245747E-02 a       671     0    45     1    11
 -6.2172152522691961E-02 a       672     0    45     1    12
  1.6997393223740823E-01 a       673     0    45     1    13
 -4.9982521865334960E-03 a       674     0    45     1    14
 -7.7667941357978679E-02 a       675     0    45     1    15
 -6.5454423888385738E-02 a       676     0    46     1     1
  9.9869651361526326E-02 a       677     0    46     1     2
 -1.1618726123233770E-01 a       678     0    46     1     3
 -1.6913042625355179E-01 a       679     0    46     1     4
 -2.0844878823937121E-01 a       680     0    46     1     5
  5.8272811088247362E-02 a       681     0    46     1     6
 -9.6882741395182492E-02 a       682     0    46     1     7
  2.3376638557816393E-01 a       683     0    46     1     8
  1.6148459266680359E-01 a       684     0    46     1     9
  6.6649791235182693E-02 a       685     0    46     1    10
  2.0791514650187165E-01 a       686     0    46     1    11
 -1.1219032039577585E-01 a       687     0    46     1    12
 -1.1520333789717152E-02 a       688     0    46     1    13
 -4.4242402100221984E-02 a       689     0    46     1    14
  1.9783659241312555E-02 a       690     0    46     1    15
  1.2473288485947144E-01 a       691     0    47     1     1
 -1.7651102748077541E-01 a       692     0    47     1     2
  2.2625322685653382E-01 a       693     0    47     1     3
  2.8375470112999859E-02 a       694     0    47     1     4
  8.3046341119069333E-02 a       695     0    47     1     5
  3.6962261820306014E-02 a       696     0    47     1     6
 -1.1996161923745718E-01 a       697     0    47     1     7
 -2.5917402418797364E-02 a       698     0    47     1     8
  1.3480782135359332E-01 a       699     0    47     1     9
 -9.4769949599408557E-02 a       700     0    47     1    10
 -1.0867245175054654E-01 a       701     0    47     1    11
 -1.6684263923222445E-01 a       702     0    47     1    12
  2.0750022701125204E-01 a       703     0    47     1    13
 -2.1190830986095840E-01 a       704     0    47     1    14
 -1.2287421995827597E-01 a       705     0    47     1    15
  4.7063955390274033E-02 a       706     0    48     1     1
 -1.3792459170415322E-01 a       707     0    48     1     2
 -1.1266566412092892E-01 a       708     0    48     1     3
 -1.4397229125238058E-04 a       709     0    48     1     4
 -1.4531585301345643E-02 a       710     0    48     1     5
 -2.3080515738640525E-01 a       711     0    48     1     6
  1.9786408927568538E-01 a       712     0    48     1     7
  7.6370749414169367E-02 a       713     0    48     1     8
  6.5982930167352558E-02 a       714     0    48     1     9
  2.8287781648981014E-01 a       715     0    48     1    10
 -8.5086715966921467E-02 a       716     0    48     1    11
 -1.6111753395933886E-02 a       717     0    48     1    12
  8.9538799020890038E-03 a       718     0    48     1    13
 -2.7105539688107999E-02 a       719     0    48     1    14
  5.2209341568518041E-03 a       720     0    48     1    15
 -9.2204181000605512E-02 a       721     0    49     1     1
 -1.9963282234214874E-01 a       722     0    49     1     2
  6.4043582866337018E-02 a       723     0    49     1     3
 -2.3909641321860378E-01 a       724     0    49     1     4
  1.2626198476093820E-01 a       725     0    49     1     5
 -3.5604017939480107E-02 a       726     0    49     1     6
  3.9238788520406793E-04 a       727     0    49     1     7
  1.1289424387015959E-01 a       728     0    49     1     8
  6.5768093424084961E-02 a       729     0    49     1     9
  2.9514047426602109E-02 a       730     0    49     1    10
 -2.8799706099088263E-01 a       731     0    49     1    11
 -1.0460699545769095E-01 a       732     0    49     1    12
  2.0177875458827413E-01 a       733     0    49     1    13
 -1.9517346108448397E-02 a       734     0    49     1    14
 -1.8026044600797722E-02 a       735     0    49     1    15
 -1.0457648461198377E-01 a       736     0    50     1     1
 -1.0008007534500708E-01 a       737     0    50     1     2
 -3.2245621504562151E-02 a       738     0    50     1     3
 -1.0590717802084371E-01 a       739     0    50     1     4
  1.6240996955501780E-01 a       740     0    50     1     5
 -1.5622684871302916E-01 a       741     0    50     1     6
  1.3148296850214342E-01 a       742     0    50     1     7
  1.4899916395627466E-01 a       743     0    50     1     8
 -1.5034203673617672E-01 a       744     0    50     1     9
 -1.8117152429402896E-03 a       745     0    50     1    10
  9.0871385021263545E-02 a       746     0    50     1    11
  2.1469252071644160E-01 a       747     0    50     1    12
  3.7441979437030697E-02 a       748     0    50     1    13
 -1.6694780632433726E-01 a       749     0    50     1    14
  1.2246673991476457E-01 a       750     0    50     1    15
  1.4507681371773576E-01 a       751     0    51     1     1
  1.8113897440157389E-01 a       752     0    51     1     2
 -2.1237408008226680E-01 a       753     0    51     1     3
 -1.0262110766076911E-01 a       754     0    51     1     4
  2.0189372258881400E-03 a       755     0    51     1     5
  3.2077211610906089E-03 a       756     0    51     1     6
  6.1650208906355745E-02 a       757     0    51     1     7
 -3.6691606801514058E-02 a       758     0    51     1     8
 -2.3508338250301516E-01 a       759     0    51     1     9
 -1.1996622920271090E-01 a       760     0    51     1    10
 -3.3510578218050530E-01 a       761     0    51     1    11
  1.7888447229511134E-01 a       762     0    51     1    12
 -9.5867442605251346E-02 a       763     0    51     1    13
  1.3041338571386030E-01 a       764     0    51     1    14
  5.5609664191530921E-03 a       765     0    51     1    15
 -2.6697990447096570E-01 a       766     0    52     1     1
 -6.0995726782001837E-03 a       767     0    52     1     2
  1.6257934531808646E-01 a       768     0    52     1     3
  2.2489150005205402E-02 a       769     0    52     1     4
  4.4381954844431387E-02 a       770     0    52     1     5
  2.6814999702705733E-01 a       771     0    52     1     6
 -1.6604008906206563E-01 a       772     0    52     1     7
  7.3430213901735861E-02 a       773     0    52     1     8
  1.7175408997588537E-01 a       774     0    52     1     9
 -1.6879358560263225E-01 a       775     0    52     1    10
  1.5131744628990276E-01 a       776     0    52     1    11
  9.8736842028329122E-02 a       777     0    52     1    12
  2.1596027822638433E-01 a       778     0    52     1    13
 -1.5332246016888831E-01 a       779     0    52     1    14
  3.7817847496755000E-02 a       780     0    52     1    15
  1.7331406250117196E-01 a       781     0    53     1     1
 -2.5979588878603150E-02 a       782     0    53     1     2
  5.3398518991654549E-02 a       783     0    53     1     3
  1.1671701953096611E-01 a       784     0    53     1     4
  1.2757213771428898E-02 a       785     0    53     1     5
 -4.7699418385284666E-02 a       786     0    53     1     6
 -1.0452756533522986E-01 a       787     0    53     1     7
 -6.0824872636898793E-02 a       788     0    53     1     8
 -1.0312588058775062E-01 a       789     0    53     1     9
 -9.0214000145664705E-02 a       790     0    53     1    10
  2.1874569773026190E-01 a       791     0    53     1    11
 -1.7883695922958551E-01 a       792     0    53     1    12
 -1.6369376810450512E-01 a       793     0    53     1    13
 -7.2588817815542953E-02 a       794     0    53     1    14
  1.9405342916557065E-02 a       795     0    53     1    15
  2.8007174432081083E-01 a       796     0    54     1     1
  7.3052699674993518E-02 a       797     0    54     1     2
  3.7492343503747917E-04 a       798     0    54     1     3
 -1.0972776114576859E-03 a       799     0    54     1     4
 -9.6126306155884939E-02 a       800     0    54     1     5
 -1.7819991436601479E-01 a       801     0    54     1     6
 -1.2826045950085405E-01 a       802     0    54     1     7
 -1.9111301284979569E-03 a       803     0    54     1     8
 -8.7663861172013927E-02 a       804     0    54     1     9
 -3.1487182335277565E-02 a       805     0    54     1    10
  1.7141602437063580E-01 a       806     0    54     1    11
 -3.1183820353309698E-02 a       807     0    54     1    12
 -3.4552909126285856E-02 a       808     0    54     1    13
  1.6381439521542623E-01 a       809     0    54     1    14
  2.0343924148322037E-01 a       810     0    54     1    15
  9.6001636133326313E-03 a       811     0    55     1     1
 -4.6926700600101408E-02 a       812     0    55     1     2
 -1.1404871619905419E-02 a       813     0    55     1     3
  1.9662262612141941E-02 a       814     0    55     1     4
  3.3717613768583531E-03 a       815     0    55     1     5
 -7.1332798388904772E-02 a       816     0    55     1     6
  7.8688762049043057E-02 a       817     0    55     1     7
 -1.5948887314048265E-02 a       818     0    55     1     8
 -1.6613723749153489E-01 a       819     0    55     1     9
  1.2624891691705584E-01 a       820     0    55     1    10
  5.9068808858194446E-02 a       821     0    55     1    11
 -1.3028988921444560E-02 a       822     0    55     1    12
 -9.6264768263314496E-02 a       823     0    55     1    13
  4.9214079040092715E-02 a       824     0    55     1    14
  6.0537266207273503E-02 a       825     0    55     1    15
 -9.3720540798467478E-02 a       826     0    56     1     1
  7.8418222198863879E-02 a       827     0    56     1     2
 -2.2187781858969590E-02 a       828     0    56     1     3
 -3.9434062406996907E-02 a       829     0    56     1     4
  1.8339223393256207E-01 a       830     0    56     1     5
  1.0443655832189895E-01 a       831     0    56     1     6
 -1.1920452316638248E-01 a       832     0    56     1     7
  1.1409647923080481E-01 a       833     0    56     1     8
 -9.4243984541103554E-02 a       834     0    56     1     9
 -2.1270480243169526E-01 a       835     0    56     1    10
  1.5859436546043250E-02 a       836     0    56     1    11
 -3.4675066861933534E-03 a       837     0    56     1    12
 -9.8654698807224286E-02 a       838     0    56     1    13
 -1.7584887820817410E-01 a       839     0    56     1    14
  4.7717909906190702E-02 a       840     0    56     1    15
 -7.9111751737489536E-02 a       841     0    57     1     1
  1.6058985036140869E-01 a       842     0    57     1     2
 -1.3940694636546105E-01 a       843     0    57     1     3
 -8.6209586895188658E-04 a       844     0    57     1     4
 -1.8712923946495580E-01 a       845     0    57     1     5
 -6.6863242854559482E-02 a       846     0    57     1     6
  3.6853835084335651E-02 a       847     0    57     1     7
 -9.6995118775649050E-02 a       848     0    57     1     8
 -3.2219290505713614E-02 a       849     0    57     1     9
 -7.2366497033877417E-02 a       850     0    57     1    10
 -9.3867121386522562E-02 a       851     0    57     1    11
 -1.1606038048413890E-01 a       852     0    57     1    12
 -1.2779488821606785E-01 a       853     0    57     1    13
  1.4556558981876103E-01 a       854     0    57     1    14
 -1.6801220145263522E-02 a       855     0    57     1    15
  3.3433471991326173E-02 a       856     0    58     1     1
 -3.8056241168647684E-02 a       857     0    58     1     2
  2.7054160100095495E-02 a       858     0    58     1     3
 -2.3355212853289303E-03 a       859     0    58     1     4
  9.2410162434706164E-02 a       860     0    58     1     5
 -1.1921930018465095E-01 a       861     0    58     1     6
  1.1478379395078817E-02 a       862     0    58     1     7
 -1.8003218502045150E-02 a       863     0    58     1     8
 -9.5546901806214113E-02 a       864     0    58     1     9
  1.8343782370912640E-02 a       865     0    58     1    10
  3.7431122899829354E-02 a       866     0    58     1    11
  1.3652150248211847E-02 a       867     0    58     1    12
  1.4391222019605845E-02 a       868     0    58     1    13
 -7.1546844080260671E-02 a       869     0    58     1    14
  1.3791289018867239E-01 a       870     0    58     1    15
 -1.4002615505562854E-01 a       871     0    59     1     1
 -1.1281791149679632E-01 a       872     0    59     1     2
 -3.8916830017737859E-02 a       873     0    59     1     3
  1.8902894521685504E-01 a       874     0    59     1     4
  2.3476553939590006E-01 a       875     0    59     1     5
  1.9742545264943342E-02 a       876     0    59     1     6
 -2.0278392378871517E-02 a       877     0    59     1     7
 -1.0121647488244088E-01 a       878     0    59     1     8
 -2.7808063249360204E-01 a       879     0    59     1     9
 -1.6144895515572075E-01 a       880     0    59     1    10
 -1.6758064966175115E-01 a       881     0    59     1    11
  6.4737287940692237E-02 a       882     0    59     1    12
 -1.7110446632314935E-01 a       883     0    59     1    13
 -4.1605936243838175E-02 a       884     0    59     1    14
  6.9950956026389219E-02 a       885     0    59     1    15
 -1.2249746486927406E-01 a       886     0    60     1     1
  1.3459264430899641E-02 a       887     0    60     1     2
 -1.2996701098303293E-01 a       888     0    60     1     3
  2.0421463653310915E-01 a       889     0    60     1     4
 -2.1573224086803591E-02 a       890     0    60     1     5
  5.3255122025771498E-02 a       891     0    60     1     6
  7.9808069173100474E-02 a       892     0    60     1     7
 -2.0570506846592246E-01 a       893     0    60     1     8
 -1.9715508248152169E-01 a       894     0    60     1     9
  1.6976284405830819E-01 a       895     0    60     1    10
 -2.0461594833476848E-01 a       896     0    60     1    11
  7.6876067745778265E-02 a       897     0    60     1    12
  4.8425634432137474E-02 a       898     0    60     1    13
  2.3837955913197481E-01 a       899     0    60     1    14
 -1.9621279113584161E-01 a       900     0    60     1    15
 -8.0296706429482945E-02 a       901     0    61     1     1
  1.3108951254066542E-01 a       902     0    61     1     2
 -1.2318560054612272E-01 a       903     0    61     1     3
  2.8615621018053664E-02 a       904     0    61     1     4
  1.8967310622208980E-01 a       905     0    61     1     5
  8.3779176017003659E-02 a       906     0    61     1     6
 -8.3673140356919140E-02 a       907     0    61     1     7
  4.2339062739377001E-02 a       908     0    61     1     8
  7.6597388468996330E-02 a       909     0    61     1     9
  7.0413718591534544E-02 a       910     0    61     1    10
 -2.3650502302274207E-01 a       911     0    61     1    11
  4.1190926052858401E-02 a       912     0    61     1    12
 -9.5805831956583820E-02 a       913     0    61     1    13
  7.6179045558222705E-02 a       914     0    61     1    14
  2.1973887650979941E-02 a       915     0    61     1    15
 -1.0690202710966247E-01 a       916     0    62     1     1
  6.1983560718229316E-02 a       917     0    62     1     2
 -9.8050825680942685E-02 a       918     0    62     1     3
 -1.3123642153714168E-02 a       919     0    62     1     4
 -1.1279807752799551E-01 a       920     0    62     1     5
  2.1837213553855520E-01 a       921     0    62     1     6
  8.9042414960594465E-02 a       922     0    62     1     7
  1.0296713159982721E-01 a       923     0    62     1     8
 -1.1625658447157529E-01 a       924     0    62     1     9
 -6.1835827160337926E-02 a       925     0    62     1    10
  1.7668359576960538E-01 a       926     0    62     1    11
  6.5366408168999204E-02 a       927     0    62     1    12
 -1.8154704990232476E-01 a       928     0    62     1    13
  3.0351581070293884E-02 a       929     0    62     1    14
  6.0005757492720017E-02 a       930     0    62     1    15
  7.6156486081003713E-02 a       931     0    63     1     1
  1.1670294441168620E-01 a       932     0    63     1     2
  1.2340122598976953E-01 a       933     0    63     1     3
  1.7883051660599775E-01 a       934     0    63     1     4
  2.1953627612381815E-01 a       935     0    63     1     5
  1.0640744319836644E-01 a       936     0    63     1     6
  5.3611830531165854E-02 a       937     0    63     1     7
  2.9732549700958013E-03 a       938     0    63     1     8
  5.5830739332900559E-02 a       939     0    63     1     9
 -1.2270643263516794E-01 a       940     0    63     1    10
  2.6909586407487147E-02 a       941     0    63     1    11
  1.3620941191262811E-01 a       942     0    63     1    12
 -1.3226815569599606E-01 a       943     0    63     1    13
 -8.8897339536137977E-03 a       944     0    63     1    14
 -9.7482512073310254E-02 a       945     0    63     1    15
  9.7659877429402395E-02 a       946     0    64     1     1
 -1.2804568366005841E-02 a       947     0    64     1     2
  3.6098658449027804E-03 a       948     0    64     1     3
  5.1638574171909320E-02 a       949     0    64     1     4
  3.0365447680218455E-01 a       950     0    64     1     5
 -5.4598980538273688E-02 a       951     0    64     1     6
  7.7015056950537758E-02 a       952     0    64     1     7
  3.4680006126626653E-02 a       953     0    64     1     8
 -5.1408782774497779E-02 a       954     0    64     1     9
  1.0372940169025835E-01 a       955     0    64     1    10
  4.4604742428712089E-02 a       956     0    64     1    11
  1.8067180528554130E-02 a       957     0    64     1    12
 -2.3695029966420002E-02 a       958     0    64     1    13
 -1.0329510669323994E-02 a       959     0    64     1    14
  6.7187721723182131E-02 a       960     0    64     1    15
  1.4277728368272699E-01 a       961     0    65     1     1
 -5.0257259498192881E-02 a       962     0    65     1     2
 -1.1170155330010019E-02 a       963     0    65     1     3
 -3.8846467558391155E-02 a       964     0    65     1     4
 -2.0318627158028485E-02 a       965     0    65     1     5
 -8.5403611158603579E-02 a       966     0    65     1     6
 -1.1871012262628811E-02 a       967     0    65     1     7
 -3.2609262067713446E-02 a       968     0    65     1     8
 -3.3672085371522862E-03 a       969     0    65     1     9
  2.3774671809827028E-01 a       970     0    65     1    10
 -1.4745539856100248E-02 a       971     0    65     1    11
  1.7180032804555914E-01 a       972     0    65     1    12
  1.4383905118248894E-01 a       973     0    65     1    13
 -3.7453303148691386E-02 a       974     0    65     1    14
 -7.1230202916075930E-03 a       975     0    65     1    15
 -3.6634019616258305E-02 a       976     0    66     1     1
 -7.0235638617425045E-02 a       977     0    66     1     2
  1.8580835604043022E-01 a       978     0    66     1     3
  1.0036779112868784E-01 a       979     0    66     1     4
 -2.6213563240645210E-01 a       980     0    66     1     5
 -6.6479268907711275E-02 a       981     0    66     1     6
 -3.1055617997539940E-02 a       982     0    66     1     7
 -1.9772083740562486E-02 a       983     0    66     1     8
  4.8992170584466633E-03 a       984     0    66     1     9
 -8.4229597862091304E-02 a       985     0    66     1    10
  8.6525163115791545E-02 a       986     0    66     1    11
  1.9217532887913807E-01 a       987     0    66     1    12
 -9.9163927021146112E-02 a       988     0    66     1    13
 -6.7269559474753826E-02 a       989     0    66     1    14
 -4.4765323474936426E-02 a       990     0    66     1    15
  4.1634105646783321E-03 a       991     0    67     1     1
  8.8170372828331012E-02 a       992     0    67     1     2
 -2.4694723909129668E-01 a       993     0    67     1     3
 -1.1641964663543154E-01 a       994     0    67     1     4
 -2.5938536881070468E-01 a       995     0    67     1     5
  3.2263707302429438E-02 a       996     0    67     1     6
  1.2519337362042748E-01 a       997     0    67     1     7
  7.4477204357356608E-02 a       998     0    67     1     8
  1.1629194680873506E-02 a       999     0    67     1     9
 -4.6191425747858325E-02 a      1000     0    67     1    10
  2.4461800931641392E-01 a      1001     0    67     1    11
  9.1461496272323972E-02 a      1002     0    67     1    12
 -9.5288108842555230E-02 a      1003     0    67     1    13
  1.0284208077143721E-01 a      1004     0    67     1    14
 -5.4087264206802545E-03 a      1005     0    67     1    15
 -1.4977016623164352E-01 a      1006     0    68     1     1
  1.1994263722035958E-01 a      1007     0    68     1     2
 -4.0382428969817710E-02 a      1008     0    68     1     3
 -5.7071086967434848E-02 a      1009     0    68     1     4
 -5.2764867521131353E-02 a      1010     0    68     1     5
  1.6804472656302447E-01 a      1011     0    68     1     6
 -4.1246151516405184E-02 a      1012     0    68     1     7
  1.7370477367806644E-01 a      1013     0    68     1     8
  1.3468923234459929E-01 a      1014     0    68     1     9
 -8.4847906879367524E-02 a      1015     0    68     1    10
  3.0335666070976441E-01 a      1016     0    68     1    11
 -1.7224663829235271E-01 a      1017     0    68     1    12
 -7.1325282643832144E-02 a      1018     0    68     1    13
 -5.7551910245958710E-02 a      1019     0    68     1    14
  8.0413606534855296E-04 a      1020     0    68     1    15
 -2.9291700575702573E-01 a      1021     0    69     1     1
 -2.2205233538322610E-02 a      1022     0    69     1     2
 -9.5292702855874878E-02 a      1023     0    69     1     3
 -3.6159072426226804E-02 a      1024     0    69     1     4
  3.3484629171895354E-02 a      1025     0    69     1     5
  1.8323989529190923E-02 a      1026     0    69     1     6
 -2.4706980263352996E-02 a      1027     0    69     1     7
  5.3642543002822882E-02 a      1028     0    69     1     8
 -9.2062061781327489E-02 a      1029     0    69     1     9
 -1.0167826745609727E-01 a      1030     0    69     1    10
  7.8577794735175482E-02 a      1031     0    69     1    11
  1.2207453821860531E-01 a      1032     0    69     1    12
  4.3967667183856474E-02 a      1033     0    69     1    13
 -7.7149722057436084E-03 a      1034     0    69     1    14
  1.4309498872514773E-01 a      1035     0    69     1    15
  5.5082375483552520E-02 a      1036     0    70     1     1
 -1.0444937188373257E-01 a      1037     0    70     1     2
  6.8315138571012929E-02 a      1038     0    70     1     3
 -5.8516859648697968E-02 a      1039     0    70     1     4
 -1.7952134115281772E-02 a      1040     0    70     1     5
  1.8100074415896042E-01 a      1041     0    70     1     6
  2.1771327057007139E-01 a      1042     0    70     1     7
  7.3893421640587986E-02 a      1043     0    70     1     8
 -1.6288396810608285E-01 a      1044     0    70     1     9
  3.0540259577510526E-02 a      1045     0    70     1    10
  1.6998571863523215E-01 a      1046     0    70     1    11
  1.9652114187297162E-01 a      1047     0    70     1    12
 -1.4087535914564250E-01 a      1048     0    70     1    13
  1.4676317912262843E-01 a      1049     0    70     1    14
  2.8575994696514850E-01 a      1050     0    70     1    15
 -7.2227255059642559E-02 a      1051     0    71     1     1
 -2.3845254579257311E-01 a      1052     0    71     1     2
 -6.8056773945577034E-02 a      1053     0    71     1     3
 -1.4534047565436722E-01 a      1054     0    71     1     4
  2.0150528691757566E-01 a      1055     0    71     1     5
  3.0277093794888088E-01 a      1056     0    71     1     6
  5.5604903278179491E-02 a      1057     0    71     1     7
  6.5165506157393738E-03 a      1058     0    71     1     8
 -1.4063295820178498E-01 a      1059     0    71     1     9
  6.4107987939174438E-02 a      1060     0    71     1    10
 -1.6504002243484345E-01 a      1061     0    71     1    11
  1.1216215379792230E-01 a      1062     0    71     1    12
  4.3771332945564449E-02 a      1063     0    71     1    13
  8.8287653598136201E-02 a      1064     0    71     1    14
 -5.5263829359626558E-02 a      1065     0    71     1    15
  4.1985228405209296E-02 a      1066     0    72     1     1
  1.3924907864632582E-01 a      1067     0    72     1     2
 -4.9875715561422423E-02 a      1068     0    72     1     3
 -1.7730860423787274E-02 a      1069     0    72     1     4
 -8.2628332055006914E-02 a      1070     0    72     1     5
 -2.3235872738173777E-02 a      1071     0    72     1     6
 -6.3535004063780792E-02 a      1072     0    72     1     7
 -1.1121847715484658E-01 a      1073     0    72     1     8
  2.1879878310032413E-01 a      1074     0    72     1     9
 -3.0934908495852943E-02 a      1075     0    72     1    10
 -2.1242083543432147E-01 a      1076     0    72     1    11
  7.2210866766243414E-02 a      1077     0    72     1    12
  7.4118297136782516E-02 a      1078     0    72     1    13
  5.9167778705591763E-02 a      1079     0    72     1    14
 -3.7072168981705941E-02 a      1080     0    72     1    15
 -2.1559496560449154E-01 a      1081     0    73     1     1
 -1.1543245578927054E-02 a      1082     0    73     1     2
  3.8813418431925838E-02 a      1083     0    73     1     3
 -1.1974488068653847E-02 a      1084     0    73     1     4
 -1.8567145973020732E-01 a      1085     0    73     1     5
 -2.0274769095783482E-01 a      1086     0    73     1     6
 -3.9293355734758027E-02 a      1087     0    73     1     7
 -5.3359570017107900E-02 a      1088     0    73     1     8
 -8.5771283050003574E-02 a      1089     0    73     1     9
  1.1692420511557949E-02 a      1090     0    73     1    10
  2.7160619130881750E-02 a      1091     0    73     1    11
  2.2253062856775088E-01 a      1092     0    73     1    12
 -6.8773557023404333E-02 a      1093     0    73     1    13
  9.7290019086429050E-02 a      1094     0    73     1    14
  9.2876157786071376E-02 a      1095     0    73     1    15
  2.3808984976946182E-02 a      1096     0    74     1     1
 -9.0279719872431288E-02 a      1097     0    74     1     2
  8.4791338842224867E-02 a      1098     0    74     1     3
 -4.0838388173492522E-02 a      1099     0    74     1     4
 -4.1356135891781734E-02 a      1100     0    74     1     5
  1.0371204374251394E-01 a      1101     0    74     1     6
  2.0627902219633187E-02 a      1102     0    74     1     7
  1.9681734209417823E-02 a      1103     0    74     1     8
  1.1628261714928867E-02 a      1104     0    74     1     9
  1.1692852805802334E-01 a      1105     0    74     1    10
 -2.3358177166953487E-02 a      1106     0    74     1    11
 -2.9399212127619633E-03 a      1107     0    74     1    12
  1.0100513622036170E-01 a      1108     0    74     1    13
 -3.1051175664867692E-02 a      1109     0    74     1    14
 -4.1374556477182814E-02 a      1110     0    74     1    15
 -1.8275331166194761E-01 a      1111     0    75     1     1
 -9.7049784549620224E-03 a      1112     0    75     1     2
 -6.7411935083451516E-02 a      1113     0    75     1     3
  6.7765679645193311E-02 a      1114     0    75     1     4
  8.0023150012444311E-02 a      1115     0    75     1     5
  1.8875417143104095E-01 a      1116     0    75     1     6
 -2.4036002221055774E-01 a      1117     0    75     1     7
 -3.1475950529740268E-02 a      1118     0    75     1     8
  3.1674530119109333E-02 a      1119     0    75     1     9
 -6.3701850655081868E-02 a      1120     0    75     1    10
 -1.7790673904959159E-01 a      1121     0    75     1    11
 -2.1715093410987027E-02 a      1122     0    75     1    12
 -4.2087737808812621E-02 a      1123     0    75     1    13
 -6.4118238447270881E-02 a      1124     0    75     1    14
  1.1825333387183948E-02 a      1125     0    75     1    15
  2.3877058425040984E-01 a      1126     0    76     1     1
 -4.5393286189070757E-02 a      1127     0    76     1     2
 -4.5983764881422765E-02 a      1128     0    76     1     3
 -7.0750351685861343E-02 a      1129     0    76     1     4
 -1.7710400693139765E-02 a      1130     0    76     1     5
 -2.3140335288342784E-01 a      1131     0    76     1     6
  1.5593532986774872E-01 a      1132     0    76     1     7
 -1.6078300657132230E-01 a      1133     0    76     1     8
 -6.4128346298069530E-02 a      1134     0    76     1     9
 -1.0339771568757473E-01 a      1135     0    76     1    10
  1.4296608567064785E-02 a      1136     0    76     1    11
 -1.1278550889312157E-01 a      1137     0    76     1    12
 -9.1706496167855787E-03 a      1138     0    76     1    13
  7.7528579636606254E-02 a      1139     0    76     1    14
  1.8836791958010669E-02 a      1140     0    76     1    15
  3.1686948927713954E-01 a      1141     0    77     1     1
  5.7382795946932137E-02 a      1142     0    77     1     2
  3.9815131413902312E-02 a      1143     0    77     1     3
 -4.1525414756378436E-02 a      1144     0    77     1     4
 -2.3192211952137476E-01 a      1145     0    77     1     5
  1.2217985562025538E-01 a      1146     0    77     1     6
  1.2294541697177165E-01 a      1147     0    77     1     7
 -1.7176163008360043E-01 a      1148     0    77     1     8
  1.6594966998070224E-01 a      1149     0    77     1     9
 -1.4886319644233550E-01 a      1150     0    77     1    10
 -1.9077606108276129E-01 a      1151     0    77     1    11
  1.9521118544535859E-01 a      1152     0    77     1    12
  6.7333759953821362E-02 a      1153     0    77     1    13
 -7.0181235965276340E-02 a      1154     0    77     1    14
 -2.8820751721619263E-02 a      1155     0    77     1    15
  8.8473437020231652E-02 a      1156     0    78     1     1
 -9.6698274892555364E-02 a      1157     0    78     1     2
  1.2107524162308215E-02 a      1158     0    78     1     3
 -2.9636953835379950E-02 a      1159     0    78     1     4
 -2.7212101883188500E-01 a      1160     0    78     1     5
 -3.1604469643433324E-02 a      1161     0    78     1     6
  1.0800649593197099E-01 a      1162     0    78     1     7
 -5.7799579162913409E-02 a      1163     0    78     1     8
  4.3916263549421880E-02 a      1164     0    78     1     9
  3.5104948274709578E-02 a      1165     0    78     1    10
 -1.3998716854921214E-01 a      1166     0    78     1    11
 -2.1143215901310977E-01 a      1167     0    78     1    12
  4.0585157419719985E-02 a      1168     0    78     1    13
  7.7605219285447682E-02 a      1169     0    78     1    14
 -1.4570899652358835E-01 a      1170     0    78     1    15
 -4.2790421435686996E-02 a      1171     0    79     1     1
  5.6404247900231311E-02 a      1172     0    79     1     2
 -1.3501904936620296E-01 a      1173     0    79     1     3
 -2.8198072313277336E-02 a      1174     0    79     1     4
  1.0229473426492405E-01 a      1175     0    79     1     5
 -9.5348509236476586E-02 a      1176     0    79     1     6
  6.3788258318114632E-02 a      1177     0    79     1     7
  3.3263352774601553E-02 a      1178     0    79     1     8
 -4.6320429505426829E-02 a      1179     0    79     1     9
 -7.5258071684309299E-02 a      1180     0    79     1    10
  9.6944367352150743E-02 a      1181     0    79     1    11
 -2.3622496184410816E-02 a      1182     0    79     1    12
 -9.6462867006516136E-03 a      1183     0    79     1    13
  2.8154931771112845E-02 a      1184     0    79     1    14
  3.7835947967232109E-02 a      1185     0    79     1    15
 -2.1404530244459027E-02 a      1186     0    80     1     1
 -1.6627158807991030E-01 a      1187     0    80     1     2
 -1.2294929083332150E-01 a      1188     0    80     1     3
  9.1439593412670925E-02 a      1189     0    80     1     4
  2.7731976873968506E-01 a      1190     0    80     1     5
  1.2273842937188767E-01 a      1191     0    80     1     6
  8.8567699102504172E-02 a      1192     0    80     1     7
 -2.0894888654332067E-01 a      1193     0    80     1     8
 -6.7072609600559496E-02 a      1194     0    80     1     9
  2.7580719575435531E-01 a      1195     0    80     1    10
 -1.6373235044369266E-01 a      1196     0    80     1    11
 -2.3350716221904519E-01 a      1197     0    80     1    12
  8.3713029497062608E-02 a      1198     0    80     1    13
  1.1273050825689060E-01 a      1199     0    80     1    14
  5.4514407329506791E-02 a      1200     0    80     1    15
 -4.0450139874323415E-02 a      1201     0    81     1     1
 -3.0381701560864666E-01 a      1202     0    81     1     2
  1.4377615489488338E-01 a      1203     0    81     1     3
 -3.1958807857093242E-02 a      1204     0    81     1     4
  8.6535771846804249E-02 a      1205     0    81     1     5
  1.3310151797731778E-01 a      1206     0    81     1     6
  7.3969805566885885E-02 a      1207     0    81     1     7
  8.8260498144248328E-02 a      1208     0    81     1     8
 -9.2109282570946582E-02 a      1209     0    81     1     9
 -1.6634397313535515E-01 a      1210     0    81     1    10
 -1.3326192289569277E-01 a      1211     0    81     1    11
  3.5744128596553383E-02 a      1212     0    81     1    12
  2.7904182270748996E-02 a      1213     0    81     1    13
  3.1543338568990394E-02 a      1214     0    81     1    14
  4.7874284088896414E-02 a      1215     0    81     1    15
 -7.4434333400634017E-02 a      1216     0    82     1     1
 -1.4987708071614919E-01 a      1217     0    82     1     2
  1.6083330527208675E-01 a      1218     0    82     1     3
  1.0680016783743920E-01 a      1219     0    82     1     4
  7.7329288713103031E-02 a      1220     0    82     1     5
 -1.6038612214973914E-02 a      1221     0    82     1     6
 -1.0725149854932663E-01 a      1222     0    82     1     7
 -5.4209877374559408E-02 a      1223     0    82     1     8
 -1.5216315465392627E-01 a      1224     0    82     1     9
 -1.9622198089347551E-01 a      1225     0    82     1    10
 -5.6812850752685391E-02 a      1226     0    82     1    11
  5.1150950146971505E-02 a      1227     0    82     1    12
 -1.0137635357423730E-01 a      1228     0    82     1    13
 -4.0872331354809714E-02 a      1229     0    82     1    14
  5.5725449083165839E-03 a      1230     0    82     1    15
 -8.5698449997735654E-02 a      1231     0    83     1     1
 -1.1607910150270571E-02 a      1232     0    83     1     2
 -2.3133309192926210E-01 a      1233     0    83     1     3
 -1.8940334761010626E-02 a      1234     0    83     1     4
  2.7953604466532979E-02 a      1235     0    83     1     5
 -1.2752311698585028E-01 a      1236     0    83     1     6
 -7.6331724907938048E-02 a      1237     0    83     1     7
  2.3707449836532640E-01 a      1238     0    83     1     8
 -2.1111851552026531E-01 a      1239     0    83     1     9
 -1.2344247996128948E-02 a      1240     0    83     1    10
 -2.3443572816304636E-01 a      1241     0    83     1    11
  2.3712749678085870E-01 a      1242     0    83     1    12
  3.0378494723429027E-03 a      1243     0    83     1    13
 -9.3562496664792577E-02 a      1244     0    83     1    14
 -5.5027493163350927E-02 a      1245     0    83     1    15
 -1.9605206109889170E-01 b      1246     1     1
 -3.7379639699041506E-01 b      1247     1     2
  7.8730683752133368E-01 b      1248     1     3
 -9.0303383366601986E-01 b      1249     1     4
  1.3382024633914380E+00 b      1250     1     5
 -1.3295179432034669E+00 b      1251     1     6
  8.2225164515028115E-01 b      1252     1     7
  9.4297565662853555E-01 b      1253     1     8
  1.1303837745362522E+00 b      1254     1     9
 -2.6956453044259943E-01 b      1255     1    10
  1.0524249494061793E+00 b      1256     1    11
 -1.1900215920873602E+00 b      1257     1    12
  9.7024912181713885E-01 b      1258     1    13
 -2.8895033952462396E-01 b      1259     1    14
  9.1028900670404911E-01 b      1260     1    15
  6.6531234969725916E-01 a      1261     1     1     2     1
 -4.8990789129727558E-01 a      1262     1     1     2     2
 -7.1049547038406569E-01 a      1263     1     1     2     3
  1.6597820422866891E-01 a      1264     1     1     2     4
  2.9574891745480913E-01 a      1265     1     1     2     5
  6.0338139362383736E-01 a      1266     1     1     2     6
  8.7567107958033041E-01 a      1267     1     1     2     7
 -7.0945262914822482E-01 a      1268     1     1     2     8
 -2.9939930732420345E-01 a      1269     1     1     2     9
 -1.5948795315228423E-01 a      1270     1     1     2    10
 -6.7149676009529125E-01 a      1271     1     1     2    11
 -6.0081375044395924E-01 a      1272     1     1     2    12
  1.5497022944149252E-01 a      1273     1     1     2    13
 -2.6346457523126282E-01 a      1274     1     1     2    14
  1.0158583159953842E+00 a      1275     1     1     2    15
 -4.4641174760232716E-02 a      1276     1     2     2     1
 -4.7631195173450525E-01 a      1277     1     2     2     2
  5.6708703336238586E-01 a      1278     1     2     2     3
  1.9177505659125416E-01 a      1279     1     2     2     4
  7.0007926549379129E-01 a      1280     1     2     2     5
  7.5703366897605831E-02 a      1281     1     2     2     6
  6.1850778273062246E-01 a      1282     1     2     2     7
 -5.4146840267631990E-01 a      1283     1     2     2     8
  4.3943871196617901E-01 a      1284     1     2     2     9
  3.2688528144234008E-02 a      1285     1     2     2    10
 -4.3536328689236459E-01 a      1286     1     2     2    11
  5.1542107709284990E-01 a      1287     1     2     2    12
 -5.3030158711586506E-01 a      1288     1     2     2    13
  3.1970645816134763E-01 a      1289     1     2     2    14
  8.7492798735213817E-01 a      1290     1     2     2    15
 -7.9643672250499375E-01 a      1291     1     3     2     1
  5.5660592090684058E-01 a      1292     1     3     2     2
  5.3361659353307112E-01 a      1293     1     3     2     3
  3.5660888851746358E-01 a      1294     1     3     2     4
 -3.7031202139791131E-01 a      1295     1     3     2     5
  6.9393490863923490E-01 a      1296     1     3     2     6
 -4.0094585923761727E-01 a      1297     1     3     2     7
 -5.7391635781212458E-01 a      1298     1     3     2     8
  6.0499658972466341E-01 a      1299     1     3     2     9
 -7.5765978159259606E-01 a      1300     1     3     2    10
  2.0842138607810637E-01 a      1301     1     3     2    11
  1.9181454949055954E-01 a      1302     1     3     2    12
 -2.6312573702576475E-01 a      1303     1     3     2    13
 -5.8371728481294827E-01 a      1304     1     3     2    14
 -1.6012793185203486E-01 a      1305     1     3     2    15
  3.1137726264100529E-01 a      1306     1     4     2     1
 -3.2228510898409712E-01 a      1307     1     4     2     2
  3.1008355805000106E-02 a      1308     1     4     2     3
 -6.1798226755175811E-01 a      1309     1     4     2     4
 -1.5792051873216392E-01 a      1310     1     4     2     5
 -4.9744473708077225E-01 a      1311     1     4     2     6
  4.7589249532162586E-01 a      1312     1     4     2     7
 -2.2685376508882002E-01 a      1313     1     4     2     8
  8.1033392611556967E-02 a      1314     1     4     2     9
 -4.1441487123726600E-01 a      1315     1     4     2    10
  5.0401239376608553E-01 a      1316     1     4     2    11
 -1.5996731921871007E-01 a      1317     1     4     2    12
  8.0027739538534953E-02 a      1318     1     4     2    13
 -4.0503359933102179E-01 a      1319     1     4     2    14
  1.7879317995000110E-01 a      1320     1     4     2    15
 -2.0124861519648546E-01 a      1321     1     5     2     1
  7.7614468225906963E-01 a      1322     1     5     2     2
  5.7875375485120328E-01 a      1323     1     5     2     3
 -5.1563221278305094E-01 a      1324     1     5     2     4
 -6.3726212090913381E-01 a      1325     1     5     2     5
  4.0685307578809130E-02 a      1326     1     5     2     6
  5.5384385920715917E-01 a      1327     1     5     2     7
  7.5706016591913272E-01 a      1328     1     5     2     8
  2.2773016130801156E-03 a      1329     1     5     2     9
 -1.4883145695817587E-01 a      1330     1     5     2    10
  3.5334076724393376E-01 a      1331     1     5     2    11
  5.6996037584688641E-01 a      1332     1     5     2    12
 -4.2898943755536417E-01 a      1333     1     5     2    13
  4.9165277747433217E-01 a      1334     1     5     2    14
  2.4075831279712065E-01 a      1335     1     5     2    15
  2.2524811715949142E-01 a      1336     1     6     2     1
 -3.0320042895993421E-01 a      1337     1     6     2     2
  3.3567914405288829E-01 a      1338     1     6     2     3
 -2.1288370556984965E-01 a      1339     1     6     2     4
 -3.4764133755845994E-01 a      1340     1     6     2     5
 -7.9130642309299615E-02 a      1341     1     6     2     6
  3.3331784177199147E-01 a      1342     1     6     2     7
  3.1379617140970345E-01 a      1343     1     6     2     8
 -4.6952701406940789E-01 a      1344     1     6     2     9
  2.5548919072059850E-01 a      1345     1     6     2    10
 -9.8813780736330417E-02 a      1346     1     6     2    11
  5.4574117250476950E-01 a      1347     1     6     2    12
  7.1759097688319551E-01 a      1348     1     6     2    13
  6.5261802669702518E-01 a      1349     1     6     2    14
 -2.2972710242190744E-01 a      1350     1     6     2    15
 -4.7318556328777633E-01 a      1351     1     7     2     1
  4.5196524166359880E-01 a      1352     1     7     2     2
 -7.3564365487823788E-02 a      1353     1     7     2     3
  3.2759729273965238E-01 a      1354     1     7     2     4
  2.9555244595285940E-01 a      1355     1     7     2     5
 -3.9457319612084002E-01 a      1356     1     7     2     6
  5.7241345874399785E-01 a      1357     1     7     2     7
  5.2483019495764960E-01 a      1358     1     7     2     8
  1.4553412684719014E-01 a      1359     1     7     2     9
 -2.4437387144306999E-01 a      1360     1     7     2    10
  3.6091963505353353E-01 a      1361     1     7     2    11
  9.0346058167150717E-02 a      1362     1     7     2    12
 -4.2558532457460541E-01 a      1363     1     7     2    13
 -1.3502416455617882E-02 a      1364     1     7     2    14
 -3.2443117109558972E-01 a      1365     1     7     2    15
 -2.0590428312991294E-01 a      1366     1     8     2     1
 -4.0069126919722925E-01 a      1367     1     8     2     2
  3.7593540303223483E-01 a      1368     1     8     2     3
 -7.9353132507286239E-01 a      1369     1     8     2     4
  2.5667471358903748E-01 a      1370     1     8     2     5
 -5.3238134652389357E-01 a      1371     1     8     2     6
 -4.5232220662215872E-01 a      1372     1     8     2     7
  3.2951165018461204E-01 a      1373     1     8     2     8
  3.4828067867116613E-01 a      1374     1     8     2     9
 -6.1119481463723091E-01 a      1375     1     8     2    10
  5.3519123357010723E-01 a      1376     1     8     2    11
 -4.1540266888657040E-01 a      1377     1     8     2    12
 -5.5445798405931949E-03 a      1378     1     8     2    13
  4.3252470412501764E-01 a      1379     1     8     2    14
  2.6253300210950559E-01 a      1380     1     8     2    15
 -5.8184210948886139E-01 a      1381     1     9     2     1
 -3.9585014987027795E-01 a      1382     1     9     2     2
  1.6507374608269312E-01 a      1383     1     9     2     3
 -1.3896679749469484E-01 a      1384     1     9     2     4
 -2.4237120094542772E-01 a      1385     1     9     2     5
 -5.1467060253546126E-01 a      1386     1     9     2     6
 -2.0049261509920815E-01 a      1387     1     9     2     7
  1.1843971966470929E-01 a      1388     1     9     2     8
 -6.3392405240980043E-01 a      1389     1     9     2     9
  6.9359690959786358E-01 a      1390     1     9     2    10
 -2.1162423656143539E-01 a      1391     1     9     2    11
 -4.4661536169259641E-01 a      1392     1     9     2    12
 -1.6118379661882146E-01 a      1393     1     9     2    13
 -3.3064232408173500E-01 a      1394     1     9     2    14
 -2.2494669039716084E-01 a      1395     1     9     2    15
 -1.2612717225431896E-01 a      1396     1    10     2     1
 -7.9052267906962972E-02 a      1397     1    10     2     2
 -4.0916585481228956E-01 a      1398     1    10     2     3
  4.8338020088382044E-01 a      1399     1    10     2     4
 -1.6604173894756402E-01 a      1400     1    10     2     5
 -4.2900737574428022E-01 a      1401     1    10     2     6
 -1.0963213978020356E-01 a      1402     1    10     2     7
  1.3031342499747800E-01 a      1403     1    10     2     8
 -2.5366518677300187E-01 a      1404     1    10     2     9
 -5.3273177185021137E-01 a      1405     1    10     2    10
 -3.8608580148951949E-01 a      1406     1    10     2    11
 -1.6895776425588466E-01 a      1407     1    10     2    12
 -7.0801926989380037E-01 a      1408     1    10     2    13
 -8.8997910894162299E-02 a      1409     1    10     2    14
  1.9496335357839378E-01 a      1410     1    10     2    15
  2.4342907352233040E-01 a      1411     1    11     2     1
  7.5997772547151829E-02 a      1412     1    11     2     2
 -7.1842103435859106E-01 a      1413     1    11     2     3
  4.0941719725428033E-01 a      1414     1    11     2     4
  6.3076624799400993E-01 a      1415     1    11     2     5
  3.3385722715940362E-02 a      1416     1    11     2     6
  2.5799752118959973E-01 a      1417     1    11     2     7
 -4.1990345757537223E-01 a      1418     1    11     2     8
 -6.0798114310366069E-01 a      1419     1    11     2     9
 -5.6803324611835215E-01 a      1420     1    11     2    10
 -7.7699662722109750E-02 a      1421     1    11     2    11
 -3.0197443918636147E-01 a      1422     1    11     2    12
 -3.0658762747584167E-02 a      1423     1    11     2    13
  1.0279693762095884E-01 a      1424     1    11     2    14
 -6.0780198982764233E-01 a      1425     1    11     2    15
 -2.1709034423601684E-02 a      1426     1    12     2     1
  1.0921188696525483E-01 a      1427     1    12     2     2
  6.3049898525728221E-01 a      1428     1    12     2     3
  9.4948671406137788E-02 a      1429     1    12     2     4
 -4.8905161448930040E-01 a      1430     1    12     2     5
  1.7748974109445945E-01 a      1431     1    12     2     6
 -2.4604216554660163E-01 a      1432     1    12     2     7
  1.5958227332111530E-01 a      1433     1    12     2     8
 -1.7415666779268263E-01 a      1434     1    12     2     9
  6.3008847990860123E-02 a      1435     1    12     2    10
 -3.4211810995406999E-01 a      1436     1    12     2    11
  4.2083361090646298E-01 a      1437     1    12     2    12
 -1.2425602879267768E-01 a      1438     1    12     2    13
 -6.3274333141684824E-01 a      1439     1    12     2    14
  1.8019948124327081E-01 a      1440     1    12     2    15
  4.7026656747546808E-01 a      1441     1    13     2     1
 -2.6250999006376607E-01 a      1442     1    13     2     2
  4.0921882467637816E-01 a      1443     1    13     2     3
  2.7669424706016066E-01 a      1444     1    13     2     4
  8.5446394403911752E-01 a      1445     1    13     2     5
 -1.6246709958804473E-01 a      1446     1    13     2     6
  1.3056495106623570E-01 a      1447     1    13     2     7
 -4.9064577260102521E-01 a      1448     1    13     2     8
 -4.3071415672666635E-01 a      1449     1    13     2     9
 -3.4511094340549092E-01 a      1450     1    13     2    10
 -9.1086576371556738E-01 a      1451     1    13     2    11
  2.9096198150286856E-02 a      1452     1    13     2    12
  6.2088836262420910E-01 a      1453     1    13     2    13
 -1.1642349243064488E-01 a      1454     1    13     2    14
 -6.0079871185914913E-01 a      1455     1    13     2    15
 -8.6044565895074898E-01 a      1456     1    14     2     1
 -5.1242307492651484E-01 a      1457     1    14     2     2
  2.6988980603252105E-01 a      1458     1    14     2     3
 -5.2773150233145627E-01 a      1459     1    14     2     4
  2.7676942233954591E-02 a      1460     1    14     2     5
 -2.8930573116840236E-02 a      1461     1    14     2     6
 -3.0820458840200560E-01 a      1462     1    14     2     7
 -1.6228866659863733E-01 a      1463     1    14     2     8
  6.5250176283903949E-01 a      1464     1    14     2     9
  4.8489310558273840E-01 a      1465     1    14     2    10
  4.5076688987622648E-01 a      1466     1    14     2    11
 -3.9810150786252679E-01 a      1467     1    14     2    12
 -5.2634412144960974E-01 a      1468     1    14     2    13
  4.7773642529654714E-01 a      1469     1    14     2    14
 -5.1788315867394297E-01 a      1470     1    14     2    15
  3.4502722069125275E-01 a      1471     1    15     2     1
  7.2925309273702121E-01 a      1472     1    15     2     2
  3.2115500749054260E-01 a      1473     1    15     2     3
 -5.0270060629053714E-01 a      1474     1    15     2     4
 -1.6932815776992868E-01 a      1475     1    15     2     5
  7.6247570954516852E-01 a      1476     1    15     2     6
  3.4103592814897254E-01 a      1477     1    15     2     7
 -6.5274383306711259E-01 a      1478     1    15     2     8
 -2.4417071393774598E-01 a      1479     1    15     2     9
  1.5483980562358768E-01 a      1480     1    15     2    10
  1.5371216398057819E-01 a      1481     1    15     2    11
 -2.4568202540807813E-01 a      1482     1    15     2    12
 -1.7271728239568881E-01 a      1483     1    15     2    13
 -6.3619137593386899E-01 a      1484     1    15     2    14
 -2.7539966162146862E-01 a      1485     1    15     2    15
  1.4695900575499499E+00 b      1486     2     1
  3.8475411935198955E-01 b      1487     2     2
 -1.6926865386963960E-01 b      1488     2     3
  2.1387939863166974E-01 b      1489     2     4
 -1.5038648257421199E+00 b      1490     2     5
  1.3867305638843327E-01 b      1491     2     6
 -7.8744708690096343E-01 b      1492     2     7
 -1.0571689113841551E+00 b      1493     2     8
 -7.9549333433998293E-01 b      1494     2     9
 -1.0292987961868860E+00 b      1495     2    10
 -6.5918099953349629E-01 b      1496     2    11
  1.1901178056247501E+00 b      1497     2    12
 -2.9842279845890901E-01 b      1498     2    13
 -1.4885611999475228E+00 b      1499     2    14
  1.1388340928329291E-01 b      1500     2    15
  5.1105597863771901E-01 a      1501     2     1     3     1
 -8.0412510773298818E-01 a      1502     2     2     3     1
  7.4583055303060997E-01 a      1503     2     3     3     1
  6.5109296570543207E-01 a      1504     2     4     3     1
 -2.8310165854247094E-01 a      1505     2     5     3     1
 -2.7770927307763715E-01 a      1506     2     6     3     1
  5.4305574790404587E-01 a      1507     2     7     3     1
 -1.8855107038807309E-01 a      1508     2     8     3     1
  8.3227268117974917E-01 a      1509     2     9     3     1
 -8.0626908442087908E-01 a      1510     2    10     3     1
  3.7334759716685922E-01 a      1511     2    11     3     1
 -7.4855131369036387E-01 a      1512     2    12     3     1
  8.2207673817174226E-02 a      1513     2    13     3     1
  6.7523049513046374E-01 a      1514     2    14     3     1
 -5.6421689880058679E-01 a      1515     2    15     3     1
  3.3805485297556198E-01 b      1516     3     1
