-8.208655177565576722e+00 7.167319040924534281e-04
-8.158655177565577787e+00 6.515744582658666937e-04
-8.108655177565577077e+00 6.081361610481423848e-04
-8.058655177565576366e+00 3.475063777417956097e-04
-8.008655177565577432e+00 1.085957430443111247e-04
-7.958655177565576722e+00 8.687659443544890243e-05
-7.908655177565576899e+00 2.171914860886222561e-05
-7.858655177565577077e+00 2.171914860886222561e-05
-7.808655177565577254e+00 0.000000000000000000e+00
-7.758655177565577432e+00 0.000000000000000000e+00
-7.708655177565576722e+00 0.000000000000000000e+00
-7.658655177565576899e+00 0.000000000000000000e+00
-7.608655177565577077e+00 0.000000000000000000e+00
-7.558655177565577254e+00 0.000000000000000000e+00
-7.508655177565577432e+00 0.000000000000000000e+00
-7.458655177565576722e+00 0.000000000000000000e+00
-7.408655177565576899e+00 0.000000000000000000e+00
-7.358655177565577077e+00 0.000000000000000000e+00
-7.308655177565577254e+00 0.000000000000000000e+00
-7.258655177565577432e+00 0.000000000000000000e+00
-7.208655177565576722e+00 0.000000000000000000e+00
-7.158655177565576899e+00 0.000000000000000000e+00
-7.108655177565577077e+00 0.000000000000000000e+00
-7.058655177565576366e+00 0.000000000000000000e+00
-7.008655177565577432e+00 0.000000000000000000e+00
-6.958655177565576722e+00 0.000000000000000000e+00
-6.908655177565576899e+00 0.000000000000000000e+00
-6.858655177565577077e+00 0.000000000000000000e+00
-6.808655177565576366e+00 0.000000000000000000e+00
-6.758655177565577432e+00 0.000000000000000000e+00
-6.708655177565576722e+00 0.000000000000000000e+00
-6.658655177565576899e+00 0.000000000000000000e+00
-6.608655177565577077e+00 0.000000000000000000e+00
-6.558655177565576366e+00 0.000000000000000000e+00
-6.508655177565577432e+00 0.000000000000000000e+00
-6.458655177565576722e+00 0.000000000000000000e+00
-6.408655177565576899e+00 0.000000000000000000e+00
-6.358655177565577077e+00 0.000000000000000000e+00
-6.308655177565576366e+00 0.000000000000000000e+00
-6.258655177565577432e+00 0.000000000000000000e+00
-6.208655177565576722e+00 0.000000000000000000e+00
-6.158655177565576899e+00 0.000000000000000000e+00
-6.108655177565577077e+00 0.000000000000000000e+00
-6.058655177565577254e+00 0.000000000000000000e+00
-6.008655177565577432e+00 0.000000000000000000e+00
-5.958655177565576722e+00 0.000000000000000000e+00
-5.908655177565576899e+00 0.000000000000000000e+00
-5.858655177565577077e+00 0.000000000000000000e+00
-5.808655177565576366e+00 0.000000000000000000e+00
-5.758655177565577432e+00 0.000000000000000000e+00
-5.708655177565576722e+00 0.000000000000000000e+00
-5.658655177565576899e+00 0.000000000000000000e+00
-5.608655177565577077e+00 0.000000000000000000e+00
-5.558655177565576366e+00 0.000000000000000000e+00
-5.508655177565577432e+00 0.000000000000000000e+00
-5.458655177565576722e+00 0.000000000000000000e+00
-5.408655177565576899e+00 0.000000000000000000e+00
-5.358655177565577077e+00 0.000000000000000000e+00
-5.308655177565576366e+00 0.000000000000000000e+00
-5.258655177565577432e+00 0.000000000000000000e+00
-5.208655177565576722e+00 0.000000000000000000e+00
-5.158655177565576899e+00 0.000000000000000000e+00
-5.108655177565577077e+00 0.000000000000000000e+00
-5.058655177565576366e+00 0.000000000000000000e+00
-5.008655177565577432e+00 0.000000000000000000e+00
-4.958655177565576722e+00 0.000000000000000000e+00
-4.908655177565576899e+00 0.000000000000000000e+00
-4.858655177565577077e+00 0.000000000000000000e+00
-4.808655177565576366e+00 0.000000000000000000e+00
-4.758655177565577432e+00 0.000000000000000000e+00
-4.708655177565576722e+00 0.000000000000000000e+00
-4.658655177565576899e+00 0.000000000000000000e+00
-4.608655177565577077e+00 0.000000000000000000e+00
-4.558655177565576366e+00 0.000000000000000000e+00
-4.508655177565577432e+00 0.000000000000000000e+00
-4.458655177565576722e+00 0.000000000000000000e+00
-4.408655177565576899e+00 0.000000000000000000e+00
-4.358655177565577077e+00 0.000000000000000000e+00
-4.308655177565576366e+00 0.000000000000000000e+00
-4.258655177565577432e+00 0.000000000000000000e+00
-4.208655177565576722e+00 0.000000000000000000e+00
-4.158655177565576899e+00 0.000000000000000000e+00
-4.108655177565577077e+00 0.000000000000000000e+00
-4.058655177565576366e+00 0.000000000000000000e+00
-4.008655177565577432e+00 0.000000000000000000e+00
-3.958655177565576722e+00 0.000000000000000000e+00
-3.908655177565576899e+00 0.000000000000000000e+00
-3.858655177565577077e+00 0.000000000000000000e+00
-3.808655177565576366e+00 0.000000000000000000e+00
-3.758655177565577432e+00 0.000000000000000000e+00
-3.708655177565576722e+00 0.000000000000000000e+00
-3.658655177565576899e+00 0.000000000000000000e+00
-3.608655177565577077e+00 0.000000000000000000e+00
-3.558655177565576366e+00 0.000000000000000000e+00
-3.508655177565577432e+00 0.000000000000000000e+00
-3.458655177565576722e+00 0.000000000000000000e+00
-3.408655177565576011e+00 0.000000000000000000e+00
-3.358655177565577077e+00 0.000000000000000000e+00
-3.308655177565576366e+00 0.000000000000000000e+00
-3.258655177565577432e+00 0.000000000000000000e+00
-3.208655177565576722e+00 0.000000000000000000e+00
-3.158655177565576011e+00 0.000000000000000000e+00
-3.108655177565577077e+00 0.000000000000000000e+00
-3.058655177565576366e+00 0.000000000000000000e+00
-3.008655177565577432e+00 0.000000000000000000e+00
-2.958655177565576722e+00 0.000000000000000000e+00
-2.908655177565576011e+00 0.000000000000000000e+00
-2.858655177565577077e+00 0.000000000000000000e+00
-2.808655177565576366e+00 0.000000000000000000e+00
-2.758655177565577432e+00 0.000000000000000000e+00
-2.708655177565576722e+00 0.000000000000000000e+00
-2.658655177565576011e+00 0.000000000000000000e+00
-2.608655177565577077e+00 0.000000000000000000e+00
-2.558655177565576366e+00 0.000000000000000000e+00
-2.508655177565577432e+00 0.000000000000000000e+00
-2.458655177565576722e+00 0.000000000000000000e+00
-2.408655177565576011e+00 0.000000000000000000e+00
-2.358655177565577077e+00 0.000000000000000000e+00
-2.308655177565576366e+00 0.000000000000000000e+00
-2.258655177565577432e+00 0.000000000000000000e+00
-2.208655177565576722e+00 0.000000000000000000e+00
-2.158655177565576011e+00 0.000000000000000000e+00
-2.108655177565577077e+00 0.000000000000000000e+00
-2.058655177565576366e+00 0.000000000000000000e+00
-2.008655177565577432e+00 0.000000000000000000e+00
-1.958655177565576722e+00 0.000000000000000000e+00
-1.908655177565576011e+00 0.000000000000000000e+00
-1.858655177565577077e+00 0.000000000000000000e+00
-1.808655177565576366e+00 0.000000000000000000e+00
-1.758655177565577432e+00 0.000000000000000000e+00
-1.708655177565576722e+00 0.000000000000000000e+00
-1.658655177565576011e+00 0.000000000000000000e+00
-1.608655177565577077e+00 0.000000000000000000e+00
-1.558655177565576366e+00 0.000000000000000000e+00
-1.508655177565577432e+00 0.000000000000000000e+00
-1.458655177565576722e+00 0.000000000000000000e+00
-1.408655177565576011e+00 0.000000000000000000e+00
-1.358655177565577077e+00 0.000000000000000000e+00
-1.308655177565576366e+00 0.000000000000000000e+00
-1.258655177565577432e+00 0.000000000000000000e+00
-1.208655177565576722e+00 0.000000000000000000e+00
-1.158655177565576011e+00 0.000000000000000000e+00
-1.108655177565577077e+00 0.000000000000000000e+00
-1.058655177565576366e+00 0.000000000000000000e+00
-1.008655177565577432e+00 0.000000000000000000e+00
-9.586551775655767216e-01 0.000000000000000000e+00
-9.086551775655760110e-01 0.000000000000000000e+00
-8.586551775655770768e-01 0.000000000000000000e+00
-8.086551775655763663e-01 0.000000000000000000e+00
-7.586551775655774321e-01 0.000000000000000000e+00
-7.086551775655767216e-01 0.000000000000000000e+00
-6.586551775655760110e-01 0.000000000000000000e+00
-6.086551775655770768e-01 0.000000000000000000e+00
-5.586551775655763663e-01 0.000000000000000000e+00
-5.086551775655774321e-01 0.000000000000000000e+00
-4.586551775655767216e-01 0.000000000000000000e+00
-4.086551775655760110e-01 0.000000000000000000e+00
-3.586551775655770768e-01 0.000000000000000000e+00
-3.086551775655763663e-01 0.000000000000000000e+00
-2.586551775655774321e-01 0.000000000000000000e+00
-2.086551775655767216e-01 0.000000000000000000e+00
-1.586551775655777874e-01 0.000000000000000000e+00
-1.086551775655770768e-01 0.000000000000000000e+00
-5.865517756557636631e-02 0.000000000000000000e+00
-8.655177565575655763e-03 0.000000000000000000e+00
4.134482243442327842e-02 0.000000000000000000e+00
9.134482243442221261e-02 2.171914860886222561e-05
1.413448224344229232e-01 0.000000000000000000e+00
1.913448224344236337e-01 0.000000000000000000e+00
2.413448224344243442e-01 0.000000000000000000e+00
2.913448224344232784e-01 0.000000000000000000e+00
3.413448224344222126e-01 2.171914860886222561e-05
3.913448224344229232e-01 0.000000000000000000e+00
4.413448224344236337e-01 0.000000000000000000e+00
4.913448224344243442e-01 0.000000000000000000e+00
5.413448224344232784e-01 2.171914860886222561e-05
5.913448224344222126e-01 1.085957430443111247e-04
6.413448224344229232e-01 1.520340402620355962e-04
6.913448224344236337e-01 4.995404180038311246e-04
7.413448224344243442e-01 8.036084985279022628e-04
7.913448224344232784e-01 2.323948901148257737e-03
8.413448224344222126e-01 4.995404180038312547e-03
8.913448224344229232e-01 9.274076455984169715e-03
9.413448224344236337e-01 1.930832311327852074e-02
9.913448224344243442e-01 3.131901229397932723e-02
1.041344822434423278e+00 5.151782050022119669e-02
1.091344822434422213e+00 7.495278184918353903e-02
1.141344822434422923e+00 1.022537516505233474e-01
1.191344822434423634e+00 1.306189597336974151e-01
1.241344822434424344e+00 1.563127125379814575e-01
1.291344822434423278e+00 1.821802185311363342e-01
1.341344822434423989e+00 2.135426691223333839e-01
1.391344822434422923e+00 2.801118596084961609e-01
1.441344822434423634e+00 4.554071080306231756e-01
1.491344822434424344e+00 8.829268292474670154e-01
1.541344822434423278e+00 1.755319871419636302e+00
1.591344822434423989e+00 3.153620378006795733e+00
1.641344822434422923e+00 4.866935416016891836e+00
1.691344822434423634e+00 6.283957828704888726e+00
1.741344822434424344e+00 6.870353121995560031e+00
1.791344822434423278e+00 6.362190201994010863e+00
1.841344822434423989e+00 5.130497284385434398e+00
1.891344822434422923e+00 3.546150550814762159e+00
1.941344822434423634e+00 2.270715267907936319e+00
1.991344822434424344e+00 1.274675112705514923e+00
2.041344822434423278e+00 7.174269168479370240e-01
2.091344822434423989e+00 3.605595860557218035e-01
2.141344822434422923e+00 2.014233841985882678e-01
2.191344822434423634e+00 1.317049171641405114e-01
2.241344822434424344e+00 1.037523729045348453e-01
2.291344822434423278e+00 9.506471346098996356e-02
2.341344822434423989e+00 1.088129345303997381e-01
2.391344822434422923e+00 1.310099044086569520e-01
2.441344822434423634e+00 1.552919125533648859e-01
2.491344822434424344e+00 1.730798952640230648e-01
2.541344822434423278e+00 1.834616482990591990e-01
2.591344822434423989e+00 1.783576483759765907e-01
2.641344822434422923e+00 1.559869253088485008e-01
2.691344822434423634e+00 1.300542618698669883e-01
2.741344822434424344e+00 1.034917431212284966e-01
2.791344822434423278e+00 7.901426263904076652e-02
2.841344822434423989e+00 6.522260327241324873e-02
2.891344822434422923e+00 5.775121615096465155e-02
2.941344822434423634e+00 5.640462893721519266e-02
2.991344822434424344e+00 5.718651828713423174e-02
3.041344822434423278e+00 6.591761602789686370e-02
3.091344822434423989e+00 7.673375203511025033e-02
3.141344822434422923e+00 8.463952212873609993e-02
3.191344822434423634e+00 1.096165430289276488e-01
3.241344822434424344e+00 1.381120660037548908e-01
3.291344822434423278e+00 1.847647972155909424e-01
3.341344822434423989e+00 2.646043875017684566e-01
3.391344822434422923e+00 3.735259177752125459e-01
3.441344822434423634e+00 5.215201963959996689e-01
3.491344822434424344e+00 6.751180153578734133e-01
3.541344822434423278e+00 8.223955620745682094e-01
3.591344822434423989e+00 9.891769042420212044e-01
3.641344822434422923e+00 1.159368152741065749e+00
3.691344822434423634e+00 1.349323826474174703e+00
3.741344822434424344e+00 1.517408317558159414e+00
3.791344822434423278e+00 1.752800450181008163e+00
3.841344822434423989e+00 1.914781860505902600e+00
3.891344822434422923e+00 2.085472649422950742e+00
3.941344822434423634e+00 2.293107710123673648e+00
3.991344822434424344e+00 2.349186551831755843e+00
4.041344822434423278e+00 2.421619912442311673e+00
4.091344822434423989e+00 2.387433972531962656e+00
4.141344822434422923e+00 2.285636323002225190e+00
4.191344822434423634e+00 2.195436698829620781e+00
4.241344822434424344e+00 1.996576174166877715e+00
4.291344822434423278e+00 1.832705197913012007e+00
4.341344822434423989e+00 1.644291583731132267e+00
4.391344822434422923e+00 1.459439909921106171e+00
4.441344822434423634e+00 1.286685801886215952e+00
4.491344822434424344e+00 1.167165327091647109e+00
4.541344822434423278e+00 1.092147387796636782e+00
4.591344822434423989e+00 1.000514299815847163e+00
4.641344822434422923e+00 9.459123602131676023e-01
4.691344822434423634e+00 9.339451093296844419e-01
4.741344822434424344e+00 9.375504879987556217e-01
4.791344822434423278e+00 8.974569396667959609e-01
4.841344822434423989e+00 8.956108120350426693e-01
4.891344822434422923e+00 8.586882593999768387e-01
4.941344822434423634e+00 8.613814338274760063e-01
4.991344822434424344e+00 8.492621489037306404e-01
5.041344822434423278e+00 8.622719189204391954e-01
5.091344822434423989e+00 8.574719870778806374e-01
5.141344822434422923e+00 8.414866937017579929e-01
5.191344822434423634e+00 8.556910168919539261e-01
5.241344822434424344e+00 8.305402428028914041e-01
5.291344822434423278e+00 7.952900646107081695e-01
5.341344822434423989e+00 8.393799362866982694e-01
5.391344822434422923e+00 8.183775195819286141e-01
5.441344822434423634e+00 8.039777240542529402e-01
5.491344822434424344e+00 8.058455708346151658e-01
5.541344822434423278e+00 8.233512046133582007e-01
5.591344822434423989e+00 8.030655198126807059e-01
5.641344822434422923e+00 8.211792897524717860e-01
5.691344822434423634e+00 7.950294348274017375e-01
5.741344822434424344e+00 8.142291621976359695e-01
5.791344822434423278e+00 7.810857414205121252e-01
5.841344822434423989e+00 8.200064557275932309e-01
5.891344822434422923e+00 8.211141323066452058e-01
5.941344822434423634e+00 8.269131449852114013e-01
5.991344822434424344e+00 8.187250259596703383e-01
6.041344822434423278e+00 8.199847365789845188e-01
6.091344822434423989e+00 8.139685324143296485e-01
6.141344822434422923e+00 8.366433235619817887e-01
6.191344822434423634e+00 8.678754592615256502e-01
6.241344822434424344e+00 8.635316295397532649e-01
6.291344822434423278e+00 8.732835272651323644e-01
6.341344822434423989e+00 8.649650933479380299e-01
6.391344822434422923e+00 9.151797649316275596e-01
6.441344822434423634e+00 8.996071353790734415e-01
6.491344822434424344e+00 9.155489904579782179e-01
6.541344822434423278e+00 9.052106757201598963e-01
6.591344822434423989e+00 9.055799012465104436e-01
6.641344822434422923e+00 8.930045142019792381e-01
6.691344822434423634e+00 9.167652627800744192e-01
6.741344822434424344e+00 9.075563437699168956e-01
6.791344822434423278e+00 9.072522756893929285e-01
6.841344822434423989e+00 9.032125140481443992e-01
6.891344822434422923e+00 8.796689569561377819e-01
6.941344822434423634e+00 9.096196628877588619e-01
6.991344822434424344e+00 9.008016885525605977e-01
7.041344822434423278e+00 8.960669141558287309e-01
7.091344822434423989e+00 9.449349985257687878e-01
7.141344822434422923e+00 9.246710328737002271e-01
7.191344822434423634e+00 9.586180621493518572e-01
7.241344822434424344e+00 9.846158830341600332e-01
7.291344822434423278e+00 9.738431853241644731e-01
7.341344822434423989e+00 1.013372035792293513e+00
7.391344822434422923e+00 1.042497414076777984e+00
7.441344822434423634e+00 1.038153584355005377e+00
7.491344822434424344e+00 1.037654043937001669e+00
7.541344822434423278e+00 1.069364000905940637e+00
7.591344822434423989e+00 1.075966622083034618e+00
7.641344822434422923e+00 1.095166349453268850e+00
7.691344822434423634e+00 1.119535234192412299e+00
7.741344822434424344e+00 1.068060851989408810e+00
7.791344822434421502e+00 1.088324817641477038e+00
7.841344822434425765e+00 1.095470417533792817e+00
7.891344822434422923e+00 1.096426060072582809e+00
7.941344822434423634e+00 1.072382962562572484e+00
7.991344822434424344e+00 1.105135438664736736e+00
8.041344822434421502e+00 1.064390315874510939e+00
8.091344822434425765e+00 1.065237362670256704e+00
8.141344822434422923e+00 1.062435592499713533e+00
8.191344822434423634e+00 1.053400426678426705e+00
8.241344822434424344e+00 1.022233448424709534e+00
8.291344822434421502e+00 1.024991780298035060e+00
8.341344822434425765e+00 9.978862828341749092e-01
8.391344822434422923e+00 1.011721380498020073e+00
8.441344822434423634e+00 9.991459934534889786e-01
8.491344822434424344e+00 9.875914063935742337e-01
8.541344822434421502e+00 9.688477811441262855e-01
8.591344822434425765e+00 9.769490235752316121e-01
8.641344822434422923e+00 9.829000702940600132e-01
8.691344822434423634e+00 9.500172793002426008e-01
8.741344822434424344e+00 9.758630661447886823e-01
8.791344822434421502e+00 9.640912875987852626e-01
8.841344822434425765e+00 9.410689900733913982e-01
8.891344822434422923e+00 9.558597302760264425e-01
8.941344822434423634e+00 9.441748283244586482e-01
8.991344822434424344e+00 9.432191857856686568e-01
9.041344822434421502e+00 9.376373645931911360e-01
9.091344822434425765e+00 9.254963605208370581e-01
9.141344822434422923e+00 9.524063856472174683e-01
9.191344822434423634e+00 9.410038326275647069e-01
9.241344822434424344e+00 9.557945728301999733e-01
9.291344822434421502e+00 9.567502153689899647e-01
9.341344822434425765e+00 9.485186580462311445e-01
9.391344822434422923e+00 9.539267260498378587e-01
9.441344822434423634e+00 9.598560536200572146e-01
9.491344822434424344e+00 9.630704876141686910e-01
9.541344822434421502e+00 9.720839342868465849e-01
9.591344822434425765e+00 9.693473215621297712e-01
9.641344822434422923e+00 9.711934491938833958e-01
9.691344822434423634e+00 9.662414833110626322e-01
9.741344822434424344e+00 9.474978580616145729e-01
9.791344822434421502e+00 9.413296198566976081e-01
9.841344822434425765e+00 9.569891260036872405e-01
9.891344822434422923e+00 9.621582833725965678e-01
9.941344822434423634e+00 9.418508794233103609e-01
9.991344822434424344e+00 9.262999690193649549e-01
1.004134482243442150e+01 9.463033048881270837e-01
1.009134482243442577e+01 9.602252791464077619e-01
1.014134482243442292e+01 9.606596621185848894e-01
1.019134482243442363e+01 9.440879517300231338e-01
1.024134482243442434e+01 9.487358495323197083e-01
1.029134482243442150e+01 9.822484958357940998e-01
1.034134482243442577e+01 9.681093300914249689e-01
1.039134482243442292e+01 9.780567001542838090e-01
1.044134482243442363e+01 9.830303851857131736e-01
1.049134482243442434e+01 9.387233220236343989e-01
1.054134482243442150e+01 9.772748108043647353e-01
1.059134482243442577e+01 9.660677301221918256e-01
1.064134482243442292e+01 9.726703512992858069e-01
1.069134482243442363e+01 9.812711341483952854e-01
1.074134482243442434e+01 9.829869468884955275e-01
1.079134482243442150e+01 9.900673893349845045e-01
1.084134482243442577e+01 9.583791515146544704e-01
1.089134482243442292e+01 9.758847852933973943e-01
1.094134482243442719e+01 9.610288876449356588e-01
1.099134482243442434e+01 9.695862321968273800e-01
1.104134482243442150e+01 9.640695684501765506e-01
1.109134482243442577e+01 9.676532279706386852e-01
1.114134482243442292e+01 9.563809898426391953e-01
1.119134482243442719e+01 9.497783686655449920e-01
1.124134482243442434e+01 9.494960197336298480e-01
1.129134482243442150e+01 9.705853130328351286e-01
1.134134482243442577e+01 9.724097215159797081e-01
1.139134482243442292e+01 9.596605812825773629e-01
1.144134482243442719e+01 9.522326324583465507e-01
1.149134482243442434e+01 9.272773307067637694e-01
1.154134482243442150e+01 9.564678664370745986e-01
1.159134482243442577e+01 9.737345895811201357e-01
1.164134482243442292e+01 9.866357638547841313e-01
1.169134482243442719e+01 9.590958834187469639e-01
1.174134482243442434e+01 9.642867599362652253e-01
1.179134482243442150e+01 9.582705557716102440e-01
1.184134482243442577e+01 9.691301300760413184e-01
1.189134482243442292e+01 1.003815610404394265e+00
1.194134482243442719e+01 9.883081382976666163e-01
1.199134482243442434e+01 9.706504704786617088e-01
1.204134482243442150e+01 9.876782829880095260e-01
1.209134482243442577e+01 9.621800025212052798e-01
1.214134482243442292e+01 9.572063174897759152e-01
1.219134482243442719e+01 9.261262158304941483e-01
1.224134482243442434e+01 9.877217212852272832e-01
1.229134482243442150e+01 9.687174662524729030e-01
1.234134482243442577e+01 9.613763940226773830e-01
1.239134482243442292e+01 9.767535512377520934e-01
1.244134482243442719e+01 9.959967169052039715e-01
1.249134482243442434e+01 1.010787457107839238e+00
1.254134482243442150e+01 1.002816529568386628e+00
1.259134482243442577e+01 9.564027089912480184e-01
1.264134482243442292e+01 9.517330920403427319e-01
1.269134482243442719e+01 1.010852614553665596e+00
1.274134482243442434e+01 9.747988278629543535e-01
1.279134482243442150e+01 9.536443771179224926e-01
1.284134482243442577e+01 9.604424706324964367e-01
1.289134482243442292e+01 9.584877472576989188e-01
1.294134482243442719e+01 9.272556115581549463e-01
1.299134482243442434e+01 9.670885301068081752e-01
1.304134482243442150e+01 9.681310492400336809e-01
1.309134482243442577e+01 9.445874921480270636e-01
1.314134482243442292e+01 9.850719851549462058e-01
1.319134482243442719e+01 9.711500108966655276e-01
1.324134482243442434e+01 9.570760025981227548e-01
1.329134482243442150e+01 9.532317132943541882e-01
1.334134482243442577e+01 9.668279003235019653e-01
1.339134482243442292e+01 9.698034236829160548e-01
1.344134482243442719e+01 9.355088880295225895e-01
1.349134482243442434e+01 9.526887345791325012e-01
1.354134482243442150e+01 9.345315263421238861e-01
1.359134482243442577e+01 9.955840530816353340e-01
1.364134482243442292e+01 9.456300112812522363e-01
1.369134482243442719e+01 9.545348622108857928e-01
1.374134482243442434e+01 9.520371601208666990e-01
1.379134482243442150e+01 9.718233045035402640e-01
1.384134482243442577e+01 9.816620788233547668e-01
1.389134482243442292e+01 9.692604449676945899e-01
1.394134482243442719e+01 9.614632706171128973e-01
1.399134482243442434e+01 9.895244106197630396e-01
1.404134482243442150e+01 9.958446828649416549e-01
1.409134482243442577e+01 9.860710659909539544e-01
1.414134482243442292e+01 9.679790151997715864e-01
1.419134482243442719e+01 1.010418231581488691e+00
1.424134482243442434e+01 9.857887170590385884e-01
1.429134482243442150e+01 1.005075321023708446e+00
1.434134482243442577e+01 1.008159440126166650e+00
1.439134482243442292e+01 9.710196960050122561e-01
1.444134482243442719e+01 1.031029703611298531e+00
1.449134482243442434e+01 9.994500615340129457e-01
1.454134482243442150e+01 1.005379389104232413e+00
1.459134482243442577e+01 1.001643695543508183e+00
1.464134482243442292e+01 9.905234914557707881e-01
1.469134482243442719e+01 9.762757299683570977e-01
1.474134482243442434e+01 9.994934998312308139e-01
1.479134482243442150e+01 9.890465893503679329e-01
1.484134482243442577e+01 1.020995456954004510e+00
1.489134482243442292e+01 1.031681278069564556e+00
1.494134482243442719e+01 9.630922067627777361e-01
1.499134482243442434e+01 9.969523594439937408e-01
1.504134482243442150e+01 9.797725128943837181e-01
1.509134482243442577e+01 9.698034236829160548e-01
1.514134482243442292e+01 1.017889618702936927e+00
1.519134482243442719e+01 9.929125978027454336e-01
1.524134482243442434e+01 9.683048024289043765e-01
1.529134482243442150e+01 9.884818914865376449e-01
1.534134482243442577e+01 9.521674750125198594e-01
1.539134482243442292e+01 9.897633212544604264e-01
1.544134482243442719e+01 9.865488872603488391e-01
1.549134482243442434e+01 9.710196960050122561e-01
1.554134482243442150e+01 9.749291427546076250e-01
1.559134482243442577e+01 9.825742830649270010e-01
1.564134482243442292e+01 9.859624702479096170e-01
1.569134482243442719e+01 9.747336704171277733e-01
1.574134482243442434e+01 9.648080195028776451e-01
1.579134482243442150e+01 9.807281554331738205e-01
1.584134482243442577e+01 9.852023000465993663e-01
1.589134482243442292e+01 9.490833559100614325e-01
1.594134482243442719e+01 9.571194408953405119e-01
1.599134482243442434e+01 9.804675256498674996e-01
1.604134482243442150e+01 9.725834747048502926e-01
1.609134482243442577e+01 9.788385895042028828e-01
1.614134482243442292e+01 1.011286997525842946e+00
1.619134482243442719e+01 9.990156785618358182e-01
1.624134482243442434e+01 9.741689725532973743e-01
1.629134482243442150e+01 9.692604449676945899e-01
1.634134482243442577e+01 1.009983848609311119e+00
1.639134482243442292e+01 9.904366148613351628e-01
1.644134482243442719e+01 9.585529047035254990e-01
1.649134482243442434e+01 9.845941638855510991e-01
1.654134482243442150e+01 9.696079513454360921e-01
1.659134482243442577e+01 9.616587429545926380e-01
1.664134482243442292e+01 9.705201555870085484e-01
1.669134482243442719e+01 9.802286150151697797e-01
1.674134482243442434e+01 9.736259938380757983e-01
1.679134482243442150e+01 9.728658236367655476e-01
1.684134482243442577e+01 9.326202412645439033e-01
1.689134482243442292e+01 9.780349810056748749e-01
1.694134482243442719e+01 9.258873051957965394e-01
1.699134482243442434e+01 9.347921561254300959e-01
1.704134482243442150e+01 9.382672199028481153e-01
1.709134482243442577e+01 9.268863860318043990e-01
1.714134482243442292e+01 9.506688537585085141e-01
1.719134482243442719e+01 9.481711516684893093e-01
1.724134482243442434e+01 9.446526495938535328e-01
1.729134482243442150e+01 9.451956283090751088e-01
1.734134482243442577e+01 9.314256880910564140e-01
1.739134482243442292e+01 9.014967013080443792e-01
1.744134482243442719e+01 9.445657729994181295e-01
1.749134482243442434e+01 8.897249227620409595e-01
1.754134482243442150e+01 9.169824542661630939e-01
1.759134482243442577e+01 9.036034587231039916e-01
1.764134482243442292e+01 9.153100798232806090e-01
1.769134482243442719e+01 9.399395943457306002e-01
1.774134482243442434e+01 9.271035775178930738e-01
1.779134482243442150e+01 9.314039689424475910e-01
1.784134482243442577e+01 9.694341981565655075e-01
1.789134482243442292e+01 9.352699773948252027e-01
1.794134482243442719e+01 9.928908786541367215e-01
1.799134482243442434e+01 9.592261983104001244e-01
1.804134482243442150e+01 1.004684376348748742e+00
1.809134482243442577e+01 1.009549465637133769e+00
1.814134482243442292e+01 1.012177482618806135e+00
1.819134482243442719e+01 9.906538063474237266e-01
1.824134482243442434e+01 1.006660818872155305e+00
1.829134482243442150e+01 9.829869468884955275e-01
1.834134482243442577e+01 1.033701158890188765e+00
1.839134482243442292e+01 1.045386060841756448e+00
1.844134482243442719e+01 1.058374111709856180e+00
1.849134482243442434e+01 1.037697482234219093e+00
1.854134482243442150e+01 1.038826877961880113e+00
1.859134482243442577e+01 1.042606009819822210e+00
1.864134482243442292e+01 1.070667149822472464e+00
1.869134482243442719e+01 1.098293906852944923e+00
1.874134482243442434e+01 1.063760460564854071e+00
1.879134482243442150e+01 1.034439609942890081e+00
1.884134482243442577e+01 1.104158076977337810e+00
1.889134482243442292e+01 1.082786434746217052e+00
1.894134482243442719e+01 1.027315729199183236e+00
1.899134482243442434e+01 1.007638180559554009e+00
1.904134482243442150e+01 1.040846758782504544e+00
1.909134482243442577e+01 1.018910418687553499e+00
1.914134482243442292e+01 1.014718623006043208e+00
1.919134482243442719e+01 9.839643085758941199e-01
1.924134482243442434e+01 9.361821816363973259e-01
1.929134482243442150e+01 9.595302663909243135e-01
1.934134482243442577e+01 9.406346071012140486e-01
1.939134482243442292e+01 9.242800881987407458e-01
1.944134482243442719e+01 9.472372282783081410e-01
1.949134482243442434e+01 9.116612628569918941e-01
1.954134482243442150e+01 9.185027946687833733e-01
1.959134482243442577e+01 9.412644624108711389e-01
1.964134482243442292e+01 9.463250240367360178e-01
1.969134482243442719e+01 9.286021987719044191e-01
1.974134482243442434e+01 9.225425563100320137e-01
1.979134482243442150e+01 9.302745732147866820e-01
1.984134482243442577e+01 9.434146581231483975e-01
1.989134482243442292e+01 9.244538413876117744e-01
1.994134482243442719e+01 9.376590837417998481e-01
1.999134482243442434e+01 9.037337736147571521e-01
2.004134482243442150e+01 8.981736715708883434e-01
2.009134482243442577e+01 8.896814844648232024e-01
2.014134482243442292e+01 9.253008881833573174e-01
2.019134482243442719e+01 9.121390841263867788e-01
2.024134482243442434e+01 8.833829313682532991e-01
2.029134482243442150e+01 8.564077487960464197e-01
2.034134482243442577e+01 8.644655529299343222e-01
2.039134482243442292e+01 8.757812293551515692e-01
2.044134482243442719e+01 8.157495026002561378e-01
2.049134482243442434e+01 8.160101323835626808e-01
2.054134482243442150e+01 8.162490430182600676e-01
2.059134482243442577e+01 7.986130943478639832e-01
2.064134482243442292e+01 7.808685499344235614e-01
2.069134482243442719e+01 7.872756987740379131e-01
2.074134482243442434e+01 7.988520049825614811e-01
2.079134482243442150e+01 8.043469495806034875e-01
2.084134482243442577e+01 8.026745751377212246e-01
2.089134482243442292e+01 8.448531617361315638e-01
2.094134482243442719e+01 8.110364473521332052e-01
2.099134482243442434e+01 7.940303539913941000e-01
2.104134482243442150e+01 8.177259451236628118e-01
2.109134482243442577e+01 8.217005493190845389e-01
2.114134482243442292e+01 8.597959359790287026e-01
2.119134482243442719e+01 8.259357832978126979e-01
2.124134482243442434e+01 8.444404979125632593e-01
2.129134482243442150e+01 8.525634594922777421e-01
2.134134482243442577e+01 8.585362253597148552e-01
2.139134482243442292e+01 8.370342682369413811e-01
2.144134482243442719e+01 8.797992718477909424e-01
2.149134482243442434e+01 8.140771281573738749e-01
2.154134482243442150e+01 8.398794767047021992e-01
2.159134482243442577e+01 8.627714593384429032e-01
2.164134482243442292e+01 8.044121070264302897e-01
2.169134482243442719e+01 8.187033068110616263e-01
2.174134482243442434e+01 8.254145237311999450e-01
2.179134482243442150e+01 8.628583359328784175e-01
2.184134482243442577e+01 9.030387608592735926e-01
2.189134482243442292e+01 9.491267942072790786e-01
2.194134482243442719e+01 1.020843422913742415e+00
2.199134482243442434e+01 1.133848153125652347e+00
2.204134482243442150e+01 1.231779794203012202e+00
2.209134482243442577e+01 1.383509766384523942e+00
2.214134482243442292e+01 1.591948435583774524e+00
2.219134482243442719e+01 1.759815735181670338e+00
2.224134482243442434e+01 2.021227407837935974e+00
2.229134482243442150e+01 2.218480715503623468e+00
2.234134482243442577e+01 2.354181956011794252e+00
2.239134482243442292e+01 2.404613819081572679e+00
2.244134482243442719e+01 2.462278158638101289e+00
2.249134482243442434e+01 2.360458789959755332e+00
2.254134482243442150e+01 2.250494740553085737e+00
2.259134482243442577e+01 2.128433125371280266e+00
2.264134482243442292e+01 1.971208208591726851e+00
2.269134482243442719e+01 1.751497301264476336e+00
2.274134482243442434e+01 1.533958308798112347e+00
2.279134482243442150e+01 1.350388064756008699e+00
2.284134482243442577e+01 1.152808969861189192e+00
2.289134482243442292e+01 1.008333193315037679e+00
2.294134482243442719e+01 8.192462855262829802e-01
2.299134482243442434e+01 6.911250278826047699e-01
2.304134482243442150e+01 5.298169111645850693e-01
2.309134482243442577e+01 4.056702577163285861e-01
2.314134482243442292e+01 2.871054254605497902e-01
2.319134482243442719e+01 2.072875543229810713e-01
2.324134482243442434e+01 1.568774104018118565e-01
2.329134482243442150e+01 1.217358279526727649e-01
2.334134482243442577e+01 9.419594751663547261e-02
2.339134482243442292e+01 8.188119025541060192e-02
2.344134482243442719e+01 6.852391386096030879e-02
2.349134482243442434e+01 6.220364161578140205e-02
2.354134482243442150e+01 6.007516505211292490e-02
2.359134482243442577e+01 6.081361610481422764e-02
2.364134482243442292e+01 6.769858621382356112e-02
2.369134482243442719e+01 7.988302858339525747e-02
2.374134482243442434e+01 1.033614282295753084e-01
2.379134482243442861e+01 1.324650873654507066e-01
2.384134482243442577e+01 1.562258359435459987e-01
2.389134482243442292e+01 1.797042355897260357e-01
2.394134482243442008e+01 1.903466184080685186e-01
2.399134482243442434e+01 1.790309419828513271e-01
2.404134482243442861e+01 1.603741933278386711e-01
2.409134482243442577e+01 1.357446788053889020e-01
2.414134482243442292e+01 1.198245428750928931e-01
2.419134482243442008e+01 1.129612919146924382e-01
2.424134482243442434e+01 1.358532745484332394e-01
2.429134482243442861e+01 1.805078440882539326e-01
2.434134482243442577e+01 2.617591790340075830e-01
2.439134482243442292e+01 4.363594147006509827e-01
2.444134482243442008e+01 7.894041753377063486e-01
2.449134482243442434e+01 1.316679946115054678e+00
2.454134482243442861e+01 2.178126537388357153e+00
2.459134482243442577e+01 3.460446790404192008e+00
2.464134482243442292e+01 4.972924861228139370e+00
2.469134482243442008e+01 6.172560315490035698e+00
2.474134482243442434e+01 6.698793567134159410e+00
2.479134482243442861e+01 6.148951600952202945e+00
2.484134482243442577e+01 4.965344878363646686e+00
2.489134482243442292e+01 3.176686113829406466e+00
2.494134482243442008e+01 1.865197044231870160e+00
2.499134482243442434e+01 9.688912194413439316e-01
2.504134482243442861e+01 4.978680435609487143e-01
2.509134482243442577e+01 2.969876380775820501e-01
2.514134482243442292e+01 2.262266519099089268e-01
2.519134482243442008e+01 1.892172226804076929e-01
2.524134482243442434e+01 1.598529337612260015e-01
2.529134482243442861e+01 1.367654787900054181e-01
2.534134482243442577e+01 1.093559132456213001e-01
2.539134482243442292e+01 7.951380305704461304e-02
2.544134482243442008e+01 5.501460342624802519e-02
2.549134482243442434e+01 3.451172713948207765e-02
2.554134482243442861e+01 1.930832311327852074e-02
2.559134482243442577e+01 1.001252750868548633e-02
2.564134482243442292e+01 5.234314814735796517e-03
2.569134482243442008e+01 2.345668049757119837e-03
2.574134482243442434e+01 9.339233901810756232e-04
2.579134482243442861e+01 4.343829721772444986e-04
2.584134482243442577e+01 2.606297833063466666e-04
2.589134482243442292e+01 6.515744582658666666e-05
2.594134482243442008e+01 4.343829721772445122e-05
2.599134482243442434e+01 2.171914860886222561e-05
2.604134482243442861e+01 2.171914860886222561e-05
2.609134482243442577e+01 0.000000000000000000e+00
2.614134482243442292e+01 0.000000000000000000e+00
2.619134482243442008e+01 2.171914860886222561e-05
2.624134482243442434e+01 0.000000000000000000e+00
2.629134482243442861e+01 0.000000000000000000e+00
2.634134482243442577e+01 0.000000000000000000e+00
2.639134482243442292e+01 0.000000000000000000e+00
2.644134482243442008e+01 0.000000000000000000e+00
2.649134482243442434e+01 0.000000000000000000e+00
2.654134482243442861e+01 0.000000000000000000e+00
2.659134482243442577e+01 0.000000000000000000e+00
2.664134482243442292e+01 0.000000000000000000e+00
2.669134482243442008e+01 0.000000000000000000e+00
2.674134482243442434e+01 0.000000000000000000e+00
2.679134482243442861e+01 0.000000000000000000e+00
2.684134482243442577e+01 0.000000000000000000e+00
2.689134482243442292e+01 0.000000000000000000e+00
2.694134482243442008e+01 0.000000000000000000e+00
2.699134482243442434e+01 0.000000000000000000e+00
2.704134482243442861e+01 0.000000000000000000e+00
2.709134482243442577e+01 0.000000000000000000e+00
2.714134482243442292e+01 0.000000000000000000e+00
2.719134482243442008e+01 0.000000000000000000e+00
2.724134482243442434e+01 0.000000000000000000e+00
2.729134482243442861e+01 0.000000000000000000e+00
2.734134482243442577e+01 0.000000000000000000e+00
2.739134482243442292e+01 0.000000000000000000e+00
2.744134482243442008e+01 0.000000000000000000e+00
2.749134482243442434e+01 0.000000000000000000e+00
2.754134482243442861e+01 0.000000000000000000e+00
2.759134482243442577e+01 0.000000000000000000e+00
2.764134482243442292e+01 0.000000000000000000e+00
2.769134482243442008e+01 0.000000000000000000e+00
2.774134482243442434e+01 0.000000000000000000e+00
2.779134482243442861e+01 0.000000000000000000e+00
2.784134482243442577e+01 0.000000000000000000e+00
2.789134482243442292e+01 0.000000000000000000e+00
2.794134482243442008e+01 0.000000000000000000e+00
2.799134482243442434e+01 0.000000000000000000e+00
2.804134482243442861e+01 0.000000000000000000e+00
2.809134482243442577e+01 0.000000000000000000e+00
2.814134482243442292e+01 0.000000000000000000e+00
2.819134482243442008e+01 0.000000000000000000e+00
2.824134482243442434e+01 0.000000000000000000e+00
2.829134482243442861e+01 0.000000000000000000e+00
2.834134482243442577e+01 0.000000000000000000e+00
2.839134482243442292e+01 0.000000000000000000e+00
2.844134482243442008e+01 0.000000000000000000e+00
2.849134482243442434e+01 0.000000000000000000e+00
2.854134482243442861e+01 0.000000000000000000e+00
2.859134482243442577e+01 0.000000000000000000e+00
2.864134482243442292e+01 0.000000000000000000e+00
2.869134482243442008e+01 0.000000000000000000e+00
2.874134482243442434e+01 0.000000000000000000e+00
2.879134482243442861e+01 0.000000000000000000e+00
2.884134482243442577e+01 0.000000000000000000e+00
2.889134482243442292e+01 0.000000000000000000e+00
2.894134482243442008e+01 0.000000000000000000e+00
2.899134482243442434e+01 0.000000000000000000e+00
2.904134482243442861e+01 0.000000000000000000e+00
2.909134482243442577e+01 0.000000000000000000e+00
2.914134482243442292e+01 0.000000000000000000e+00
2.919134482243442008e+01 0.000000000000000000e+00
2.924134482243442434e+01 0.000000000000000000e+00
2.929134482243442861e+01 0.000000000000000000e+00
2.934134482243442577e+01 0.000000000000000000e+00
2.939134482243442292e+01 0.000000000000000000e+00
2.944134482243442008e+01 0.000000000000000000e+00
2.949134482243442434e+01 0.000000000000000000e+00
2.954134482243442861e+01 0.000000000000000000e+00
2.959134482243442577e+01 0.000000000000000000e+00
2.964134482243442292e+01 0.000000000000000000e+00
2.969134482243442008e+01 0.000000000000000000e+00
2.974134482243442434e+01 0.000000000000000000e+00
2.979134482243442861e+01 0.000000000000000000e+00
2.984134482243442577e+01 0.000000000000000000e+00
2.989134482243442292e+01 0.000000000000000000e+00
2.994134482243442008e+01 0.000000000000000000e+00
2.999134482243442434e+01 0.000000000000000000e+00
3.004134482243442861e+01 0.000000000000000000e+00
3.009134482243442577e+01 0.000000000000000000e+00
3.014134482243442292e+01 0.000000000000000000e+00
3.019134482243442719e+01 0.000000000000000000e+00
3.024134482243442434e+01 0.000000000000000000e+00
3.029134482243442861e+01 0.000000000000000000e+00
3.034134482243442577e+01 0.000000000000000000e+00
3.039134482243442292e+01 0.000000000000000000e+00
3.044134482243442719e+01 0.000000000000000000e+00
3.049134482243442434e+01 0.000000000000000000e+00
3.054134482243442861e+01 0.000000000000000000e+00
3.059134482243442577e+01 0.000000000000000000e+00
3.064134482243442292e+01 0.000000000000000000e+00
3.069134482243442719e+01 0.000000000000000000e+00
3.074134482243442434e+01 0.000000000000000000e+00
3.079134482243442861e+01 0.000000000000000000e+00
3.084134482243442577e+01 0.000000000000000000e+00
3.089134482243442292e+01 0.000000000000000000e+00
3.094134482243442719e+01 0.000000000000000000e+00
3.099134482243442434e+01 0.000000000000000000e+00
3.104134482243442861e+01 0.000000000000000000e+00
3.109134482243442577e+01 0.000000000000000000e+00
3.114134482243442292e+01 0.000000000000000000e+00
3.119134482243442719e+01 0.000000000000000000e+00
3.124134482243442434e+01 0.000000000000000000e+00
3.129134482243442861e+01 0.000000000000000000e+00
3.134134482243442577e+01 0.000000000000000000e+00
3.139134482243442292e+01 0.000000000000000000e+00
3.144134482243442719e+01 0.000000000000000000e+00
3.149134482243442434e+01 0.000000000000000000e+00
3.154134482243442861e+01 0.000000000000000000e+00
3.159134482243442577e+01 0.000000000000000000e+00
3.164134482243442292e+01 0.000000000000000000e+00
3.169134482243442719e+01 0.000000000000000000e+00
3.174134482243442434e+01 0.000000000000000000e+00
3.179134482243442861e+01 0.000000000000000000e+00
3.184134482243442577e+01 0.000000000000000000e+00
3.189134482243442292e+01 0.000000000000000000e+00
3.194134482243442719e+01 0.000000000000000000e+00
3.199134482243442434e+01 0.000000000000000000e+00
3.204134482243442505e+01 0.000000000000000000e+00
3.209134482243442221e+01 0.000000000000000000e+00
3.214134482243441937e+01 0.000000000000000000e+00
3.219134482243443074e+01 0.000000000000000000e+00
3.224134482243442790e+01 0.000000000000000000e+00
3.229134482243442505e+01 0.000000000000000000e+00
3.234134482243442221e+01 0.000000000000000000e+00
3.239134482243441937e+01 0.000000000000000000e+00
3.244134482243443074e+01 0.000000000000000000e+00
3.249134482243442790e+01 0.000000000000000000e+00
3.254134482243442505e+01 0.000000000000000000e+00
3.259134482243442221e+01 0.000000000000000000e+00
3.264134482243441937e+01 0.000000000000000000e+00
3.269134482243443074e+01 0.000000000000000000e+00
3.274134482243442790e+01 0.000000000000000000e+00
3.279134482243442505e+01 0.000000000000000000e+00
3.284134482243442221e+01 0.000000000000000000e+00
3.289134482243441937e+01 0.000000000000000000e+00
3.294134482243443074e+01 0.000000000000000000e+00
3.299134482243442790e+01 0.000000000000000000e+00
3.304134482243442505e+01 0.000000000000000000e+00
3.309134482243442221e+01 0.000000000000000000e+00
3.314134482243441937e+01 0.000000000000000000e+00
3.319134482243443074e+01 0.000000000000000000e+00
3.324134482243442790e+01 0.000000000000000000e+00
3.329134482243442505e+01 0.000000000000000000e+00
3.334134482243442221e+01 0.000000000000000000e+00
3.339134482243441937e+01 0.000000000000000000e+00
3.344134482243443074e+01 0.000000000000000000e+00
3.349134482243442790e+01 0.000000000000000000e+00
3.354134482243442505e+01 0.000000000000000000e+00
3.359134482243442221e+01 0.000000000000000000e+00
3.364134482243441937e+01 0.000000000000000000e+00
3.369134482243443074e+01 0.000000000000000000e+00
3.374134482243442790e+01 0.000000000000000000e+00
3.379134482243442505e+01 0.000000000000000000e+00
3.384134482243442221e+01 0.000000000000000000e+00
3.389134482243441937e+01 0.000000000000000000e+00
3.394134482243443074e+01 0.000000000000000000e+00
3.399134482243442790e+01 0.000000000000000000e+00
3.404134482243442505e+01 0.000000000000000000e+00
3.409134482243442221e+01 0.000000000000000000e+00
3.414134482243441937e+01 0.000000000000000000e+00
3.419134482243443074e+01 0.000000000000000000e+00
3.424134482243442790e+01 0.000000000000000000e+00
3.429134482243442505e+01 0.000000000000000000e+00
3.434134482243442221e+01 0.000000000000000000e+00
3.439134482243441937e+01 0.000000000000000000e+00
3.444134482243443074e+01 0.000000000000000000e+00
3.449134482243442790e+01 0.000000000000000000e+00
3.454134482243442505e+01 0.000000000000000000e+00
3.459134482243442221e+01 0.000000000000000000e+00
3.464134482243441937e+01 0.000000000000000000e+00
3.469134482243443074e+01 0.000000000000000000e+00
3.474134482243442790e+01 0.000000000000000000e+00
3.479134482243442505e+01 0.000000000000000000e+00
3.484134482243442221e+01 0.000000000000000000e+00
3.489134482243441937e+01 0.000000000000000000e+00
3.494134482243443074e+01 0.000000000000000000e+00
3.499134482243442790e+01 0.000000000000000000e+00
3.504134482243442505e+01 0.000000000000000000e+00
3.509134482243442221e+01 0.000000000000000000e+00
3.514134482243441937e+01 0.000000000000000000e+00
3.519134482243443074e+01 0.000000000000000000e+00
3.524134482243442790e+01 0.000000000000000000e+00
3.529134482243442505e+01 0.000000000000000000e+00
3.534134482243442221e+01 0.000000000000000000e+00
3.539134482243441937e+01 0.000000000000000000e+00
3.544134482243443074e+01 0.000000000000000000e+00
3.549134482243442790e+01 0.000000000000000000e+00
3.554134482243442505e+01 0.000000000000000000e+00
3.559134482243442221e+01 0.000000000000000000e+00
3.564134482243441937e+01 0.000000000000000000e+00
3.569134482243443074e+01 0.000000000000000000e+00
3.574134482243442790e+01 0.000000000000000000e+00
3.579134482243442505e+01 0.000000000000000000e+00
3.584134482243442221e+01 0.000000000000000000e+00
3.589134482243441937e+01 0.000000000000000000e+00
3.594134482243443074e+01 0.000000000000000000e+00
3.599134482243442790e+01 0.000000000000000000e+00
3.604134482243442505e+01 0.000000000000000000e+00
3.609134482243442221e+01 0.000000000000000000e+00
3.614134482243441937e+01 0.000000000000000000e+00
3.619134482243443074e+01 0.000000000000000000e+00
3.624134482243442790e+01 0.000000000000000000e+00
3.629134482243442505e+01 0.000000000000000000e+00
3.634134482243442221e+01 0.000000000000000000e+00
3.639134482243441937e+01 0.000000000000000000e+00
3.644134482243443074e+01 0.000000000000000000e+00
3.649134482243442790e+01 0.000000000000000000e+00
3.654134482243442505e+01 0.000000000000000000e+00
3.659134482243442221e+01 0.000000000000000000e+00
3.664134482243441937e+01 0.000000000000000000e+00
3.669134482243443074e+01 0.000000000000000000e+00
3.674134482243442790e+01 0.000000000000000000e+00
3.679134482243442505e+01 0.000000000000000000e+00
3.684134482243442221e+01 0.000000000000000000e+00
3.689134482243441937e+01 0.000000000000000000e+00
3.694134482243443074e+01 0.000000000000000000e+00
3.699134482243442790e+01 0.000000000000000000e+00
3.704134482243442505e+01 0.000000000000000000e+00
3.709134482243442221e+01 0.000000000000000000e+00
3.714134482243441937e+01 0.000000000000000000e+00
3.719134482243443074e+01 0.000000000000000000e+00
3.724134482243442790e+01 0.000000000000000000e+00
3.729134482243442505e+01 0.000000000000000000e+00
3.734134482243442221e+01 0.000000000000000000e+00
3.739134482243441937e+01 0.000000000000000000e+00
3.744134482243443074e+01 0.000000000000000000e+00
3.749134482243442790e+01 0.000000000000000000e+00
3.754134482243442505e+01 0.000000000000000000e+00
3.759134482243442221e+01 0.000000000000000000e+00
3.764134482243441937e+01 0.000000000000000000e+00
3.769134482243443074e+01 0.000000000000000000e+00
3.774134482243442790e+01 0.000000000000000000e+00
3.779134482243442505e+01 0.000000000000000000e+00
3.784134482243442221e+01 0.000000000000000000e+00
3.789134482243441937e+01 0.000000000000000000e+00
3.794134482243443074e+01 0.000000000000000000e+00
3.799134482243442790e+01 0.000000000000000000e+00
3.804134482243442505e+01 0.000000000000000000e+00
3.809134482243442221e+01 0.000000000000000000e+00
3.814134482243441937e+01 0.000000000000000000e+00
3.819134482243443074e+01 0.000000000000000000e+00
3.824134482243442790e+01 0.000000000000000000e+00
3.829134482243442505e+01 0.000000000000000000e+00
3.834134482243442221e+01 0.000000000000000000e+00
3.839134482243441937e+01 0.000000000000000000e+00
3.844134482243443074e+01 0.000000000000000000e+00
3.849134482243442790e+01 0.000000000000000000e+00
3.854134482243442505e+01 0.000000000000000000e+00
3.859134482243442221e+01 0.000000000000000000e+00
3.864134482243441937e+01 0.000000000000000000e+00
3.869134482243443074e+01 0.000000000000000000e+00
3.874134482243442790e+01 0.000000000000000000e+00
3.879134482243442505e+01 0.000000000000000000e+00
3.884134482243442221e+01 0.000000000000000000e+00
3.889134482243441937e+01 0.000000000000000000e+00
3.894134482243443074e+01 0.000000000000000000e+00
3.899134482243442790e+01 0.000000000000000000e+00
3.904134482243442505e+01 0.000000000000000000e+00
3.909134482243442221e+01 0.000000000000000000e+00
3.914134482243441937e+01 0.000000000000000000e+00
3.919134482243443074e+01 0.000000000000000000e+00
3.924134482243442790e+01 0.000000000000000000e+00
3.929134482243442505e+01 0.000000000000000000e+00
3.934134482243442221e+01 0.000000000000000000e+00
3.939134482243441937e+01 0.000000000000000000e+00
3.944134482243443074e+01 0.000000000000000000e+00
3.949134482243442790e+01 0.000000000000000000e+00
3.954134482243442505e+01 0.000000000000000000e+00
3.959134482243442221e+01 0.000000000000000000e+00
3.964134482243441937e+01 0.000000000000000000e+00
3.969134482243443074e+01 0.000000000000000000e+00
3.974134482243442790e+01 0.000000000000000000e+00
3.979134482243442505e+01 0.000000000000000000e+00
3.984134482243442221e+01 0.000000000000000000e+00
3.989134482243441937e+01 0.000000000000000000e+00
3.994134482243443074e+01 0.000000000000000000e+00
3.999134482243442790e+01 0.000000000000000000e+00
4.004134482243442505e+01 0.000000000000000000e+00
4.009134482243442221e+01 0.000000000000000000e+00
4.014134482243441937e+01 0.000000000000000000e+00
4.019134482243443074e+01 0.000000000000000000e+00
4.024134482243442790e+01 0.000000000000000000e+00
4.029134482243442505e+01 0.000000000000000000e+00
4.034134482243442221e+01 0.000000000000000000e+00
4.039134482243441937e+01 0.000000000000000000e+00
4.044134482243443074e+01 0.000000000000000000e+00
4.049134482243442790e+01 0.000000000000000000e+00
4.054134482243442505e+01 0.000000000000000000e+00
4.059134482243442221e+01 0.000000000000000000e+00
4.064134482243441937e+01 0.000000000000000000e+00
4.069134482243443074e+01 0.000000000000000000e+00
4.074134482243442790e+01 0.000000000000000000e+00
4.079134482243442505e+01 0.000000000000000000e+00
4.084134482243442221e+01 0.000000000000000000e+00
4.089134482243441937e+01 0.000000000000000000e+00
4.094134482243443074e+01 0.000000000000000000e+00
4.099134482243442790e+01 0.000000000000000000e+00
4.104134482243442505e+01 0.000000000000000000e+00
4.109134482243442221e+01 0.000000000000000000e+00
4.114134482243441937e+01 0.000000000000000000e+00
4.119134482243443074e+01 0.000000000000000000e+00
4.124134482243442790e+01 0.000000000000000000e+00
4.129134482243442505e+01 0.000000000000000000e+00
4.134134482243442221e+01 0.000000000000000000e+00
4.139134482243441937e+01 0.000000000000000000e+00
4.144134482243443074e+01 0.000000000000000000e+00
4.149134482243442790e+01 0.000000000000000000e+00
4.154134482243442505e+01 0.000000000000000000e+00
4.159134482243442221e+01 0.000000000000000000e+00
4.164134482243441937e+01 0.000000000000000000e+00
4.169134482243443074e+01 0.000000000000000000e+00
