-8.258734818101524766e+00 6.515744582658666666e-05
-8.208734818101525832e+00 1.085957430443111247e-04
-8.158734818101525121e+00 1.303148916531733333e-04
-8.108734818101524411e+00 4.343829721772445122e-05
-8.058734818101525477e+00 6.515744582658666666e-05
-8.008734818101524766e+00 0.000000000000000000e+00
-7.958734818101524944e+00 2.171914860886222561e-05
-7.908734818101525121e+00 0.000000000000000000e+00
-7.858734818101525299e+00 4.343829721772445122e-05
-7.808734818101525477e+00 0.000000000000000000e+00
-7.758734818101524766e+00 0.000000000000000000e+00
-7.708734818101524944e+00 0.000000000000000000e+00
-7.658734818101525121e+00 0.000000000000000000e+00
-7.608734818101525299e+00 0.000000000000000000e+00
-7.558734818101525477e+00 0.000000000000000000e+00
-7.508734818101524766e+00 0.000000000000000000e+00
-7.458734818101524944e+00 0.000000000000000000e+00
-7.408734818101525121e+00 0.000000000000000000e+00
-7.358734818101525299e+00 0.000000000000000000e+00
-7.308734818101525477e+00 0.000000000000000000e+00
-7.258734818101524766e+00 0.000000000000000000e+00
-7.208734818101524944e+00 0.000000000000000000e+00
-7.158734818101525121e+00 0.000000000000000000e+00
-7.108734818101524411e+00 0.000000000000000000e+00
-7.058734818101525477e+00 0.000000000000000000e+00
-7.008734818101524766e+00 0.000000000000000000e+00
-6.958734818101524944e+00 0.000000000000000000e+00
-6.908734818101525121e+00 0.000000000000000000e+00
-6.858734818101524411e+00 0.000000000000000000e+00
-6.808734818101525477e+00 0.000000000000000000e+00
-6.758734818101524766e+00 0.000000000000000000e+00
-6.708734818101524944e+00 0.000000000000000000e+00
-6.658734818101525121e+00 0.000000000000000000e+00
-6.608734818101524411e+00 0.000000000000000000e+00
-6.558734818101525477e+00 0.000000000000000000e+00
-6.508734818101524766e+00 0.000000000000000000e+00
-6.458734818101524944e+00 0.000000000000000000e+00
-6.408734818101525121e+00 0.000000000000000000e+00
-6.358734818101524411e+00 0.000000000000000000e+00
-6.308734818101525477e+00 0.000000000000000000e+00
-6.258734818101524766e+00 0.000000000000000000e+00
-6.208734818101524944e+00 0.000000000000000000e+00
-6.158734818101525121e+00 0.000000000000000000e+00
-6.108734818101525299e+00 0.000000000000000000e+00
-6.058734818101525477e+00 0.000000000000000000e+00
-6.008734818101524766e+00 0.000000000000000000e+00
-5.958734818101524944e+00 0.000000000000000000e+00
-5.908734818101525121e+00 0.000000000000000000e+00
-5.858734818101524411e+00 0.000000000000000000e+00
-5.808734818101525477e+00 0.000000000000000000e+00
-5.758734818101524766e+00 0.000000000000000000e+00
-5.708734818101524944e+00 0.000000000000000000e+00
-5.658734818101525121e+00 0.000000000000000000e+00
-5.608734818101524411e+00 0.000000000000000000e+00
-5.558734818101525477e+00 0.000000000000000000e+00
-5.508734818101524766e+00 0.000000000000000000e+00
-5.458734818101524944e+00 0.000000000000000000e+00
-5.408734818101525121e+00 0.000000000000000000e+00
-5.358734818101524411e+00 0.000000000000000000e+00
-5.308734818101525477e+00 0.000000000000000000e+00
-5.258734818101524766e+00 0.000000000000000000e+00
-5.208734818101524944e+00 0.000000000000000000e+00
-5.158734818101525121e+00 0.000000000000000000e+00
-5.108734818101524411e+00 0.000000000000000000e+00
-5.058734818101525477e+00 0.000000000000000000e+00
-5.008734818101524766e+00 0.000000000000000000e+00
-4.958734818101524944e+00 0.000000000000000000e+00
-4.908734818101525121e+00 0.000000000000000000e+00
-4.858734818101524411e+00 0.000000000000000000e+00
-4.808734818101525477e+00 0.000000000000000000e+00
-4.758734818101524766e+00 0.000000000000000000e+00
-4.708734818101524944e+00 0.000000000000000000e+00
-4.658734818101525121e+00 0.000000000000000000e+00
-4.608734818101524411e+00 0.000000000000000000e+00
-4.558734818101525477e+00 0.000000000000000000e+00
-4.508734818101524766e+00 0.000000000000000000e+00
-4.458734818101524944e+00 0.000000000000000000e+00
-4.408734818101525121e+00 0.000000000000000000e+00
-4.358734818101524411e+00 0.000000000000000000e+00
-4.308734818101525477e+00 0.000000000000000000e+00
-4.258734818101524766e+00 0.000000000000000000e+00
-4.208734818101524944e+00 0.000000000000000000e+00
-4.158734818101525121e+00 0.000000000000000000e+00
-4.108734818101524411e+00 0.000000000000000000e+00
-4.058734818101525477e+00 0.000000000000000000e+00
-4.008734818101524766e+00 0.000000000000000000e+00
-3.958734818101524944e+00 0.000000000000000000e+00
-3.908734818101525121e+00 0.000000000000000000e+00
-3.858734818101524411e+00 0.000000000000000000e+00
-3.808734818101525477e+00 0.000000000000000000e+00
-3.758734818101524766e+00 0.000000000000000000e+00
-3.708734818101524944e+00 0.000000000000000000e+00
-3.658734818101525121e+00 0.000000000000000000e+00
-3.608734818101524411e+00 0.000000000000000000e+00
-3.558734818101525477e+00 0.000000000000000000e+00
-3.508734818101524766e+00 0.000000000000000000e+00
-3.458734818101524056e+00 0.000000000000000000e+00
-3.408734818101525121e+00 0.000000000000000000e+00
-3.358734818101524411e+00 0.000000000000000000e+00
-3.308734818101525477e+00 0.000000000000000000e+00
-3.258734818101524766e+00 0.000000000000000000e+00
-3.208734818101524056e+00 0.000000000000000000e+00
-3.158734818101525121e+00 0.000000000000000000e+00
-3.108734818101524411e+00 0.000000000000000000e+00
-3.058734818101525477e+00 0.000000000000000000e+00
-3.008734818101524766e+00 0.000000000000000000e+00
-2.958734818101524056e+00 0.000000000000000000e+00
-2.908734818101525121e+00 0.000000000000000000e+00
-2.858734818101524411e+00 0.000000000000000000e+00
-2.808734818101525477e+00 0.000000000000000000e+00
-2.758734818101524766e+00 0.000000000000000000e+00
-2.708734818101524056e+00 0.000000000000000000e+00
-2.658734818101525121e+00 0.000000000000000000e+00
-2.608734818101524411e+00 0.000000000000000000e+00
-2.558734818101525477e+00 0.000000000000000000e+00
-2.508734818101524766e+00 0.000000000000000000e+00
-2.458734818101524056e+00 0.000000000000000000e+00
-2.408734818101525121e+00 0.000000000000000000e+00
-2.358734818101524411e+00 0.000000000000000000e+00
-2.308734818101525477e+00 0.000000000000000000e+00
-2.258734818101524766e+00 0.000000000000000000e+00
-2.208734818101524056e+00 0.000000000000000000e+00
-2.158734818101525121e+00 0.000000000000000000e+00
-2.108734818101524411e+00 0.000000000000000000e+00
-2.058734818101525477e+00 0.000000000000000000e+00
-2.008734818101524766e+00 0.000000000000000000e+00
-1.958734818101524056e+00 0.000000000000000000e+00
-1.908734818101525121e+00 0.000000000000000000e+00
-1.858734818101524411e+00 0.000000000000000000e+00
-1.808734818101525477e+00 0.000000000000000000e+00
-1.758734818101524766e+00 0.000000000000000000e+00
-1.708734818101524056e+00 0.000000000000000000e+00
-1.658734818101525121e+00 0.000000000000000000e+00
-1.608734818101524411e+00 0.000000000000000000e+00
-1.558734818101525477e+00 0.000000000000000000e+00
-1.508734818101524766e+00 0.000000000000000000e+00
-1.458734818101524056e+00 0.000000000000000000e+00
-1.408734818101525121e+00 0.000000000000000000e+00
-1.358734818101524411e+00 0.000000000000000000e+00
-1.308734818101525477e+00 0.000000000000000000e+00
-1.258734818101524766e+00 0.000000000000000000e+00
-1.208734818101524056e+00 0.000000000000000000e+00
-1.158734818101525121e+00 0.000000000000000000e+00
-1.108734818101524411e+00 0.000000000000000000e+00
-1.058734818101525477e+00 0.000000000000000000e+00
-1.008734818101524766e+00 0.000000000000000000e+00
-9.587348181015240556e-01 0.000000000000000000e+00
-9.087348181015251214e-01 0.000000000000000000e+00
-8.587348181015244108e-01 0.000000000000000000e+00
-8.087348181015254767e-01 0.000000000000000000e+00
-7.587348181015247661e-01 0.000000000000000000e+00
-7.087348181015240556e-01 0.000000000000000000e+00
-6.587348181015251214e-01 0.000000000000000000e+00
-6.087348181015244108e-01 0.000000000000000000e+00
-5.587348181015254767e-01 0.000000000000000000e+00
-5.087348181015247661e-01 0.000000000000000000e+00
-4.587348181015240556e-01 0.000000000000000000e+00
-4.087348181015251214e-01 0.000000000000000000e+00
-3.587348181015244108e-01 0.000000000000000000e+00
-3.087348181015254767e-01 0.000000000000000000e+00
-2.587348181015247661e-01 0.000000000000000000e+00
-2.087348181015258319e-01 0.000000000000000000e+00
-1.587348181015251214e-01 0.000000000000000000e+00
-1.087348181015244108e-01 0.000000000000000000e+00
-5.873481810152370031e-02 0.000000000000000000e+00
-8.734818101524766121e-03 0.000000000000000000e+00
4.126518189847416807e-02 2.171914860886222561e-05
9.126518189847487861e-02 0.000000000000000000e+00
1.412651818984755892e-01 0.000000000000000000e+00
1.912651818984762997e-01 0.000000000000000000e+00
2.412651818984752339e-01 0.000000000000000000e+00
2.912651818984741681e-01 2.171914860886222561e-05
3.412651818984748786e-01 0.000000000000000000e+00
3.912651818984755892e-01 0.000000000000000000e+00
4.412651818984762997e-01 0.000000000000000000e+00
4.912651818984752339e-01 0.000000000000000000e+00
5.412651818984741681e-01 6.515744582658666666e-05
5.912651818984748786e-01 2.171914860886222561e-05
6.412651818984755892e-01 1.520340402620355962e-04
6.912651818984762997e-01 8.687659443544890243e-05
7.412651818984752339e-01 3.040680805240711924e-04
7.912651818984741681e-01 1.020799984616524566e-03
8.412651818984748786e-01 1.672374442882391260e-03
8.912651818984755892e-01 3.518502074635680189e-03
9.412651818984762997e-01 8.340153065803093332e-03
9.912651818984752339e-01 1.487761679707062280e-02
1.041265181898474168e+00 3.068915698432232372e-02
1.091265181898474879e+00 4.845542054637162754e-02
1.141265181898475589e+00 7.204241593559598811e-02
1.191265181898476300e+00 1.022971899477410768e-01
1.241265181898475234e+00 1.305538022878708349e-01
1.291265181898475944e+00 1.592447976001778454e-01
1.341265181898474879e+00 1.906289673399837459e-01
1.391265181898475589e+00 2.261180561668646449e-01
1.441265181898476300e+00 3.094544293790690292e-01
1.491265181898475234e+00 5.406764854690161437e-01
1.541265181898475944e+00 1.041063950268592997e+00
1.591265181898474879e+00 2.019533314246444888e+00
1.641265181898475589e+00 3.535660202036681188e+00
1.691265181898476300e+00 5.115207003764795424e+00
1.741265181898475234e+00 6.374483240106627591e+00
1.791265181898475944e+00 6.694970996978998556e+00
1.841265181898474879e+00 5.916534991688767064e+00
1.891265181898475589e+00 4.612408713469634769e+00
1.941265181898476300e+00 3.217344360025196970e+00
1.991265181898475234e+00 2.146590333608288770e+00
2.041265181898475944e+00 1.280213495600774909e+00
2.091265181898474879e+00 7.500490780584480044e-01
2.141265181898475589e+00 4.314508871150480873e-01
2.191265181898476300e+00 2.523765068349790308e-01
2.241265181898475234e+00 1.646745847523933826e-01
2.291265181898475944e+00 1.237339896246880816e-01
2.341265181898474879e+00 9.447829644855065823e-02
2.391265181898475589e+00 9.204575180435810300e-02
2.441265181898476300e+00 1.125486280911240644e-01
2.491265181898475234e+00 1.294895640060365616e-01
2.541265181898475944e+00 1.540322019340508719e-01
2.591265181898474879e+00 1.642836400774338734e-01
2.641265181898475589e+00 1.600049678014880405e-01
2.691265181898476300e+00 1.442368659114540153e-01
2.741265181898475234e+00 1.259493427827920453e-01
2.791265181898475944e+00 9.465204963742157585e-02
2.841265181898474879e+00 7.343244144656319028e-02
2.891265181898475589e+00 6.070502036176991106e-02
2.941265181898476300e+00 5.038842477256035707e-02
2.991265181898475234e+00 5.173501198630982983e-02
3.041265181898475944e+00 5.269065452509975878e-02
3.091265181898474879e+00 6.053126717289901426e-02
3.141265181898475589e+00 6.871938619844009111e-02
3.191265181898476300e+00 7.808033924885970922e-02
3.241265181898475234e+00 9.445657729994180740e-02
3.291265181898475944e+00 1.076401005055211968e-01
3.341265181898474879e+00 1.400885085271613428e-01
3.391265181898475589e+00 1.653913166564858206e-01
3.441265181898476300e+00 2.018577671707655063e-01
3.491265181898475234e+00 2.666025491737837871e-01
3.541265181898475944e+00 3.323246928642009101e-01
3.591265181898474879e+00 4.230238574548095265e-01
3.641265181898475589e+00 5.278621877897875514e-01
3.691265181898476300e+00 6.469048413149613985e-01
3.741265181898475234e+00 7.910548306319798995e-01
3.791265181898475944e+00 9.825960022135358241e-01
3.841265181898474879e+00 1.215360117854712430e+00
3.891265181898475589e+00 1.477792590495594638e+00
3.941265181898476300e+00 1.723631633599306046e+00
3.991265181898475234e+00 1.998617774136110858e+00
4.041265181898475944e+00 2.239135625830650955e+00
4.091265181898474879e+00 2.436084865415813372e+00
4.141265181898475589e+00 2.481130379630593907e+00
4.191265181898476300e+00 2.525741510873196649e+00
4.241265181898475234e+00 2.431415248464908085e+00
4.291265181898475944e+00 2.302381786579657863e+00
4.341265181898474879e+00 2.113208002196467650e+00
4.391265181898475589e+00 1.931201536854202372e+00
4.441265181898476300e+00 1.697807565903368898e+00
4.491265181898475234e+00 1.493126309413451480e+00
4.541265181898475944e+00 1.349627894554698671e+00
4.591265181898474879e+00 1.218053292282211153e+00
4.641265181898475589e+00 1.058547864898727209e+00
4.691265181898476300e+00 1.003120597648910595e+00
4.741265181898475234e+00 9.077518161073966363e-01
4.791265181898475944e+00 9.091852799155817344e-01
4.841265181898474879e+00 8.380333490729490187e-01
4.891265181898475589e+00 8.390975873547832364e-01
4.941265181898476300e+00 8.505001403744358868e-01
4.991265181898475234e+00 7.972882262827234445e-01
5.041265181898475944e+00 8.063016729554012274e-01
5.091265181898474879e+00 8.458739617207482464e-01
5.141265181898475589e+00 9.128558160304793834e-01
5.191265181898476300e+00 8.732618081165235413e-01
5.241265181898475234e+00 8.566466594307438065e-01
5.291265181898475944e+00 9.151797649316275596e-01
5.341265181898474879e+00 9.013012289705646385e-01
5.391265181898475589e+00 9.082296373767916320e-01
5.441265181898476300e+00 9.244972796848294205e-01
5.491265181898475234e+00 9.226728712016850631e-01
5.541265181898475944e+00 9.010840374844759637e-01
5.591265181898474879e+00 9.152883606746718970e-01
5.641265181898475589e+00 8.977175694501025038e-01
5.691265181898476300e+00 9.063835097450383405e-01
5.741265181898475234e+00 8.908977567869194036e-01
5.791265181898475944e+00 8.930479524991968843e-01
5.841265181898474879e+00 8.914190163535322675e-01
5.891265181898475589e+00 8.649433741993293179e-01
5.941265181898476300e+00 8.586882593999768387e-01
5.991265181898475234e+00 8.409654341351453510e-01
6.041265181898475944e+00 8.912235440160525268e-01
6.091265181898474879e+00 8.612076806386048666e-01
6.141265181898475589e+00 8.730011783332171094e-01
6.191265181898476300e+00 8.835784037057331508e-01
6.241265181898475234e+00 8.687876635030978845e-01
6.291265181898475944e+00 9.109879692501171577e-01
6.341265181898474879e+00 9.052106757201598963e-01
6.391265181898475589e+00 9.097716969280209565e-01
6.441265181898476300e+00 9.408083602900849662e-01
6.491265181898475234e+00 9.078169735532232165e-01
6.541265181898475944e+00 9.284067264344247894e-01
6.591265181898474879e+00 9.502996282321578558e-01
6.641265181898475589e+00 9.398092794540773287e-01
6.691265181898476300e+00 8.959365992641756815e-01
6.741265181898475234e+00 8.977610077473199279e-01
6.791265181898475944e+00 9.107490586154196599e-01
6.841265181898474879e+00 8.882263015080295032e-01
6.891265181898475589e+00 8.836652803001683321e-01
6.941265181898476300e+00 8.704817570945890814e-01
6.991265181898475234e+00 8.692220464752749010e-01
7.041265181898475944e+00 8.864018930248850348e-01
7.091265181898474879e+00 8.782354931479530169e-01
7.141265181898475589e+00 8.778445484729934245e-01
7.191265181898476300e+00 8.688311018003156416e-01
7.241265181898475234e+00 8.950243950226034473e-01
7.291265181898475944e+00 9.251705732917042679e-01
7.341265181898474879e+00 9.486924112351020622e-01
7.391265181898475589e+00 9.921958658986530510e-01
7.441265181898476300e+00 1.008398350760864259e+00
7.491265181898475234e+00 1.060546026570742484e+00
7.541265181898475944e+00 1.084806315566841706e+00
7.591265181898474879e+00 1.147422621006191301e+00
7.641265181898475589e+00 1.151397225201613139e+00
7.691265181898476300e+00 1.164472152664147941e+00
7.741265181898473458e+00 1.161561786750560543e+00
7.791265181898477721e+00 1.173051216364648708e+00
7.841265181898474879e+00 1.191425616087746109e+00
7.891265181898475589e+00 1.281190857288173834e+00
7.941265181898476300e+00 1.189536050158775060e+00
7.991265181898473458e+00 1.245571453569639608e+00
8.041265181898477721e+00 1.216532951879591096e+00
8.091265181898474879e+00 1.257777615087820378e+00
8.141265181898475589e+00 1.213687743411830056e+00
8.191265181898476300e+00 1.217857819944731634e+00
8.241265181898473458e+00 1.181977786442891087e+00
8.291265181898477721e+00 1.198136833007884539e+00
8.341265181898474879e+00 1.151614416687701814e+00
8.391265181898475589e+00 1.112650264083403062e+00
8.441265181898476300e+00 1.120404000136766776e+00
8.491265181898473458e+00 1.074554877423458343e+00
8.541265181898477721e+00 1.078008222052267762e+00
8.591265181898474879e+00 1.051923524573024071e+00
8.641265181898475589e+00 1.011265278377234011e+00
8.691265181898476300e+00 1.033961788673495086e+00
8.741265181898473458e+00 9.980383168744368927e-01
8.791265181898477721e+00 9.921741467500442280e-01
8.841265181898474879e+00 9.741255342560796171e-01
8.891265181898475589e+00 9.555991004927202326e-01
8.941265181898476300e+00 9.537095345637491839e-01
8.991265181898473458e+00 8.987818077319366106e-01
9.041265181898477721e+00 9.091635607669725783e-01
9.091265181898474879e+00 9.258873051957965394e-01
9.141265181898475589e+00 9.194801563561822988e-01
9.191265181898476300e+00 9.049066076396357072e-01
9.241265181898473458e+00 8.814933654392822504e-01
9.291265181898477721e+00 8.824272888294633077e-01
9.341265181898474879e+00 8.939601567407691185e-01
9.391265181898475589e+00 8.942642248212933076e-01
9.441265181898476300e+00 9.100757650085450345e-01
9.491265181898473458e+00 8.777576718785579102e-01
9.541265181898477721e+00 8.625542678523544504e-01
9.591265181898474879e+00 9.081210416337472946e-01
9.641265181898475589e+00 8.985211779486301786e-01
9.691265181898476300e+00 9.027998502245760948e-01
9.741265181898473458e+00 9.095979437391499278e-01
9.791265181898477721e+00 8.942859439699020196e-01
9.841265181898474879e+00 9.522543516069553737e-01
9.891265181898475589e+00 9.331197816825478331e-01
9.941265181898476300e+00 9.490399176128438974e-01
9.991265181898473458e+00 9.464336197797802441e-01
1.004126518189847772e+01 9.099237309682829400e-01
1.009126518189847488e+01 9.309478668216614183e-01
1.014126518189847559e+01 9.607031004158027576e-01
1.019126518189847630e+01 9.647645812056599990e-01
1.024126518189847346e+01 9.534054664832249948e-01
1.029126518189847772e+01 9.627012620878179217e-01
1.034126518189847488e+01 9.790557809902913355e-01
1.039126518189847559e+01 9.803372107582142281e-01
1.044126518189847630e+01 1.008398350760864259e+00
1.049126518189847346e+01 9.672188449984614467e-01
1.054126518189847772e+01 9.575103855702999933e-01
1.059126518189847488e+01 9.947370062858897910e-01
1.064126518189847559e+01 9.956057722302444901e-01
1.069126518189847630e+01 1.025990861134042476e+00
1.074126518189847346e+01 9.904366148613351628e-01
1.079126518189847772e+01 1.017954776148763507e+00
1.084126518189847488e+01 1.007203797587376881e+00
1.089126518189847914e+01 1.051033039480060660e+00
1.094126518189847630e+01 9.995369381284484600e-01
1.099126518189847346e+01 1.010765737959230082e+00
1.104126518189847772e+01 1.003185755094737175e+00
1.109126518189847488e+01 1.000318827478367645e+00
1.114126518189847914e+01 1.036698401398211455e+00
1.119126518189847630e+01 1.000058197695061324e+00
1.124126518189847346e+01 1.064455473320337742e+00
1.129126518189847772e+01 1.054703575594958309e+00
1.134126518189847488e+01 1.071297005132129332e+00
1.139126518189847914e+01 1.072100613630657229e+00
1.144126518189847630e+01 1.081483285829685448e+00
1.149126518189847346e+01 1.066019252020175667e+00
1.154126518189847772e+01 1.087108545319380948e+00
1.159126518189847488e+01 1.089671404855226511e+00
1.164126518189847914e+01 1.069255405162896189e+00
1.169126518189847630e+01 1.077117736959304128e+00
1.174126518189847346e+01 1.109175200305984932e+00
1.179126518189847772e+01 1.079506843306279107e+00
1.184126518189847488e+01 1.087043387873554368e+00
1.189126518189847914e+01 1.073230009358318027e+00
1.194126518189847630e+01 1.093341940970124604e+00
1.199126518189847346e+01 1.054920767081047206e+00
1.204126518189847772e+01 1.040846758782504544e+00
1.209126518189847488e+01 1.070449958336383567e+00
1.214126518189847914e+01 1.100335506822178067e+00
1.219126518189847630e+01 1.037806077977263763e+00
1.224126518189847346e+01 1.033353652512446930e+00
1.229126518189847772e+01 1.048926282065001159e+00
1.234126518189847488e+01 1.049686452266311409e+00
1.239126518189847914e+01 1.032506605716701387e+00
1.244126518189847630e+01 9.783824873834167102e-01
1.249126518189847346e+01 1.037176222667606673e+00
1.254126518189847772e+01 9.743210065935593578e-01
1.259126518189847488e+01 1.019540273997210589e+00
1.264126518189847914e+01 9.552298749663695743e-01
1.269126518189847630e+01 9.446743687424623559e-01
1.274126518189847346e+01 9.565330238829012899e-01
1.279126518189847772e+01 9.131381649623946384e-01
1.284126518189847488e+01 9.075346246213080725e-01
1.289126518189847914e+01 9.162874415106794235e-01
1.294126518189847630e+01 9.163091606592885796e-01
1.299126518189847346e+01 8.965447354252237266e-01
1.304126518189847772e+01 8.872489398206307998e-01
1.309126518189847488e+01 8.997374502707264909e-01
1.314126518189847914e+01 9.009537225928226922e-01
1.319126518189847630e+01 8.589488891832831596e-01
1.324126518189847346e+01 9.101192033057625697e-01
1.329126518189847772e+01 8.943076631185109537e-01
1.334126518189847488e+01 9.252140115889219141e-01
1.339126518189847914e+01 9.035600204258862345e-01
1.344126518189847630e+01 9.166783861856391269e-01
1.349126518189847346e+01 9.227814669447292895e-01
1.354126518189847772e+01 9.691301300760413184e-01
1.359126518189847488e+01 9.287107945149486454e-01
1.364126518189847914e+01 9.556642579385467018e-01
1.369126518189847630e+01 9.613112365768510248e-01
1.374126518189847346e+01 9.460209559562118287e-01
1.379126518189847772e+01 9.650252109889665419e-01
1.384126518189847488e+01 9.835299256037168814e-01
1.389126518189847914e+01 9.988853636701824357e-01
1.394126518189847630e+01 1.011200120931407431e+00
1.399126518189847346e+01 9.631790833572131394e-01
1.404126518189847772e+01 9.888076787156705461e-01
1.409126518189847488e+01 1.025947422836824829e+00
1.414126518189847914e+01 1.030638758936339272e+00
1.419126518189847630e+01 9.927171254652656929e-01
1.424126518189847346e+01 1.020148410158258745e+00
1.429126518189847772e+01 1.045472937436191962e+00
1.434126518189847488e+01 1.036133703534381389e+00
1.439126518189847914e+01 1.063782179713463005e+00
1.444126518189847630e+01 1.014783780451869788e+00
1.449126518189847346e+01 1.067669907314449329e+00
1.454126518189847772e+01 1.091387217595326753e+00
1.459126518189847488e+01 1.059351473397255106e+00
1.464126518189847914e+01 1.032115661041741683e+00
1.469126518189847630e+01 1.077791030566178865e+00
1.474126518189847346e+01 1.098359064298771504e+00
1.479126518189847772e+01 1.087282298508251754e+00
1.484126518189847488e+01 1.079354809266017234e+00
1.489126518189847914e+01 1.080875149668637514e+00
1.494126518189847630e+01 1.049165192699698324e+00
1.499126518189847346e+01 1.049708171414920121e+00
1.504126518189847772e+01 1.060611184016569064e+00
1.509126518189847488e+01 1.067213805193663045e+00
1.514126518189847914e+01 1.078529481618880403e+00
1.519126518189847630e+01 1.068516954110194872e+00
1.524126518189847346e+01 1.043170707683652720e+00
1.529126518189847772e+01 9.995803764256662172e-01
1.534126518189847488e+01 1.013089686860378480e+00
1.539126518189847914e+01 1.013263440049249287e+00
1.544126518189847630e+01 1.016586469786405100e+00
1.549126518189847346e+01 9.953451424469379472e-01
1.554126518189847772e+01 1.028988103642065610e+00
1.559126518189847488e+01 1.014566588965781113e+00
1.564126518189847914e+01 1.015196444275438203e+00
1.569126518189847630e+01 1.040434094958935907e+00
1.574126518189847346e+01 1.041259422606072738e+00
1.579126518189847772e+01 1.032658639756963259e+00
1.584126518189847488e+01 9.791426575847267388e-01
1.589126518189847914e+01 1.036980750330126932e+00
1.594126518189847630e+01 1.006682538020764017e+00
1.599126518189847346e+01 1.005748614630582960e+00
1.604126518189847772e+01 9.949324786233697537e-01
1.609126518189847488e+01 9.987333296299204521e-01
1.614126518189847914e+01 9.840729043189384573e-01
1.619126518189847630e+01 1.013415474089511381e+00
1.624126518189847346e+01 9.927605637624834500e-01
1.629126518189847772e+01 9.228683435391648038e-01
1.634126518189847488e+01 9.849633894119018684e-01
1.639126518189847914e+01 9.705418747356173714e-01
1.644126518189847630e+01 9.475195772102235070e-01
1.649126518189847346e+01 9.394834922249444276e-01
1.654126518189847772e+01 9.394617730763356045e-01
1.659126518189847488e+01 9.426544879218383688e-01
1.664126518189847914e+01 9.385278496861544362e-01
1.669126518189847630e+01 8.893556972356903012e-01
1.674126518189847346e+01 8.952633056573010562e-01
1.679126518189847772e+01 8.739785400206158128e-01
1.684126518189847488e+01 8.946768886448617231e-01
1.689126518189847914e+01 8.792128548353516093e-01
1.694126518189847630e+01 8.703297230543272089e-01
1.699126518189847346e+01 8.807549143865810448e-01
1.704126518189847772e+01 8.493924637953838008e-01
1.709126518189847488e+01 8.601000040595530027e-01
1.714126518189847914e+01 8.600782849109442907e-01
1.719126518189847630e+01 8.498920042133877306e-01
1.724126518189847346e+01 8.720672549430361631e-01
1.729126518189847772e+01 8.422903022002858897e-01
1.734126518189847488e+01 9.171562074550341226e-01
1.739126518189847914e+01 9.295578413106944105e-01
1.744126518189847630e+01 9.198711010311417802e-01
1.749126518189847346e+01 9.196973478422708626e-01
1.754126518189847772e+01 9.587918153382229969e-01
1.759126518189847488e+01 9.800983001235168413e-01
1.764126518189847914e+01 9.935858914096201699e-01
1.769126518189847630e+01 1.023536597341241139e+00
1.774126518189847346e+01 1.030899388719645593e+00
1.779126518189847772e+01 1.070059013661423863e+00
1.784126518189847488e+01 1.083329413461438850e+00
1.789126518189847914e+01 1.110760698154432013e+00
1.794126518189847630e+01 1.122901702226785758e+00
1.799126518189847346e+01 1.169141769615053672e+00
1.804126518189847772e+01 1.178155216287731122e+00
1.809126518189847488e+01 1.181326211984625285e+00
1.814126518189847914e+01 1.200699692543730102e+00
1.819126518189847630e+01 1.254259113013184823e+00
1.824126518189847346e+01 1.232539964404322452e+00
1.829126518189847772e+01 1.259819215057053299e+00
1.834126518189847488e+01 1.307840252631247591e+00
1.839126518189847914e+01 1.282667759393576468e+00
1.844126518189847630e+01 1.280235214749383843e+00
1.849126518189847346e+01 1.299174312336311310e+00
1.854126518189847772e+01 1.305842090959232538e+00
1.859126518189847488e+01 1.317114329087232028e+00
1.864126518189847914e+01 1.246831164188953789e+00
1.869126518189847630e+01 1.227349087886804302e+00
1.874126518189847346e+01 1.219204407158480885e+00
1.879126518189847772e+01 1.165536390945982381e+00
1.884126518189847488e+01 1.099227830243125981e+00
1.889126518189847914e+01 1.060437430827698257e+00
1.894126518189847630e+01 1.041172546011637445e+00
1.899126518189847346e+01 9.865706064089576621e-01
1.904126518189847772e+01 9.354220114350872972e-01
1.909126518189847488e+01 8.917882418798829258e-01
1.914126518189847914e+01 8.742826081011400019e-01
1.919126518189847630e+01 8.571244807001388022e-01
1.924126518189847346e+01 8.247412301243252086e-01
1.929126518189847772e+01 8.076916984663684573e-01
1.934126518189847488e+01 7.929878348581687053e-01
1.939126518189847914e+01 8.147069834670308541e-01
1.944126518189847630e+01 7.913588987125039775e-01
1.949126518189847346e+01 7.866675626129897569e-01
1.954126518189847772e+01 8.126219452005801758e-01
1.959126518189847488e+01 7.975271369174208314e-01
1.964126518189847914e+01 8.131432047671927066e-01
1.969126518189847630e+01 8.299103874932345359e-01
1.974126518189847346e+01 8.287809917655735159e-01
1.979126518189847772e+01 7.971796305396792182e-01
1.984126518189847488e+01 8.482630680677232249e-01
1.989126518189847914e+01 8.275430002948684916e-01
1.994126518189847630e+01 8.358614342120628260e-01
1.999126518189847346e+01 8.171395281112235898e-01
2.004126518189847772e+01 8.054763453082645075e-01
2.009126518189847488e+01 8.467644468137114355e-01
2.014126518189847914e+01 8.224390003717857445e-01
2.019126518189847630e+01 8.063016729554012274e-01
2.024126518189847346e+01 8.317347959763787824e-01
2.029126518189847772e+01 8.419862341197619227e-01
2.034126518189847488e+01 8.215050769816047982e-01
2.039126518189847914e+01 8.324732470290802100e-01
2.044126518189847630e+01 8.559082083780424899e-01
2.049126518189847346e+01 8.438323617515152142e-01
2.054126518189847772e+01 8.674410762893483007e-01
2.059126518189847488e+01 8.994985396360291041e-01
2.064126518189847914e+01 9.252357307375307371e-01
2.069126518189847630e+01 9.608985727532824983e-01
2.074126518189847346e+01 9.636786237752169582e-01
2.079126518189847772e+01 9.995152189798395259e-01
2.084126518189847488e+01 9.995369381284484600e-01
2.089126518189847914e+01 9.808367511762181579e-01
2.094126518189847630e+01 9.978645636855660861e-01
2.099126518189847346e+01 9.768621469807963198e-01
2.104126518189847772e+01 1.005705176333365314e+00
2.109126518189847488e+01 9.776440363307153936e-01
2.114126518189847914e+01 9.708242236675326264e-01
2.119126518189847630e+01 9.190457733840050603e-01
2.124126518189847346e+01 9.279506243136386168e-01
2.129126518189847772e+01 8.866625228081913557e-01
2.134126518189847488e+01 8.930045142019792381e-01
2.139126518189847914e+01 8.430721915502048525e-01
2.144126518189847630e+01 8.543009913809868072e-01
2.149126518189847346e+01 8.566900977279614526e-01
2.154126518189847772e+01 8.263267279727721792e-01
2.159126518189847488e+01 8.858589143096635699e-01
2.164126518189847914e+01 8.819494675600682010e-01
2.169126518189847630e+01 9.758630661447886823e-01
2.174126518189847346e+01 1.057679098954372510e+00
2.179126518189847772e+01 1.199396543627198497e+00
2.184126518189847488e+01 1.338464252169743407e+00
2.189126518189847914e+01 1.498469219971231503e+00
2.194126518189847630e+01 1.729799871804222899e+00
2.199126518189847346e+01 1.977028940418901426e+00
2.204126518189847772e+01 2.163900495049552397e+00
2.209126518189847488e+01 2.363738381399693278e+00
2.214126518189847914e+01 2.533364932034907646e+00
2.219126518189847630e+01 2.536579366029019234e+00
2.224126518189847346e+01 2.551370106231654500e+00
2.229126518189847772e+01 2.384719078955854776e+00
2.234126518189847488e+01 2.230860630210674600e+00
2.239126518189847914e+01 1.926640515646341090e+00
2.244126518189847630e+01 1.685319055453273540e+00
2.249126518189847346e+01 1.430205935893577252e+00
2.254126518189847772e+01 1.181065582201318964e+00
2.259126518189847488e+01 9.763626065627923900e-01
2.264126518189847914e+01 7.801083797331133107e-01
2.269126518189847630e+01 6.403890967323027095e-01
2.274126518189847346e+01 5.413714982244998142e-01
2.279126518189847772e+01 4.571012016221143170e-01
2.284126518189847488e+01 3.843854920796436203e-01
2.289126518189847914e+01 2.863018169620218933e-01
2.294126518189847630e+01 2.634749917741076031e-01
2.299126518189847346e+01 2.163444392928766113e-01
2.304126518189847772e+01 1.664338357897112153e-01
2.309126518189847488e+01 1.519471636676001380e-01
2.314126518189847914e+01 1.256235555536591164e-01
2.319126518189847630e+01 1.063803898862071690e-01
2.324126518189847346e+01 9.271904541123283938e-02
2.329126518189847772e+01 8.198978599845489768e-02
2.334126518189847488e+01 7.238992231333779559e-02
2.339126518189847914e+01 6.311584585735363628e-02
2.344126518189847630e+01 6.843703726652486385e-02
2.349126518189847346e+01 6.722076494442859318e-02
2.354126518189847772e+01 8.175087536375741371e-02
2.359126518189847488e+01 1.027750112171360447e-01
2.364126518189847914e+01 1.259493427827920453e-01
2.369126518189847630e+01 1.466911297042554629e-01
2.374126518189848056e+01 1.613732741638463086e-01
2.379126518189847772e+01 1.568991295504207073e-01
2.384126518189847488e+01 1.487544488220973460e-01
2.389126518189847204e+01 1.316614788669228098e-01
2.394126518189847630e+01 1.108545344996327842e-01
2.399126518189848056e+01 9.932166658832695949e-02
2.404126518189847772e+01 1.100292068524960504e-01
2.409126518189847488e+01 1.186082705529965947e-01
2.414126518189847204e+01 1.724283208057572070e-01
2.419126518189847630e+01 2.731400129050512993e-01
2.424126518189848056e+01 4.373367763880497971e-01
2.429126518189847772e+01 7.387768399304485145e-01
2.434126518189847488e+01 1.183259216210814202e+00
2.439126518189847204e+01 1.930506524098718701e+00
2.444126518189847630e+01 3.017767103458361966e+00
2.449126518189848056e+01 4.439176784165349332e+00
2.454126518189847772e+01 5.611641583517559262e+00
2.459126518189847488e+01 6.452911085733229690e+00
2.464126518189847204e+01 6.320641470705258058e+00
2.469126518189847630e+01 5.224714951050679623e+00
2.474126518189848056e+01 3.684067144481036671e+00
2.479126518189847772e+01 2.166376477990962002e+00
2.484126518189847488e+01 1.113779659811063638e+00
2.489126518189847204e+01 5.770560593888605094e-01
2.494126518189847630e+01 3.266559950772878751e-01
2.499126518189848056e+01 2.308528305635965672e-01
2.504126518189847772e+01 1.954723374797600055e-01
2.509126518189847488e+01 1.625895464859425932e-01
2.514126518189847204e+01 1.301845767615201765e-01
2.519126518189847630e+01 1.043605090655830014e-01
2.524126518189848056e+01 7.495278184918353903e-02
2.529126518189847772e+01 4.930246734211724685e-02
2.534126518189847488e+01 3.116697825371729513e-02
2.539126518189847204e+01 1.700609336073911904e-02
2.544126518189847630e+01 9.143761564330995378e-03
2.549126518189848056e+01 4.452425464816755704e-03
2.554126518189847772e+01 2.041599969233049133e-03
2.559126518189847488e+01 9.773616873988001490e-04
2.564126518189847204e+01 3.692255263506578726e-04
2.569126518189847630e+01 1.303148916531733333e-04
2.574126518189848056e+01 4.343829721772445122e-05
2.579126518189847772e+01 4.343829721772445122e-05
2.584126518189847488e+01 6.515744582658666666e-05
2.589126518189847204e+01 0.000000000000000000e+00
2.594126518189847630e+01 0.000000000000000000e+00
2.599126518189848056e+01 0.000000000000000000e+00
2.604126518189847772e+01 0.000000000000000000e+00
2.609126518189847488e+01 0.000000000000000000e+00
2.614126518189847204e+01 0.000000000000000000e+00
2.619126518189847630e+01 0.000000000000000000e+00
2.624126518189848056e+01 2.171914860886222561e-05
2.629126518189847772e+01 0.000000000000000000e+00
2.634126518189847488e+01 0.000000000000000000e+00
2.639126518189847204e+01 0.000000000000000000e+00
2.644126518189847630e+01 0.000000000000000000e+00
2.649126518189848056e+01 0.000000000000000000e+00
2.654126518189847772e+01 0.000000000000000000e+00
2.659126518189847488e+01 0.000000000000000000e+00
2.664126518189847204e+01 0.000000000000000000e+00
2.669126518189847630e+01 0.000000000000000000e+00
2.674126518189848056e+01 0.000000000000000000e+00
2.679126518189847772e+01 0.000000000000000000e+00
2.684126518189847488e+01 0.000000000000000000e+00
2.689126518189847204e+01 0.000000000000000000e+00
2.694126518189847630e+01 0.000000000000000000e+00
2.699126518189848056e+01 0.000000000000000000e+00
2.704126518189847772e+01 0.000000000000000000e+00
2.709126518189847488e+01 0.000000000000000000e+00
2.714126518189847204e+01 0.000000000000000000e+00
2.719126518189847630e+01 0.000000000000000000e+00
2.724126518189848056e+01 0.000000000000000000e+00
2.729126518189847772e+01 0.000000000000000000e+00
2.734126518189847488e+01 0.000000000000000000e+00
2.739126518189847204e+01 0.000000000000000000e+00
2.744126518189847630e+01 0.000000000000000000e+00
2.749126518189848056e+01 0.000000000000000000e+00
2.754126518189847772e+01 0.000000000000000000e+00
2.759126518189847488e+01 0.000000000000000000e+00
2.764126518189847204e+01 0.000000000000000000e+00
2.769126518189847630e+01 0.000000000000000000e+00
2.774126518189848056e+01 0.000000000000000000e+00
2.779126518189847772e+01 0.000000000000000000e+00
2.784126518189847488e+01 0.000000000000000000e+00
2.789126518189847204e+01 0.000000000000000000e+00
2.794126518189847630e+01 0.000000000000000000e+00
2.799126518189848056e+01 0.000000000000000000e+00
2.804126518189847772e+01 0.000000000000000000e+00
2.809126518189847488e+01 0.000000000000000000e+00
2.814126518189847204e+01 0.000000000000000000e+00
2.819126518189847630e+01 0.000000000000000000e+00
2.824126518189848056e+01 0.000000000000000000e+00
2.829126518189847772e+01 0.000000000000000000e+00
2.834126518189847488e+01 0.000000000000000000e+00
2.839126518189847204e+01 0.000000000000000000e+00
2.844126518189847630e+01 0.000000000000000000e+00
2.849126518189848056e+01 0.000000000000000000e+00
2.854126518189847772e+01 0.000000000000000000e+00
2.859126518189847488e+01 0.000000000000000000e+00
2.864126518189847204e+01 0.000000000000000000e+00
2.869126518189847630e+01 0.000000000000000000e+00
2.874126518189848056e+01 0.000000000000000000e+00
2.879126518189847772e+01 0.000000000000000000e+00
2.884126518189847488e+01 0.000000000000000000e+00
2.889126518189847204e+01 0.000000000000000000e+00
2.894126518189847630e+01 0.000000000000000000e+00
2.899126518189848056e+01 0.000000000000000000e+00
2.904126518189847772e+01 0.000000000000000000e+00
2.909126518189847488e+01 0.000000000000000000e+00
2.914126518189847204e+01 0.000000000000000000e+00
2.919126518189847630e+01 0.000000000000000000e+00
2.924126518189848056e+01 0.000000000000000000e+00
2.929126518189847772e+01 0.000000000000000000e+00
2.934126518189847488e+01 0.000000000000000000e+00
2.939126518189847204e+01 0.000000000000000000e+00
2.944126518189847630e+01 0.000000000000000000e+00
2.949126518189848056e+01 0.000000000000000000e+00
2.954126518189847772e+01 0.000000000000000000e+00
2.959126518189847488e+01 0.000000000000000000e+00
2.964126518189847204e+01 0.000000000000000000e+00
2.969126518189847630e+01 0.000000000000000000e+00
2.974126518189848056e+01 0.000000000000000000e+00
2.979126518189847772e+01 0.000000000000000000e+00
2.984126518189847488e+01 0.000000000000000000e+00
2.989126518189847204e+01 0.000000000000000000e+00
2.994126518189847630e+01 0.000000000000000000e+00
2.999126518189848056e+01 0.000000000000000000e+00
3.004126518189847772e+01 0.000000000000000000e+00
3.009126518189847488e+01 0.000000000000000000e+00
3.014126518189847914e+01 0.000000000000000000e+00
3.019126518189847630e+01 0.000000000000000000e+00
3.024126518189848056e+01 0.000000000000000000e+00
3.029126518189847772e+01 0.000000000000000000e+00
3.034126518189847488e+01 0.000000000000000000e+00
3.039126518189847914e+01 0.000000000000000000e+00
3.044126518189847630e+01 0.000000000000000000e+00
3.049126518189848056e+01 0.000000000000000000e+00
3.054126518189847772e+01 0.000000000000000000e+00
3.059126518189847488e+01 0.000000000000000000e+00
3.064126518189847914e+01 0.000000000000000000e+00
3.069126518189847630e+01 0.000000000000000000e+00
3.074126518189848056e+01 0.000000000000000000e+00
3.079126518189847772e+01 0.000000000000000000e+00
3.084126518189847488e+01 0.000000000000000000e+00
3.089126518189847914e+01 0.000000000000000000e+00
3.094126518189847630e+01 0.000000000000000000e+00
3.099126518189848056e+01 0.000000000000000000e+00
3.104126518189847772e+01 0.000000000000000000e+00
3.109126518189847488e+01 0.000000000000000000e+00
3.114126518189847914e+01 0.000000000000000000e+00
3.119126518189847630e+01 0.000000000000000000e+00
3.124126518189848056e+01 0.000000000000000000e+00
3.129126518189847772e+01 0.000000000000000000e+00
3.134126518189847488e+01 0.000000000000000000e+00
3.139126518189847914e+01 0.000000000000000000e+00
3.144126518189847630e+01 0.000000000000000000e+00
3.149126518189848056e+01 0.000000000000000000e+00
3.154126518189847772e+01 0.000000000000000000e+00
3.159126518189847488e+01 0.000000000000000000e+00
3.164126518189847914e+01 0.000000000000000000e+00
3.169126518189847630e+01 0.000000000000000000e+00
3.174126518189848056e+01 0.000000000000000000e+00
3.179126518189847772e+01 0.000000000000000000e+00
3.184126518189847488e+01 0.000000000000000000e+00
3.189126518189847914e+01 0.000000000000000000e+00
3.194126518189847630e+01 0.000000000000000000e+00
3.199126518189848056e+01 0.000000000000000000e+00
3.204126518189848127e+01 0.000000000000000000e+00
3.209126518189847843e+01 0.000000000000000000e+00
3.214126518189847559e+01 0.000000000000000000e+00
3.219126518189847275e+01 0.000000000000000000e+00
3.224126518189848412e+01 0.000000000000000000e+00
3.229126518189848127e+01 0.000000000000000000e+00
3.234126518189847843e+01 0.000000000000000000e+00
3.239126518189847559e+01 0.000000000000000000e+00
3.244126518189847275e+01 0.000000000000000000e+00
3.249126518189848412e+01 0.000000000000000000e+00
3.254126518189848127e+01 0.000000000000000000e+00
3.259126518189847843e+01 0.000000000000000000e+00
3.264126518189847559e+01 0.000000000000000000e+00
3.269126518189847275e+01 0.000000000000000000e+00
3.274126518189848412e+01 0.000000000000000000e+00
3.279126518189848127e+01 0.000000000000000000e+00
3.284126518189847843e+01 0.000000000000000000e+00
3.289126518189847559e+01 0.000000000000000000e+00
3.294126518189847275e+01 0.000000000000000000e+00
3.299126518189848412e+01 0.000000000000000000e+00
3.304126518189848127e+01 0.000000000000000000e+00
3.309126518189847843e+01 0.000000000000000000e+00
3.314126518189847559e+01 0.000000000000000000e+00
3.319126518189847275e+01 0.000000000000000000e+00
3.324126518189848412e+01 0.000000000000000000e+00
3.329126518189848127e+01 0.000000000000000000e+00
3.334126518189847843e+01 0.000000000000000000e+00
3.339126518189847559e+01 0.000000000000000000e+00
3.344126518189847275e+01 0.000000000000000000e+00
3.349126518189848412e+01 0.000000000000000000e+00
3.354126518189848127e+01 0.000000000000000000e+00
3.359126518189847843e+01 0.000000000000000000e+00
3.364126518189847559e+01 0.000000000000000000e+00
3.369126518189847275e+01 0.000000000000000000e+00
3.374126518189848412e+01 0.000000000000000000e+00
3.379126518189848127e+01 0.000000000000000000e+00
3.384126518189847843e+01 0.000000000000000000e+00
3.389126518189847559e+01 0.000000000000000000e+00
3.394126518189847275e+01 0.000000000000000000e+00
3.399126518189848412e+01 0.000000000000000000e+00
3.404126518189848127e+01 0.000000000000000000e+00
3.409126518189847843e+01 0.000000000000000000e+00
3.414126518189847559e+01 0.000000000000000000e+00
3.419126518189847275e+01 0.000000000000000000e+00
3.424126518189848412e+01 0.000000000000000000e+00
3.429126518189848127e+01 0.000000000000000000e+00
3.434126518189847843e+01 0.000000000000000000e+00
3.439126518189847559e+01 0.000000000000000000e+00
3.444126518189847275e+01 0.000000000000000000e+00
3.449126518189848412e+01 0.000000000000000000e+00
3.454126518189848127e+01 0.000000000000000000e+00
3.459126518189847843e+01 0.000000000000000000e+00
3.464126518189847559e+01 0.000000000000000000e+00
3.469126518189847275e+01 0.000000000000000000e+00
3.474126518189848412e+01 0.000000000000000000e+00
3.479126518189848127e+01 0.000000000000000000e+00
3.484126518189847843e+01 0.000000000000000000e+00
3.489126518189847559e+01 0.000000000000000000e+00
3.494126518189847275e+01 0.000000000000000000e+00
3.499126518189848412e+01 0.000000000000000000e+00
3.504126518189848127e+01 0.000000000000000000e+00
3.509126518189847843e+01 0.000000000000000000e+00
3.514126518189847559e+01 0.000000000000000000e+00
3.519126518189847275e+01 0.000000000000000000e+00
3.524126518189848412e+01 0.000000000000000000e+00
3.529126518189848127e+01 0.000000000000000000e+00
3.534126518189847843e+01 0.000000000000000000e+00
3.539126518189847559e+01 0.000000000000000000e+00
3.544126518189847275e+01 0.000000000000000000e+00
3.549126518189848412e+01 0.000000000000000000e+00
3.554126518189848127e+01 0.000000000000000000e+00
3.559126518189847843e+01 0.000000000000000000e+00
3.564126518189847559e+01 0.000000000000000000e+00
3.569126518189847275e+01 0.000000000000000000e+00
3.574126518189848412e+01 0.000000000000000000e+00
3.579126518189848127e+01 0.000000000000000000e+00
3.584126518189847843e+01 0.000000000000000000e+00
3.589126518189847559e+01 0.000000000000000000e+00
3.594126518189847275e+01 0.000000000000000000e+00
3.599126518189848412e+01 0.000000000000000000e+00
3.604126518189848127e+01 0.000000000000000000e+00
3.609126518189847843e+01 0.000000000000000000e+00
3.614126518189847559e+01 0.000000000000000000e+00
3.619126518189847275e+01 0.000000000000000000e+00
3.624126518189848412e+01 0.000000000000000000e+00
3.629126518189848127e+01 0.000000000000000000e+00
3.634126518189847843e+01 0.000000000000000000e+00
3.639126518189847559e+01 0.000000000000000000e+00
3.644126518189847275e+01 0.000000000000000000e+00
3.649126518189848412e+01 0.000000000000000000e+00
3.654126518189848127e+01 0.000000000000000000e+00
3.659126518189847843e+01 0.000000000000000000e+00
3.664126518189847559e+01 0.000000000000000000e+00
3.669126518189847275e+01 0.000000000000000000e+00
3.674126518189848412e+01 0.000000000000000000e+00
3.679126518189848127e+01 0.000000000000000000e+00
3.684126518189847843e+01 0.000000000000000000e+00
3.689126518189847559e+01 0.000000000000000000e+00
3.694126518189847275e+01 0.000000000000000000e+00
3.699126518189848412e+01 0.000000000000000000e+00
3.704126518189848127e+01 0.000000000000000000e+00
3.709126518189847843e+01 0.000000000000000000e+00
3.714126518189847559e+01 0.000000000000000000e+00
3.719126518189847275e+01 0.000000000000000000e+00
3.724126518189848412e+01 0.000000000000000000e+00
3.729126518189848127e+01 0.000000000000000000e+00
3.734126518189847843e+01 0.000000000000000000e+00
3.739126518189847559e+01 0.000000000000000000e+00
3.744126518189847275e+01 0.000000000000000000e+00
3.749126518189848412e+01 0.000000000000000000e+00
3.754126518189848127e+01 0.000000000000000000e+00
3.759126518189847843e+01 0.000000000000000000e+00
3.764126518189847559e+01 0.000000000000000000e+00
3.769126518189847275e+01 0.000000000000000000e+00
3.774126518189848412e+01 0.000000000000000000e+00
3.779126518189848127e+01 0.000000000000000000e+00
3.784126518189847843e+01 0.000000000000000000e+00
3.789126518189847559e+01 0.000000000000000000e+00
3.794126518189847275e+01 0.000000000000000000e+00
3.799126518189848412e+01 0.000000000000000000e+00
3.804126518189848127e+01 0.000000000000000000e+00
3.809126518189847843e+01 0.000000000000000000e+00
3.814126518189847559e+01 0.000000000000000000e+00
3.819126518189847275e+01 0.000000000000000000e+00
3.824126518189848412e+01 0.000000000000000000e+00
3.829126518189848127e+01 0.000000000000000000e+00
3.834126518189847843e+01 0.000000000000000000e+00
3.839126518189847559e+01 0.000000000000000000e+00
3.844126518189847275e+01 0.000000000000000000e+00
3.849126518189848412e+01 0.000000000000000000e+00
3.854126518189848127e+01 0.000000000000000000e+00
3.859126518189847843e+01 0.000000000000000000e+00
3.864126518189847559e+01 0.000000000000000000e+00
3.869126518189847275e+01 0.000000000000000000e+00
3.874126518189848412e+01 0.000000000000000000e+00
3.879126518189848127e+01 0.000000000000000000e+00
3.884126518189847843e+01 0.000000000000000000e+00
3.889126518189847559e+01 0.000000000000000000e+00
3.894126518189847275e+01 0.000000000000000000e+00
3.899126518189848412e+01 0.000000000000000000e+00
3.904126518189848127e+01 0.000000000000000000e+00
3.909126518189847843e+01 0.000000000000000000e+00
3.914126518189847559e+01 0.000000000000000000e+00
3.919126518189847275e+01 0.000000000000000000e+00
3.924126518189848412e+01 0.000000000000000000e+00
3.929126518189848127e+01 0.000000000000000000e+00
3.934126518189847843e+01 0.000000000000000000e+00
3.939126518189847559e+01 0.000000000000000000e+00
3.944126518189847275e+01 0.000000000000000000e+00
3.949126518189848412e+01 0.000000000000000000e+00
3.954126518189848127e+01 0.000000000000000000e+00
3.959126518189847843e+01 0.000000000000000000e+00
3.964126518189847559e+01 0.000000000000000000e+00
3.969126518189847275e+01 0.000000000000000000e+00
3.974126518189848412e+01 0.000000000000000000e+00
3.979126518189848127e+01 0.000000000000000000e+00
3.984126518189847843e+01 0.000000000000000000e+00
3.989126518189847559e+01 0.000000000000000000e+00
3.994126518189847275e+01 0.000000000000000000e+00
3.999126518189848412e+01 0.000000000000000000e+00
4.004126518189848127e+01 0.000000000000000000e+00
4.009126518189847843e+01 0.000000000000000000e+00
4.014126518189847559e+01 0.000000000000000000e+00
4.019126518189847275e+01 0.000000000000000000e+00
4.024126518189848412e+01 0.000000000000000000e+00
4.029126518189848127e+01 0.000000000000000000e+00
4.034126518189847843e+01 0.000000000000000000e+00
4.039126518189847559e+01 0.000000000000000000e+00
4.044126518189847275e+01 0.000000000000000000e+00
4.049126518189848412e+01 0.000000000000000000e+00
4.054126518189848127e+01 0.000000000000000000e+00
4.059126518189847843e+01 0.000000000000000000e+00
4.064126518189847559e+01 0.000000000000000000e+00
4.069126518189847275e+01 0.000000000000000000e+00
4.074126518189848412e+01 0.000000000000000000e+00
4.079126518189848127e+01 0.000000000000000000e+00
4.084126518189847843e+01 0.000000000000000000e+00
4.089126518189847559e+01 0.000000000000000000e+00
4.094126518189847275e+01 0.000000000000000000e+00
4.099126518189848412e+01 0.000000000000000000e+00
4.104126518189848127e+01 0.000000000000000000e+00
4.109126518189847843e+01 0.000000000000000000e+00
4.114126518189847559e+01 0.000000000000000000e+00
4.119126518189847275e+01 0.000000000000000000e+00
4.124126518189848412e+01 0.000000000000000000e+00
4.129126518189848127e+01 0.000000000000000000e+00
4.134126518189847843e+01 0.000000000000000000e+00
4.139126518189847559e+01 0.000000000000000000e+00
4.144126518189847275e+01 0.000000000000000000e+00
4.149126518189848412e+01 0.000000000000000000e+00
4.154126518189848127e+01 0.000000000000000000e+00
4.159126518189847843e+01 0.000000000000000000e+00
4.164126518189847559e+01 0.000000000000000000e+00
