-8.215010502783055557e+00 2.389106346974844851e-04
-8.165010502783056623e+00 6.515744582658666666e-05
-8.115010502783055912e+00 6.515744582658666666e-05
-8.065010502783055202e+00 0.000000000000000000e+00
-8.015010502783056268e+00 0.000000000000000000e+00
-7.965010502783055557e+00 0.000000000000000000e+00
-7.915010502783055735e+00 0.000000000000000000e+00
-7.865010502783055912e+00 2.171914860886222561e-05
-7.815010502783056090e+00 4.343829721772445122e-05
-7.765010502783056268e+00 0.000000000000000000e+00
-7.715010502783055557e+00 0.000000000000000000e+00
-7.665010502783055735e+00 0.000000000000000000e+00
-7.615010502783055912e+00 0.000000000000000000e+00
-7.565010502783056090e+00 0.000000000000000000e+00
-7.515010502783056268e+00 0.000000000000000000e+00
-7.465010502783055557e+00 0.000000000000000000e+00
-7.415010502783055735e+00 0.000000000000000000e+00
-7.365010502783055912e+00 0.000000000000000000e+00
-7.315010502783056090e+00 0.000000000000000000e+00
-7.265010502783056268e+00 0.000000000000000000e+00
-7.215010502783055557e+00 0.000000000000000000e+00
-7.165010502783055735e+00 0.000000000000000000e+00
-7.115010502783055912e+00 0.000000000000000000e+00
-7.065010502783055202e+00 0.000000000000000000e+00
-7.015010502783056268e+00 0.000000000000000000e+00
-6.965010502783055557e+00 0.000000000000000000e+00
-6.915010502783055735e+00 0.000000000000000000e+00
-6.865010502783055912e+00 0.000000000000000000e+00
-6.815010502783055202e+00 0.000000000000000000e+00
-6.765010502783056268e+00 0.000000000000000000e+00
-6.715010502783055557e+00 0.000000000000000000e+00
-6.665010502783055735e+00 0.000000000000000000e+00
-6.615010502783055912e+00 0.000000000000000000e+00
-6.565010502783055202e+00 0.000000000000000000e+00
-6.515010502783056268e+00 0.000000000000000000e+00
-6.465010502783055557e+00 0.000000000000000000e+00
-6.415010502783055735e+00 0.000000000000000000e+00
-6.365010502783055912e+00 0.000000000000000000e+00
-6.315010502783055202e+00 0.000000000000000000e+00
-6.265010502783056268e+00 0.000000000000000000e+00
-6.215010502783055557e+00 0.000000000000000000e+00
-6.165010502783055735e+00 0.000000000000000000e+00
-6.115010502783055912e+00 0.000000000000000000e+00
-6.065010502783056090e+00 0.000000000000000000e+00
-6.015010502783056268e+00 0.000000000000000000e+00
-5.965010502783055557e+00 0.000000000000000000e+00
-5.915010502783055735e+00 0.000000000000000000e+00
-5.865010502783055912e+00 0.000000000000000000e+00
-5.815010502783055202e+00 0.000000000000000000e+00
-5.765010502783056268e+00 0.000000000000000000e+00
-5.715010502783055557e+00 0.000000000000000000e+00
-5.665010502783055735e+00 0.000000000000000000e+00
-5.615010502783055912e+00 0.000000000000000000e+00
-5.565010502783055202e+00 0.000000000000000000e+00
-5.515010502783056268e+00 0.000000000000000000e+00
-5.465010502783055557e+00 0.000000000000000000e+00
-5.415010502783055735e+00 0.000000000000000000e+00
-5.365010502783055912e+00 0.000000000000000000e+00
-5.315010502783055202e+00 0.000000000000000000e+00
-5.265010502783056268e+00 0.000000000000000000e+00
-5.215010502783055557e+00 0.000000000000000000e+00
-5.165010502783055735e+00 0.000000000000000000e+00
-5.115010502783055912e+00 0.000000000000000000e+00
-5.065010502783055202e+00 0.000000000000000000e+00
-5.015010502783056268e+00 0.000000000000000000e+00
-4.965010502783055557e+00 0.000000000000000000e+00
-4.915010502783055735e+00 0.000000000000000000e+00
-4.865010502783055912e+00 0.000000000000000000e+00
-4.815010502783055202e+00 0.000000000000000000e+00
-4.765010502783056268e+00 0.000000000000000000e+00
-4.715010502783055557e+00 0.000000000000000000e+00
-4.665010502783055735e+00 0.000000000000000000e+00
-4.615010502783055912e+00 0.000000000000000000e+00
-4.565010502783055202e+00 0.000000000000000000e+00
-4.515010502783056268e+00 0.000000000000000000e+00
-4.465010502783055557e+00 0.000000000000000000e+00
-4.415010502783055735e+00 0.000000000000000000e+00
-4.365010502783055912e+00 0.000000000000000000e+00
-4.315010502783055202e+00 0.000000000000000000e+00
-4.265010502783056268e+00 0.000000000000000000e+00
-4.215010502783055557e+00 0.000000000000000000e+00
-4.165010502783055735e+00 0.000000000000000000e+00
-4.115010502783055912e+00 0.000000000000000000e+00
-4.065010502783055202e+00 0.000000000000000000e+00
-4.015010502783056268e+00 0.000000000000000000e+00
-3.965010502783055557e+00 0.000000000000000000e+00
-3.915010502783055735e+00 0.000000000000000000e+00
-3.865010502783055912e+00 0.000000000000000000e+00
-3.815010502783055202e+00 0.000000000000000000e+00
-3.765010502783056268e+00 0.000000000000000000e+00
-3.715010502783055557e+00 0.000000000000000000e+00
-3.665010502783055735e+00 0.000000000000000000e+00
-3.615010502783055912e+00 0.000000000000000000e+00
-3.565010502783055202e+00 0.000000000000000000e+00
-3.515010502783056268e+00 0.000000000000000000e+00
-3.465010502783055557e+00 0.000000000000000000e+00
-3.415010502783054847e+00 0.000000000000000000e+00
-3.365010502783055912e+00 0.000000000000000000e+00
-3.315010502783055202e+00 0.000000000000000000e+00
-3.265010502783056268e+00 0.000000000000000000e+00
-3.215010502783055557e+00 0.000000000000000000e+00
-3.165010502783054847e+00 0.000000000000000000e+00
-3.115010502783055912e+00 0.000000000000000000e+00
-3.065010502783055202e+00 0.000000000000000000e+00
-3.015010502783056268e+00 0.000000000000000000e+00
-2.965010502783055557e+00 0.000000000000000000e+00
-2.915010502783054847e+00 0.000000000000000000e+00
-2.865010502783055912e+00 0.000000000000000000e+00
-2.815010502783055202e+00 0.000000000000000000e+00
-2.765010502783056268e+00 0.000000000000000000e+00
-2.715010502783055557e+00 0.000000000000000000e+00
-2.665010502783054847e+00 0.000000000000000000e+00
-2.615010502783055912e+00 0.000000000000000000e+00
-2.565010502783055202e+00 0.000000000000000000e+00
-2.515010502783056268e+00 0.000000000000000000e+00
-2.465010502783055557e+00 0.000000000000000000e+00
-2.415010502783054847e+00 0.000000000000000000e+00
-2.365010502783055912e+00 0.000000000000000000e+00
-2.315010502783055202e+00 0.000000000000000000e+00
-2.265010502783056268e+00 0.000000000000000000e+00
-2.215010502783055557e+00 0.000000000000000000e+00
-2.165010502783054847e+00 0.000000000000000000e+00
-2.115010502783055912e+00 0.000000000000000000e+00
-2.065010502783055202e+00 0.000000000000000000e+00
-2.015010502783056268e+00 0.000000000000000000e+00
-1.965010502783055557e+00 0.000000000000000000e+00
-1.915010502783054847e+00 0.000000000000000000e+00
-1.865010502783055912e+00 0.000000000000000000e+00
-1.815010502783055202e+00 0.000000000000000000e+00
-1.765010502783056268e+00 0.000000000000000000e+00
-1.715010502783055557e+00 0.000000000000000000e+00
-1.665010502783054847e+00 0.000000000000000000e+00
-1.615010502783055912e+00 0.000000000000000000e+00
-1.565010502783055202e+00 0.000000000000000000e+00
-1.515010502783056268e+00 0.000000000000000000e+00
-1.465010502783055557e+00 0.000000000000000000e+00
-1.415010502783054847e+00 0.000000000000000000e+00
-1.365010502783055912e+00 0.000000000000000000e+00
-1.315010502783055202e+00 0.000000000000000000e+00
-1.265010502783056268e+00 0.000000000000000000e+00
-1.215010502783055557e+00 0.000000000000000000e+00
-1.165010502783054847e+00 0.000000000000000000e+00
-1.115010502783055912e+00 0.000000000000000000e+00
-1.065010502783055202e+00 0.000000000000000000e+00
-1.015010502783056268e+00 0.000000000000000000e+00
-9.650105027830555571e-01 0.000000000000000000e+00
-9.150105027830548465e-01 0.000000000000000000e+00
-8.650105027830559123e-01 0.000000000000000000e+00
-8.150105027830552018e-01 0.000000000000000000e+00
-7.650105027830562676e-01 0.000000000000000000e+00
-7.150105027830555571e-01 0.000000000000000000e+00
-6.650105027830548465e-01 0.000000000000000000e+00
-6.150105027830559123e-01 0.000000000000000000e+00
-5.650105027830552018e-01 0.000000000000000000e+00
-5.150105027830562676e-01 0.000000000000000000e+00
-4.650105027830555571e-01 0.000000000000000000e+00
-4.150105027830548465e-01 0.000000000000000000e+00
-3.650105027830559123e-01 0.000000000000000000e+00
-3.150105027830552018e-01 0.000000000000000000e+00
-2.650105027830562676e-01 0.000000000000000000e+00
-2.150105027830555571e-01 0.000000000000000000e+00
-1.650105027830566229e-01 0.000000000000000000e+00
-1.150105027830559123e-01 0.000000000000000000e+00
-6.501050278305520180e-02 0.000000000000000000e+00
-1.501050278305449126e-02 0.000000000000000000e+00
3.498949721694444293e-02 0.000000000000000000e+00
8.498949721694337711e-02 0.000000000000000000e+00
1.349894972169440877e-01 0.000000000000000000e+00
1.849894972169447982e-01 0.000000000000000000e+00
2.349894972169455087e-01 0.000000000000000000e+00
2.849894972169444429e-01 0.000000000000000000e+00
3.349894972169433771e-01 0.000000000000000000e+00
3.849894972169440877e-01 0.000000000000000000e+00
4.349894972169447982e-01 0.000000000000000000e+00
4.849894972169455087e-01 0.000000000000000000e+00
5.349894972169444429e-01 4.343829721772445122e-05
5.849894972169433771e-01 0.000000000000000000e+00
6.349894972169440877e-01 4.343829721772445122e-05
6.849894972169447982e-01 2.606297833063466666e-04
7.349894972169455087e-01 3.692255263506578726e-04
7.849894972169444429e-01 1.020799984616524566e-03
8.349894972169433771e-01 3.105838251067298116e-03
8.849894972169440877e-01 5.169157368909209349e-03
9.349894972169447982e-01 1.046862962947159303e-02
9.849894972169455087e-01 2.006849331458869512e-02
1.034989497216944443e+00 3.485923351722387820e-02
1.084989497216943377e+00 5.499288427763915355e-02
1.134989497216944088e+00 8.077351367635861312e-02
1.184989497216944798e+00 1.084002707068313642e-01
1.234989497216945509e+00 1.376776830315776246e-01
1.284989497216944443e+00 1.635886273219502862e-01
1.334989497216945153e+00 1.974922183003842147e-01
1.384989497216944088e+00 2.550262429652602747e-01
1.434989497216944798e+00 4.059091683510260840e-01
1.484989497216945509e+00 7.512653503805443167e-01
1.534989497216944443e+00 1.543232385254096561e+00
1.584989497216945153e+00 2.842298101847363867e+00
1.634989497216944088e+00 4.555091880290847328e+00
1.684989497216944798e+00 6.166196604947637994e+00
1.734989497216945509e+00 6.977276490596990399e+00
1.784989497216944443e+00 6.646254946649320594e+00
1.834989497216945153e+00 5.587250979629807546e+00
1.884989497216944088e+00 3.864422954529028509e+00
1.934989497216944798e+00 2.392342500117564885e+00
1.984989497216945509e+00 1.346000796737018668e+00
2.034989497216944443e+00 7.324565676852696772e-01
2.084989497216945153e+00 3.620364881611243812e-01
2.134989497216944088e+00 2.028568480067731716e-01
2.184989497216944798e+00 1.302714533559556354e-01
2.234989497216945509e+00 8.455264553430064112e-02
2.284989497216944443e+00 8.046944559583456280e-02
2.334989497216945153e+00 8.759332633954135250e-02
2.384989497216944088e+00 1.059460069140299304e-01
2.434989497216944798e+00 1.342460575513773902e-01
2.484989497216945509e+00 1.587235380335651203e-01
2.534989497216944443e+00 1.823322525713984010e-01
2.584989497216945153e+00 1.841132227573250568e-01
2.634989497216944088e+00 1.686057506505974635e-01
2.684989497216944798e+00 1.421735467936121045e-01
2.734989497216945509e+00 1.119187727814670297e-01
2.784989497216944443e+00 8.852724972972242368e-02
2.834989497216945153e+00 7.299805847438595174e-02
2.884989497216944088e+00 6.200816927830164749e-02
2.934989497216944798e+00 5.751230551626716758e-02
2.984989497216945509e+00 5.924983740497614948e-02
3.034989497216944443e+00 6.328959904622452615e-02
3.084989497216945153e+00 6.882798194148438686e-02
3.134989497216944088e+00 7.901426263904076652e-02
3.184989497216944798e+00 9.814883256344839046e-02
3.234989497216945509e+00 1.296198788976897498e-01
3.284989497216944443e+00 1.859593503890783484e-01
3.334989497216945153e+00 2.587836556745933825e-01
3.384989497216944088e+00 4.006096960904637072e-01
3.434989497216944798e+00 5.031023583756845108e-01
3.484989497216945509e+00 6.619562113009029858e-01
3.534989497216944443e+00 8.352967363482323160e-01
3.584989497216945153e+00 1.008420069909472971e+00
3.634989497216944088e+00 1.144707727430083644e+00
3.684989497216944798e+00 1.397040795967845028e+00
3.734989497216945509e+00 1.491301900930306790e+00
3.784989497216944443e+00 1.696938799959014643e+00
3.834989497216945153e+00 1.803275751548003791e+00
3.884989497216944088e+00 2.013256480298483808e+00
3.934989497216944798e+00 2.161011848284573489e+00
3.984989497216945509e+00 2.259595063820199368e+00
4.034989497216944443e+00 2.333527045684766321e+00
4.084989497216945153e+00 2.388128985287445882e+00
4.134989497216944088e+00 2.273256408295173614e+00
4.184989497216944798e+00 2.245043234252261488e+00
4.234989497216945509e+00 2.114967253233785538e+00
4.284989497216944443e+00 1.966647187383865569e+00
4.334989497216945153e+00 1.769828262690356091e+00
4.384989497216944088e+00 1.613016009734370648e+00
4.434989497216944798e+00 1.436026667720752492e+00
4.484989497216945509e+00 1.291941835849560460e+00
4.534989497216944443e+00 1.156370910233042393e+00
4.584989497216945153e+00 1.093493975010386254e+00
4.634989497216944088e+00 1.028966384493456676e+00
4.684989497216944798e+00 9.666758662832398707e-01
4.734989497216945509e+00 9.422852623954875995e-01
4.784989497216944443e+00 9.232592882141242852e-01
4.834989497216945153e+00 9.121825224236046470e-01
4.884989497216944088e+00 9.104884288321133390e-01
4.934989497216944798e+00 8.893556972356903012e-01
4.984989497216945509e+00 9.137463011234426835e-01
5.034989497216944443e+00 8.846643611361760806e-01
5.084989497216945153e+00 8.838824717862570068e-01
5.134989497216944088e+00 8.581669998333641969e-01
5.184989497216944798e+00 9.004976204720367416e-01
5.234989497216945509e+00 8.880959866163763428e-01
5.284989497216944443e+00 8.464169404359698223e-01
5.334989497216945153e+00 8.768671867855946100e-01
5.384989497216944088e+00 8.312352555583750746e-01
5.434989497216944798e+00 8.743260463983576480e-01
5.484989497216945509e+00 8.660727699269900048e-01
5.534989497216944443e+00 8.266525152019050804e-01
5.584989497216945153e+00 8.430721915502048525e-01
5.634989497216944088e+00 8.137079026310233276e-01
5.684989497216944798e+00 8.106237835285646787e-01
5.734989497216945509e+00 7.824540477828705320e-01
5.784989497216944443e+00 7.865806860185543536e-01
5.834989497216945153e+00 7.930312731553863514e-01
5.884989497216944088e+00 7.834748477674869926e-01
5.934989497216944798e+00 7.910331114833711874e-01
5.984989497216945509e+00 8.004592219796173858e-01
6.034989497216944443e+00 7.865589668699455306e-01
6.084989497216945153e+00 8.100373665161254566e-01
6.134989497216944088e+00 8.075613835747151859e-01
6.184989497216944798e+00 8.263267279727721792e-01
6.234989497216945509e+00 8.294108470752306062e-01
6.284989497216944443e+00 8.484151021079850974e-01
6.334989497216945153e+00 8.606647019233835127e-01
6.384989497216944088e+00 8.726753911040840972e-01
6.434989497216944798e+00 8.784961229312593378e-01
6.484989497216945509e+00 9.092721565100170267e-01
6.534989497216944443e+00 8.749341825594059152e-01
6.584989497216945153e+00 8.848815526222647554e-01
6.634989497216944088e+00 8.900941482883917288e-01
6.684989497216944798e+00 8.533236296935879928e-01
6.734989497216945509e+00 8.918099610284918599e-01
6.784989497216944443e+00 8.901158674370004409e-01
6.834989497216945153e+00 9.101409224543716148e-01
6.884989497216944088e+00 8.387283618284324671e-01
6.934989497216944798e+00 9.059274076242520568e-01
6.984989497216945509e+00 9.129209734763059636e-01
7.034989497216944443e+00 8.836435611515596200e-01
7.084989497216945153e+00 9.084468288628800847e-01
7.134989497216944088e+00 9.606379429699761774e-01
7.184989497216944798e+00 9.650469301375752540e-01
7.234989497216945509e+00 9.796856362999484258e-01
7.284989497216944443e+00 9.969740785926027860e-01
7.334989497216945153e+00 1.038609686475791660e+00
7.384989497216944088e+00 1.026946503672832467e+00
7.434989497216944798e+00 1.067278962639489626e+00
7.484989497216945509e+00 1.104679336543950452e+00
7.534989497216944443e+00 1.055702656430965947e+00
7.584989497216945153e+00 1.097946400475203310e+00
7.634989497216944088e+00 1.106872970553445468e+00
7.684989497216944798e+00 1.105852170568829118e+00
7.734989497216945509e+00 1.109262076900420446e+00
7.784989497216942667e+00 1.092733804809076004e+00
7.834989497216946930e+00 1.088346536790086194e+00
7.884989497216944088e+00 1.112671983232011774e+00
7.934989497216944798e+00 1.086891353833292273e+00
7.984989497216945509e+00 1.097664051543287833e+00
8.034989497216942667e+00 1.060893532948484097e+00
8.084989497216946930e+00 1.063282639295459298e+00
8.134989497216944088e+00 1.039109226893795368e+00
8.184989497216944798e+00 1.044169788519660136e+00
8.234989497216945509e+00 1.011808257092455587e+00
8.284989497216942667e+00 9.970609551870379672e-01
8.334989497216946930e+00 1.018780103795900338e+00
8.384989497216944088e+00 1.011829976241064299e+00
8.434989497216944798e+00 9.701943683578755362e-01
8.484989497216945509e+00 9.401567858318191639e-01
8.534989497216942667e+00 9.520371601208666990e-01
8.584989497216946930e+00 9.636569046266081351e-01
8.634989497216944088e+00 9.118784543430804579e-01
8.684989497216944798e+00 9.365731263113565852e-01
8.734989497216945509e+00 8.999112034595974086e-01
8.784989497216942667e+00 9.211308116504558496e-01
8.834989497216946930e+00 9.121173649777780668e-01
8.884989497216944088e+00 9.145933479191882265e-01
8.934989497216944798e+00 9.098368543738473146e-01
8.984989497216945509e+00 8.983039864625417259e-01
9.034989497216942667e+00 9.119436117889070381e-01
9.084989497216946930e+00 9.301876966203515007e-01
9.134989497216944088e+00 9.301876966203515007e-01
9.184989497216944798e+00 9.264737222082359835e-01
9.234989497216945509e+00 9.104667096835044049e-01
9.284989497216942667e+00 9.351179433545631081e-01
9.334989497216946930e+00 9.205661137866254506e-01
9.384989497216944088e+00 9.595737046881419596e-01
9.434989497216944798e+00 9.307741136327907228e-01
9.484989497216945509e+00 9.660460109735828915e-01
9.534989497216942667e+00 9.477802069935294949e-01
9.584989497216946930e+00 9.806629979873471292e-01
9.634989497216944088e+00 9.522543516069553737e-01
9.684989497216944798e+00 9.749725810518252711e-01
9.734989497216945509e+00 9.610288876449356588e-01
9.784989497216942667e+00 1.010657142216185855e+00
9.834989497216946930e+00 9.616587429545926380e-01
9.884989497216944088e+00 9.873524957588766249e-01
9.934989497216944798e+00 9.713237640855364452e-01
9.984989497216945509e+00 9.723662832187618399e-01
1.003498949721694267e+01 9.963876615801635639e-01
1.008498949721694693e+01 9.910447510223834300e-01
1.013498949721694409e+01 9.719319002465847124e-01
1.018498949721694480e+01 9.878085978796629085e-01
1.023498949721694551e+01 9.617239004004194403e-01
1.028498949721694267e+01 9.889814319045413527e-01
1.033498949721694693e+01 9.779263852626305376e-01
1.038498949721694409e+01 1.001665414692116896e+00
1.043498949721694480e+01 9.554687856010669611e-01
1.048498949721694551e+01 9.939985552331885854e-01
1.053498949721694267e+01 9.791426575847267388e-01
1.058498949721694693e+01 9.712803257883185770e-01
1.063498949721694409e+01 9.833561724148460748e-01
1.068498949721694480e+01 9.528190494707857727e-01
1.073498949721694551e+01 1.004315150822398195e+00
1.078498949721694267e+01 9.890465893503679329e-01
1.083498949721694693e+01 9.586180621493518572e-01
1.088498949721694409e+01 9.536878154151402498e-01
1.093498949721694835e+01 9.904148957127263397e-01
1.098498949721694551e+01 9.195453138020087680e-01
1.103498949721694267e+01 1.005574861441712153e+00
1.108498949721694693e+01 9.724314406645884201e-01
1.113498949721694409e+01 9.689563768871705118e-01
1.118498949721694835e+01 1.004249993376571615e+00
1.123498949721694551e+01 9.953668615955468812e-01
1.128498949721694267e+01 9.698034236829160548e-01
1.133498949721694693e+01 9.966048530662520166e-01
1.138498949721694409e+01 9.408952368845203695e-01
1.143498949721694835e+01 9.343794923018617915e-01
1.148498949721694551e+01 9.294926838648677192e-01
1.153498949721694267e+01 9.698685811287426350e-01
1.158498949721694693e+01 9.511466750279035098e-01
1.163498949721694409e+01 9.917397637778669894e-01
1.168498949721694835e+01 9.802286150151697797e-01
1.173498949721694551e+01 9.689129385899526437e-01
1.178498949721694267e+01 9.940202743817974085e-01
1.183498949721694693e+01 9.910013127251655618e-01
1.188498949721694409e+01 9.919786744125642652e-01
1.193498949721694835e+01 9.631573642086042053e-01
1.198498949721694551e+01 9.810105043650890755e-01
1.203498949721694267e+01 9.874610915019210733e-01
1.208498949721694693e+01 9.523195090527819540e-01
1.213498949721694409e+01 9.589872876757024045e-01
1.218498949721694835e+01 9.556208196413290556e-01
1.223498949721694551e+01 9.670450918095905291e-01
1.228498949721694267e+01 9.640261301529586824e-01
1.233498949721694693e+01 9.682396449830779073e-01
1.238498949721694409e+01 9.359432710016997170e-01
1.243498949721694835e+01 9.583791515146544704e-01
1.248498949721694551e+01 9.250619775486600416e-01
1.253498949721694267e+01 1.007898810342860330e+00
1.258498949721694693e+01 9.594651089450977333e-01
1.263498949721694409e+01 9.697165470884805405e-01
1.268498949721694835e+01 9.813580107428309107e-01
1.273498949721694551e+01 9.657853811902763486e-01
1.278498949721694267e+01 9.574017898272557670e-01
1.283498949721694693e+01 9.542742324275794719e-01
1.288498949721694409e+01 9.405477305067786453e-01
1.293498949721694835e+01 9.793164107735978785e-01
1.298498949721694551e+01 9.633962748433017032e-01
1.303498949721694267e+01 9.378111177820619426e-01
1.308498949721694693e+01 9.804240873526497424e-01
1.313498949721694409e+01 9.497132112197183007e-01
1.318498949721694835e+01 9.460209559562118287e-01
1.323498949721694551e+01 9.600515259575369553e-01
1.328498949721694267e+01 9.593347940534444618e-01
1.333498949721694693e+01 9.820095852010966020e-01
1.338498949721694409e+01 9.323378923326287593e-01
1.343498949721694835e+01 9.719536193951934244e-01
1.348498949721694551e+01 9.650686492861841881e-01
1.353498949721694267e+01 9.694776364537831537e-01
1.358498949721694693e+01 9.613112365768510248e-01
1.363498949721694409e+01 9.412427432622623158e-01
1.368498949721694835e+01 9.595954238367507827e-01
1.373498949721694551e+01 9.525801388360882749e-01
1.378498949721694267e+01 9.272121732609373002e-01
1.383498949721694693e+01 9.858321553562563455e-01
1.388498949721694409e+01 9.750160193490431393e-01
1.393498949721694835e+01 9.347487178282123388e-01
1.398498949721694551e+01 9.542307941303618257e-01
1.403498949721694267e+01 9.942809041651036184e-01
1.408498949721694693e+01 9.755155597670468470e-01
1.413498949721694409e+01 9.557945728301999733e-01
1.418498949721694835e+01 9.531665558485274969e-01
1.423498949721694551e+01 9.848982319660752882e-01
1.428498949721694267e+01 9.980817551716546498e-01
1.433498949721694693e+01 9.892637808364567187e-01
1.438498949721694409e+01 9.888076787156705461e-01
1.443498949721694835e+01 1.001404784908810575e+00
1.448498949721694551e+01 1.019084171876424527e+00
1.453498949721694267e+01 1.028922946196239030e+00
1.458498949721694693e+01 1.033223337620793991e+00
1.463498949721694409e+01 1.015000971937958463e+00
1.468498949721694835e+01 9.984726998466141312e-01
1.473498949721694551e+01 1.006052682711107149e+00
1.478498949721694267e+01 9.830303851857131736e-01
1.483498949721694693e+01 1.021494997372007996e+00
1.488498949721694409e+01 9.794467256652508169e-01
1.493498949721694835e+01 9.984075424007876620e-01
1.498498949721694551e+01 9.701074917634401329e-01
1.503498949721694267e+01 9.982989466577432136e-01
1.508498949721694693e+01 9.876782829880095260e-01
1.513498949721694409e+01 9.525584196874794518e-01
1.518498949721694835e+01 9.711934491938833958e-01
1.523498949721694551e+01 9.539484451984465707e-01
1.528498949721694267e+01 9.183073223313037436e-01
1.533498949721694693e+01 9.343143348560351003e-01
1.538498949721694409e+01 9.374418922557113953e-01
1.543498949721694835e+01 9.640695684501765506e-01
1.548498949721694551e+01 9.492136708017145930e-01
1.553498949721694267e+01 9.201968882602746813e-01
1.558498949721694693e+01 9.063183522992118712e-01
1.563498949721694409e+01 9.260393392360586340e-01
1.568498949721694835e+01 9.135725479345715438e-01
1.573498949721694551e+01 9.042984714785875511e-01
1.578498949721694267e+01 9.348790327198654992e-01
1.583498949721694693e+01 9.045808204105028061e-01
1.588498949721694409e+01 8.938081227005072460e-01
1.593498949721694835e+01 9.059056884756433448e-01
1.598498949721694551e+01 8.902027440314359552e-01
1.603498949721694089e+01 9.363776539738771776e-01
1.608498949721694515e+01 9.672840024442880269e-01
1.613498949721694231e+01 9.366165646085744534e-01
1.618498949721694657e+01 9.396355262652065221e-01
1.623498949721694373e+01 8.922226248520602754e-01
1.628498949721694089e+01 9.128558160304793834e-01
1.633498949721694515e+01 9.172430840494694149e-01
1.638498949721694231e+01 9.479322410337918114e-01
1.643498949721694657e+01 9.350310667601275938e-01
1.648498949721694373e+01 9.388753560638961604e-01
1.653498949721694089e+01 9.133987947457009593e-01
1.658498949721694515e+01 9.208267435699317716e-01
1.663498949721694231e+01 9.401567858318191639e-01
1.668498949721694657e+01 9.408952368845203695e-01
1.673498949721694373e+01 9.194367180589645416e-01
1.678498949721694089e+01 9.141589649470110990e-01
1.683498949721694515e+01 9.538181303067936323e-01
1.688498949721694231e+01 9.745599172282569667e-01
1.693498949721694657e+01 9.720839342868465849e-01
1.698498949721694373e+01 9.498652452599805063e-01
1.703498949721694089e+01 9.648948960973131594e-01
1.708498949721694515e+01 9.691518492246502525e-01
1.713498949721694231e+01 9.656550662986234101e-01
1.718498949721694657e+01 9.450653134174220593e-01
1.723498949721694373e+01 9.616587429545926380e-01
1.728498949721694089e+01 9.739735002158177446e-01
1.733498949721694515e+01 9.423069815440964225e-01
1.738498949721694231e+01 9.514724622570363000e-01
1.743498949721694657e+01 9.453042240521193351e-01
1.748498949721694373e+01 9.540570409414907971e-01
1.753498949721694089e+01 9.620496876295523414e-01
1.758498949721694515e+01 9.344880880449062399e-01
1.763498949721694231e+01 9.558597302760264425e-01
1.768498949721694657e+01 9.643953556793094517e-01
1.773498949721694373e+01 9.426979262190559039e-01
1.778498949721694089e+01 9.529059260652211760e-01
1.783498949721694515e+01 9.376373645931911360e-01
1.788498949721694231e+01 9.831824192259751571e-01
1.793498949721694657e+01 1.000166793438105550e+00
1.798498949721694373e+01 9.755589980642644932e-01
1.803498949721694089e+01 1.007659899708162943e+00
1.808498949721694515e+01 9.811842575539597711e-01
1.813498949721694231e+01 1.003294350837781845e+00
1.818498949721694657e+01 1.006812852912417400e+00
1.823498949721694373e+01 1.007594742262336363e+00
1.828498949721694089e+01 1.043127269386435074e+00
1.833498949721694515e+01 1.047449379959598526e+00
1.838498949721694231e+01 1.081917668801863019e+00
1.843498949721694657e+01 1.080788273074201999e+00
1.848498949721694373e+01 1.090800800582887309e+00
1.853498949721694089e+01 1.062109805270580631e+00
1.858498949721694515e+01 1.042584290671213498e+00
1.863498949721694231e+01 1.073012817872229574e+00
1.868498949721694657e+01 1.055898128768446131e+00
1.873498949721694373e+01 1.060393992530480389e+00
1.878498949721694089e+01 1.052727133071551746e+00
1.883498949721694515e+01 1.042149907699035927e+00
1.888498949721694231e+01 1.065541430750780894e+00
1.893498949721694657e+01 1.033549124849926448e+00
1.898498949721694373e+01 1.025751950499345089e+00
1.903498949721694089e+01 9.810973809595245898e-01
1.908498949721694515e+01 9.733002066089428972e-01
1.913498949721694231e+01 9.227814669447292895e-01
1.918498949721694657e+01 9.309261476730528173e-01
1.923498949721694373e+01 9.340971433699464255e-01
1.928498949721694089e+01 9.191760882756581097e-01
1.933498949721694515e+01 9.493874239905855106e-01
1.938498949721694231e+01 9.001718332429037295e-01
1.943498949721694657e+01 8.756291953148893636e-01
1.948498949721694373e+01 8.922877822978868556e-01
1.953498949721694089e+01 8.842734164612165992e-01
1.958498949721694515e+01 8.809069484268430283e-01
1.963498949721694231e+01 9.205661137866254506e-01
1.968498949721694657e+01 8.939601567407691185e-01
1.973498949721694373e+01 8.933520205797209623e-01
1.978498949721694089e+01 9.022351523607456958e-01
1.983498949721694515e+01 9.315125646854920394e-01
1.988498949721694231e+01 9.363124965280505974e-01
1.993498949721694657e+01 9.413513390053065422e-01
1.998498949721694373e+01 9.198493818825328461e-01
2.003498949721694089e+01 9.029301651162291442e-01
2.008498949721694515e+01 9.328591518992414011e-01
2.013498949721694231e+01 9.073825905810459780e-01
2.018498949721694657e+01 8.952633056573010562e-01
2.023498949721694373e+01 9.066007012311270152e-01
2.028498949721694089e+01 8.856851611207927633e-01
2.033498949721694515e+01 8.741740123580956645e-01
2.038498949721694231e+01 9.091635607669725783e-01
2.043498949721694657e+01 8.677451443698723788e-01
2.048498949721694373e+01 8.542358339351601160e-01
2.053498949721694089e+01 8.492838680523394634e-01
2.058498949721694515e+01 8.804508463060568557e-01
2.063498949721694231e+01 8.697433060418877648e-01
2.068498949721694657e+01 8.741305740608779073e-01
2.073498949721694373e+01 8.371863022772032537e-01
2.078498949721694089e+01 8.604909487345124841e-01
2.083498949721694515e+01 8.335157661623054937e-01
2.088498949721694231e+01 8.138816558198941342e-01
2.093498949721694657e+01 8.731966506706968500e-01
2.098498949721694373e+01 8.331682597845636584e-01
2.103498949721694089e+01 8.376424043979895373e-01
2.108498949721694515e+01 8.524331446006245816e-01
2.113498949721694231e+01 8.316044810847256219e-01
2.118498949721694657e+01 8.542358339351601160e-01
2.123498949721694373e+01 8.591009232235452542e-01
2.128498949721694089e+01 8.524114254520155365e-01
2.133498949721694515e+01 8.542141147865512929e-01
2.138498949721694231e+01 8.533670679908057499e-01
2.143498949721694657e+01 8.629669316759227549e-01
2.148498949721694373e+01 8.392930596922629771e-01
2.153498949721694089e+01 8.935040546199829459e-01
2.158498949721694515e+01 8.418124809308908940e-01
2.163498949721694231e+01 8.641180465521924869e-01
2.168498949721694657e+01 8.453527021541353825e-01
2.173498949721694373e+01 9.109228118042905775e-01
2.178498949721694089e+01 9.249751009542244162e-01
2.183498949721694515e+01 9.694341981565655075e-01
2.188498949721694231e+01 1.011156682634189785e+00
2.193498949721694657e+01 1.079962945427065169e+00
2.198498949721694373e+01 1.194683488379075564e+00
2.203498949721694089e+01 1.321175809877089158e+00
2.208498949721694515e+01 1.468214445959086456e+00
2.213498949721694231e+01 1.632802154117044324e+00
2.218498949721694657e+01 1.820194968314307715e+00
2.223498949721694373e+01 1.957633740711187675e+00
2.228498949721694089e+01 2.116357278744752879e+00
2.233498949721694515e+01 2.259290995739675179e+00
2.238498949721694231e+01 2.267001293495821912e+00
2.243498949721694657e+01 2.279511523094525760e+00
2.248498949721694373e+01 2.265155165864067843e+00
2.253498949721694089e+01 2.235182740783838273e+00
2.258498949721694515e+01 2.023964020562652788e+00
2.263498949721694231e+01 1.851340227419415951e+00
2.268498949721694657e+01 1.744807803492946841e+00
2.273498949721694373e+01 1.543015193768007887e+00
2.278498949721694089e+01 1.407248795814010078e+00
2.283498949721694515e+01 1.272090534021060204e+00
2.288498949721694231e+01 1.106329991838223892e+00
2.293498949721694657e+01 9.154403947149337695e-01
2.298498949721694373e+01 7.500490780584480044e-01
2.303498949721694089e+01 6.117632588658222792e-01
2.308498949721694515e+01 4.466325719926428350e-01
2.313498949721694231e+01 3.190108547669683881e-01
2.318498949721694657e+01 2.292238944179319504e-01
2.323498949721694373e+01 1.703432825393064176e-01
2.328498949721694089e+01 1.189992152279561316e-01
2.333498949721694515e+01 8.739785400206159793e-02
2.338498949721694231e+01 6.971846703444775639e-02
2.343498949721694657e+01 6.298553096570044807e-02
2.348498949721694373e+01 5.788153104261783283e-02
2.353498949721694089e+01 5.731683317878741302e-02
2.358498949721694515e+01 6.090049269924967951e-02
2.363498949721694231e+01 7.119536913985037574e-02
2.368498949721694657e+01 8.737613485345271935e-02
2.373498949721694373e+01 1.112454791745923210e-01
2.378498949721694800e+01 1.402622617160322327e-01
2.383498949721694515e+01 1.667596230188441719e-01
2.388498949721694231e+01 1.816589589645236646e-01
2.393498949721693947e+01 1.817023972617413663e-01
2.398498949721694373e+01 1.704301591337418764e-01
2.403498949721694800e+01 1.482549084040935272e-01
2.408498949721694515e+01 1.161322876115863101e-01
2.413498949721694231e+01 1.013849857061688564e-01
2.418498949721693947e+01 1.026012580282651548e-01
2.423498949721694373e+01 1.044256665114095817e-01
2.428498949721694800e+01 1.541625168257040601e-01
2.433498949721694515e+01 2.599564896994719376e-01
2.438498949721694231e+01 4.256953127336995935e-01
2.443498949721693947e+01 8.139685324143296485e-01
2.448498949721694373e+01 1.372519877188439485e+00
2.453498949721694800e+01 2.321711828841545255e+00
2.458498949721694515e+01 3.653247672605060892e+00
2.463498949721694231e+01 5.182688398492531157e+00
2.468498949721693947e+01 6.350353266002181307e+00
2.473498949721694373e+01 6.716082009426812327e+00
2.478498949721694800e+01 6.182942068525071555e+00
2.483498949721694515e+01 4.791591689492748607e+00
2.488498949721694231e+01 3.145866641953431575e+00
2.493498949721693947e+01 1.696243787203530751e+00
2.498498949721694373e+01 8.867059611054091128e-01
2.503498949721694800e+01 4.408987167599031642e-01
2.508498949721694515e+01 2.660378513099533881e-01
2.513498949721694231e+01 2.050070437190505412e-01
2.518498949721693947e+01 1.689315378797303924e-01
2.523498949721694373e+01 1.361139043317395325e-01
2.528498949721694800e+01 1.082047983693515958e-01
2.533498949721694515e+01 8.218525833593465224e-02
2.538498949721694231e+01 5.560102043868729582e-02
2.543498949721693947e+01 3.464204203113524505e-02
2.548498949721694373e+01 1.956895289658486248e-02
2.553498949721694800e+01 1.092473175025769974e-02
2.558498949721694515e+01 4.995404180038312547e-03
2.563498949721694231e+01 2.106757415059635867e-03
2.568498949721693947e+01 7.818893499190399457e-04
2.573498949721694373e+01 2.389106346974844851e-04
2.578498949721694800e+01 1.303148916531733333e-04
2.583498949721694515e+01 6.515744582658666666e-05
2.588498949721694231e+01 0.000000000000000000e+00
2.593498949721693947e+01 2.171914860886222561e-05
2.598498949721694373e+01 0.000000000000000000e+00
2.603498949721694800e+01 0.000000000000000000e+00
2.608498949721694515e+01 0.000000000000000000e+00
2.613498949721694231e+01 0.000000000000000000e+00
2.618498949721693947e+01 0.000000000000000000e+00
2.623498949721694373e+01 0.000000000000000000e+00
2.628498949721694800e+01 0.000000000000000000e+00
2.633498949721694515e+01 0.000000000000000000e+00
2.638498949721694231e+01 0.000000000000000000e+00
2.643498949721693947e+01 0.000000000000000000e+00
2.648498949721694373e+01 0.000000000000000000e+00
2.653498949721694800e+01 0.000000000000000000e+00
2.658498949721694515e+01 0.000000000000000000e+00
2.663498949721694231e+01 0.000000000000000000e+00
2.668498949721693947e+01 0.000000000000000000e+00
2.673498949721694373e+01 0.000000000000000000e+00
2.678498949721694800e+01 0.000000000000000000e+00
2.683498949721694515e+01 0.000000000000000000e+00
2.688498949721694231e+01 0.000000000000000000e+00
2.693498949721693947e+01 0.000000000000000000e+00
2.698498949721694373e+01 0.000000000000000000e+00
2.703498949721694800e+01 0.000000000000000000e+00
2.708498949721694515e+01 0.000000000000000000e+00
2.713498949721694231e+01 0.000000000000000000e+00
2.718498949721693947e+01 0.000000000000000000e+00
2.723498949721694373e+01 0.000000000000000000e+00
2.728498949721694800e+01 0.000000000000000000e+00
2.733498949721694515e+01 0.000000000000000000e+00
2.738498949721694231e+01 0.000000000000000000e+00
2.743498949721693947e+01 0.000000000000000000e+00
2.748498949721694373e+01 0.000000000000000000e+00
2.753498949721694800e+01 0.000000000000000000e+00
2.758498949721694515e+01 0.000000000000000000e+00
2.763498949721694231e+01 0.000000000000000000e+00
2.768498949721693947e+01 0.000000000000000000e+00
2.773498949721694373e+01 0.000000000000000000e+00
2.778498949721694800e+01 0.000000000000000000e+00
2.783498949721694515e+01 0.000000000000000000e+00
2.788498949721694231e+01 0.000000000000000000e+00
2.793498949721693947e+01 0.000000000000000000e+00
2.798498949721694373e+01 0.000000000000000000e+00
2.803498949721694800e+01 0.000000000000000000e+00
2.808498949721694515e+01 0.000000000000000000e+00
2.813498949721694231e+01 0.000000000000000000e+00
2.818498949721693947e+01 0.000000000000000000e+00
2.823498949721694373e+01 0.000000000000000000e+00
2.828498949721694800e+01 0.000000000000000000e+00
2.833498949721694515e+01 0.000000000000000000e+00
2.838498949721694231e+01 0.000000000000000000e+00
2.843498949721693947e+01 0.000000000000000000e+00
2.848498949721694373e+01 0.000000000000000000e+00
2.853498949721694800e+01 0.000000000000000000e+00
2.858498949721694515e+01 0.000000000000000000e+00
2.863498949721694231e+01 0.000000000000000000e+00
2.868498949721693947e+01 0.000000000000000000e+00
2.873498949721694373e+01 0.000000000000000000e+00
2.878498949721694800e+01 0.000000000000000000e+00
2.883498949721694515e+01 0.000000000000000000e+00
2.888498949721694231e+01 0.000000000000000000e+00
2.893498949721693947e+01 0.000000000000000000e+00
2.898498949721694373e+01 0.000000000000000000e+00
2.903498949721694800e+01 0.000000000000000000e+00
2.908498949721694515e+01 0.000000000000000000e+00
2.913498949721694231e+01 0.000000000000000000e+00
2.918498949721693947e+01 0.000000000000000000e+00
2.923498949721694373e+01 0.000000000000000000e+00
2.928498949721694800e+01 0.000000000000000000e+00
2.933498949721694515e+01 0.000000000000000000e+00
2.938498949721694231e+01 0.000000000000000000e+00
2.943498949721693947e+01 0.000000000000000000e+00
2.948498949721694373e+01 0.000000000000000000e+00
2.953498949721694800e+01 0.000000000000000000e+00
2.958498949721694515e+01 0.000000000000000000e+00
2.963498949721694231e+01 0.000000000000000000e+00
2.968498949721693947e+01 0.000000000000000000e+00
2.973498949721694373e+01 0.000000000000000000e+00
2.978498949721694800e+01 0.000000000000000000e+00
2.983498949721694515e+01 0.000000000000000000e+00
2.988498949721694231e+01 0.000000000000000000e+00
2.993498949721693947e+01 0.000000000000000000e+00
2.998498949721694373e+01 0.000000000000000000e+00
3.003498949721694800e+01 0.000000000000000000e+00
3.008498949721694515e+01 0.000000000000000000e+00
3.013498949721694231e+01 0.000000000000000000e+00
3.018498949721694657e+01 0.000000000000000000e+00
3.023498949721694373e+01 0.000000000000000000e+00
3.028498949721694800e+01 0.000000000000000000e+00
3.033498949721694515e+01 0.000000000000000000e+00
3.038498949721694231e+01 0.000000000000000000e+00
3.043498949721694657e+01 0.000000000000000000e+00
3.048498949721694373e+01 0.000000000000000000e+00
3.053498949721694800e+01 0.000000000000000000e+00
3.058498949721694515e+01 0.000000000000000000e+00
3.063498949721694231e+01 0.000000000000000000e+00
3.068498949721694657e+01 0.000000000000000000e+00
3.073498949721694373e+01 0.000000000000000000e+00
3.078498949721694800e+01 0.000000000000000000e+00
3.083498949721694515e+01 0.000000000000000000e+00
3.088498949721694231e+01 0.000000000000000000e+00
3.093498949721694657e+01 0.000000000000000000e+00
3.098498949721694373e+01 0.000000000000000000e+00
3.103498949721694800e+01 0.000000000000000000e+00
3.108498949721694515e+01 0.000000000000000000e+00
3.113498949721694231e+01 0.000000000000000000e+00
3.118498949721694657e+01 0.000000000000000000e+00
3.123498949721694373e+01 0.000000000000000000e+00
3.128498949721694800e+01 0.000000000000000000e+00
3.133498949721694515e+01 0.000000000000000000e+00
3.138498949721694231e+01 0.000000000000000000e+00
3.143498949721694657e+01 0.000000000000000000e+00
3.148498949721694373e+01 0.000000000000000000e+00
3.153498949721694800e+01 0.000000000000000000e+00
3.158498949721694515e+01 0.000000000000000000e+00
3.163498949721694231e+01 0.000000000000000000e+00
3.168498949721694657e+01 0.000000000000000000e+00
3.173498949721694373e+01 0.000000000000000000e+00
3.178498949721694800e+01 0.000000000000000000e+00
3.183498949721694515e+01 0.000000000000000000e+00
3.188498949721694231e+01 0.000000000000000000e+00
3.193498949721694657e+01 0.000000000000000000e+00
3.198498949721694373e+01 0.000000000000000000e+00
3.203498949721694800e+01 0.000000000000000000e+00
3.208498949721694515e+01 0.000000000000000000e+00
3.213498949721694231e+01 0.000000000000000000e+00
3.218498949721694657e+01 0.000000000000000000e+00
3.223498949721694373e+01 0.000000000000000000e+00
3.228498949721694800e+01 0.000000000000000000e+00
3.233498949721694515e+01 0.000000000000000000e+00
3.238498949721694231e+01 0.000000000000000000e+00
3.243498949721694657e+01 0.000000000000000000e+00
3.248498949721694373e+01 0.000000000000000000e+00
3.253498949721694800e+01 0.000000000000000000e+00
3.258498949721694515e+01 0.000000000000000000e+00
3.263498949721694231e+01 0.000000000000000000e+00
3.268498949721694657e+01 0.000000000000000000e+00
3.273498949721694373e+01 0.000000000000000000e+00
3.278498949721694800e+01 0.000000000000000000e+00
3.283498949721694515e+01 0.000000000000000000e+00
3.288498949721694231e+01 0.000000000000000000e+00
3.293498949721694657e+01 0.000000000000000000e+00
3.298498949721694373e+01 0.000000000000000000e+00
3.303498949721694800e+01 0.000000000000000000e+00
3.308498949721694515e+01 0.000000000000000000e+00
3.313498949721694231e+01 0.000000000000000000e+00
3.318498949721694657e+01 0.000000000000000000e+00
3.323498949721694373e+01 0.000000000000000000e+00
3.328498949721694800e+01 0.000000000000000000e+00
3.333498949721694515e+01 0.000000000000000000e+00
3.338498949721694231e+01 0.000000000000000000e+00
3.343498949721694657e+01 0.000000000000000000e+00
3.348498949721694373e+01 0.000000000000000000e+00
3.353498949721694800e+01 0.000000000000000000e+00
3.358498949721694515e+01 0.000000000000000000e+00
3.363498949721694231e+01 0.000000000000000000e+00
3.368498949721694657e+01 0.000000000000000000e+00
3.373498949721694373e+01 0.000000000000000000e+00
3.378498949721694800e+01 0.000000000000000000e+00
3.383498949721694515e+01 0.000000000000000000e+00
3.388498949721694231e+01 0.000000000000000000e+00
3.393498949721694657e+01 0.000000000000000000e+00
3.398498949721694373e+01 0.000000000000000000e+00
3.403498949721694800e+01 0.000000000000000000e+00
3.408498949721694515e+01 0.000000000000000000e+00
3.413498949721694231e+01 0.000000000000000000e+00
3.418498949721694657e+01 0.000000000000000000e+00
3.423498949721694373e+01 0.000000000000000000e+00
3.428498949721694800e+01 0.000000000000000000e+00
3.433498949721694515e+01 0.000000000000000000e+00
3.438498949721694231e+01 0.000000000000000000e+00
3.443498949721694657e+01 0.000000000000000000e+00
3.448498949721694373e+01 0.000000000000000000e+00
3.453498949721694800e+01 0.000000000000000000e+00
3.458498949721694515e+01 0.000000000000000000e+00
3.463498949721694231e+01 0.000000000000000000e+00
3.468498949721694657e+01 0.000000000000000000e+00
3.473498949721694373e+01 0.000000000000000000e+00
3.478498949721694800e+01 0.000000000000000000e+00
3.483498949721694515e+01 0.000000000000000000e+00
3.488498949721694231e+01 0.000000000000000000e+00
3.493498949721694657e+01 0.000000000000000000e+00
3.498498949721694373e+01 0.000000000000000000e+00
3.503498949721694800e+01 0.000000000000000000e+00
3.508498949721694515e+01 0.000000000000000000e+00
3.513498949721694231e+01 0.000000000000000000e+00
3.518498949721694657e+01 0.000000000000000000e+00
3.523498949721694373e+01 0.000000000000000000e+00
3.528498949721694800e+01 0.000000000000000000e+00
3.533498949721694515e+01 0.000000000000000000e+00
3.538498949721694231e+01 0.000000000000000000e+00
3.543498949721694657e+01 0.000000000000000000e+00
3.548498949721694373e+01 0.000000000000000000e+00
3.553498949721694800e+01 0.000000000000000000e+00
3.558498949721694515e+01 0.000000000000000000e+00
3.563498949721694231e+01 0.000000000000000000e+00
3.568498949721694657e+01 0.000000000000000000e+00
3.573498949721694373e+01 0.000000000000000000e+00
3.578498949721694800e+01 0.000000000000000000e+00
3.583498949721694515e+01 0.000000000000000000e+00
3.588498949721694231e+01 0.000000000000000000e+00
3.593498949721694657e+01 0.000000000000000000e+00
3.598498949721694373e+01 0.000000000000000000e+00
3.603498949721694800e+01 0.000000000000000000e+00
3.608498949721694515e+01 0.000000000000000000e+00
3.613498949721694231e+01 0.000000000000000000e+00
3.618498949721694657e+01 0.000000000000000000e+00
3.623498949721694373e+01 0.000000000000000000e+00
3.628498949721694800e+01 0.000000000000000000e+00
3.633498949721694515e+01 0.000000000000000000e+00
3.638498949721694231e+01 0.000000000000000000e+00
3.643498949721694657e+01 0.000000000000000000e+00
3.648498949721694373e+01 0.000000000000000000e+00
3.653498949721694800e+01 0.000000000000000000e+00
3.658498949721694515e+01 0.000000000000000000e+00
3.663498949721694231e+01 0.000000000000000000e+00
3.668498949721694657e+01 0.000000000000000000e+00
3.673498949721694373e+01 0.000000000000000000e+00
3.678498949721694800e+01 0.000000000000000000e+00
3.683498949721694515e+01 0.000000000000000000e+00
3.688498949721694231e+01 0.000000000000000000e+00
3.693498949721694657e+01 0.000000000000000000e+00
3.698498949721694373e+01 0.000000000000000000e+00
3.703498949721694800e+01 0.000000000000000000e+00
3.708498949721694515e+01 0.000000000000000000e+00
3.713498949721694231e+01 0.000000000000000000e+00
3.718498949721694657e+01 0.000000000000000000e+00
3.723498949721694373e+01 0.000000000000000000e+00
3.728498949721694800e+01 0.000000000000000000e+00
3.733498949721694515e+01 0.000000000000000000e+00
3.738498949721694231e+01 0.000000000000000000e+00
3.743498949721694657e+01 0.000000000000000000e+00
3.748498949721694373e+01 0.000000000000000000e+00
3.753498949721694800e+01 0.000000000000000000e+00
3.758498949721694515e+01 0.000000000000000000e+00
3.763498949721694231e+01 0.000000000000000000e+00
3.768498949721694657e+01 0.000000000000000000e+00
3.773498949721694373e+01 0.000000000000000000e+00
3.778498949721694800e+01 0.000000000000000000e+00
3.783498949721694515e+01 0.000000000000000000e+00
3.788498949721694231e+01 0.000000000000000000e+00
3.793498949721694657e+01 0.000000000000000000e+00
3.798498949721694373e+01 0.000000000000000000e+00
3.803498949721694800e+01 0.000000000000000000e+00
3.808498949721694515e+01 0.000000000000000000e+00
3.813498949721694231e+01 0.000000000000000000e+00
3.818498949721694657e+01 0.000000000000000000e+00
3.823498949721694373e+01 0.000000000000000000e+00
3.828498949721694800e+01 0.000000000000000000e+00
3.833498949721694515e+01 0.000000000000000000e+00
3.838498949721694231e+01 0.000000000000000000e+00
3.843498949721694657e+01 0.000000000000000000e+00
3.848498949721694373e+01 0.000000000000000000e+00
3.853498949721694800e+01 0.000000000000000000e+00
3.858498949721694515e+01 0.000000000000000000e+00
3.863498949721694231e+01 0.000000000000000000e+00
3.868498949721694657e+01 0.000000000000000000e+00
3.873498949721694373e+01 0.000000000000000000e+00
3.878498949721694800e+01 0.000000000000000000e+00
3.883498949721694515e+01 0.000000000000000000e+00
3.888498949721694231e+01 0.000000000000000000e+00
3.893498949721694657e+01 0.000000000000000000e+00
3.898498949721694373e+01 0.000000000000000000e+00
3.903498949721694800e+01 0.000000000000000000e+00
3.908498949721694515e+01 0.000000000000000000e+00
3.913498949721694231e+01 0.000000000000000000e+00
3.918498949721694657e+01 0.000000000000000000e+00
3.923498949721694373e+01 0.000000000000000000e+00
3.928498949721694800e+01 0.000000000000000000e+00
3.933498949721694515e+01 0.000000000000000000e+00
3.938498949721694231e+01 0.000000000000000000e+00
3.943498949721694657e+01 0.000000000000000000e+00
3.948498949721694373e+01 0.000000000000000000e+00
3.953498949721694800e+01 0.000000000000000000e+00
3.958498949721694515e+01 0.000000000000000000e+00
3.963498949721694231e+01 0.000000000000000000e+00
3.968498949721694657e+01 0.000000000000000000e+00
3.973498949721694373e+01 0.000000000000000000e+00
3.978498949721694800e+01 0.000000000000000000e+00
3.983498949721694515e+01 0.000000000000000000e+00
3.988498949721694231e+01 0.000000000000000000e+00
3.993498949721694657e+01 0.000000000000000000e+00
3.998498949721694373e+01 0.000000000000000000e+00
4.003498949721694800e+01 0.000000000000000000e+00
4.008498949721694515e+01 0.000000000000000000e+00
4.013498949721694231e+01 0.000000000000000000e+00
4.018498949721694657e+01 0.000000000000000000e+00
4.023498949721694373e+01 0.000000000000000000e+00
4.028498949721694800e+01 0.000000000000000000e+00
4.033498949721694515e+01 0.000000000000000000e+00
4.038498949721694231e+01 0.000000000000000000e+00
4.043498949721694657e+01 0.000000000000000000e+00
4.048498949721694373e+01 0.000000000000000000e+00
4.053498949721694800e+01 0.000000000000000000e+00
4.058498949721694515e+01 0.000000000000000000e+00
4.063498949721694231e+01 0.000000000000000000e+00
4.068498949721694657e+01 0.000000000000000000e+00
4.073498949721694373e+01 0.000000000000000000e+00
4.078498949721694800e+01 0.000000000000000000e+00
4.083498949721694515e+01 0.000000000000000000e+00
4.088498949721694231e+01 0.000000000000000000e+00
4.093498949721694657e+01 0.000000000000000000e+00
4.098498949721694373e+01 0.000000000000000000e+00
4.103498949721694800e+01 0.000000000000000000e+00
4.108498949721694515e+01 0.000000000000000000e+00
4.113498949721694231e+01 0.000000000000000000e+00
4.118498949721694657e+01 0.000000000000000000e+00
4.123498949721694373e+01 0.000000000000000000e+00
4.128498949721694800e+01 0.000000000000000000e+00
4.133498949721694515e+01 0.000000000000000000e+00
4.138498949721694231e+01 0.000000000000000000e+00
4.143498949721694657e+01 0.000000000000000000e+00
4.148498949721694373e+01 0.000000000000000000e+00
4.153498949721694800e+01 0.000000000000000000e+00
4.158498949721694515e+01 0.000000000000000000e+00
4.163498949721694231e+01 0.000000000000000000e+00
4.168498949721694657e+01 0.000000000000000000e+00
