-1.658247720011553383e+01 0.000000000000000000e+00
-1.653247720011553312e+01 0.000000000000000000e+00
-1.648247720011553241e+01 0.000000000000000000e+00
-1.643247720011553170e+01 0.000000000000000000e+00
-1.638247720011553099e+01 0.000000000000000000e+00
-1.633247720011553383e+01 0.000000000000000000e+00
-1.628247720011553312e+01 0.000000000000000000e+00
-1.623247720011553241e+01 0.000000000000000000e+00
-1.618247720011553170e+01 0.000000000000000000e+00
-1.613247720011553099e+01 0.000000000000000000e+00
-1.608247720011553383e+01 0.000000000000000000e+00
-1.603247720011553312e+01 0.000000000000000000e+00
-1.598247720011553241e+01 0.000000000000000000e+00
-1.593247720011553170e+01 0.000000000000000000e+00
-1.588247720011553277e+01 0.000000000000000000e+00
-1.583247720011553206e+01 0.000000000000000000e+00
-1.578247720011553312e+01 0.000000000000000000e+00
-1.573247720011553241e+01 0.000000000000000000e+00
-1.568247720011553170e+01 0.000000000000000000e+00
-1.563247720011553277e+01 0.000000000000000000e+00
-1.558247720011553206e+01 0.000000000000000000e+00
-1.553247720011553312e+01 0.000000000000000000e+00
-1.548247720011553241e+01 0.000000000000000000e+00
-1.543247720011553170e+01 0.000000000000000000e+00
-1.538247720011553277e+01 0.000000000000000000e+00
-1.533247720011553206e+01 0.000000000000000000e+00
-1.528247720011553312e+01 0.000000000000000000e+00
-1.523247720011553241e+01 0.000000000000000000e+00
-1.518247720011553170e+01 0.000000000000000000e+00
-1.513247720011553277e+01 0.000000000000000000e+00
-1.508247720011553206e+01 0.000000000000000000e+00
-1.503247720011553312e+01 0.000000000000000000e+00
-1.498247720011553241e+01 0.000000000000000000e+00
-1.493247720011553170e+01 0.000000000000000000e+00
-1.488247720011553277e+01 0.000000000000000000e+00
-1.483247720011553206e+01 0.000000000000000000e+00
-1.478247720011553312e+01 0.000000000000000000e+00
-1.473247720011553241e+01 0.000000000000000000e+00
-1.468247720011553170e+01 0.000000000000000000e+00
-1.463247720011553277e+01 0.000000000000000000e+00
-1.458247720011553206e+01 0.000000000000000000e+00
-1.453247720011553312e+01 0.000000000000000000e+00
-1.448247720011553241e+01 0.000000000000000000e+00
-1.443247720011553170e+01 0.000000000000000000e+00
-1.438247720011553277e+01 0.000000000000000000e+00
-1.433247720011553206e+01 0.000000000000000000e+00
-1.428247720011553312e+01 0.000000000000000000e+00
-1.423247720011553241e+01 0.000000000000000000e+00
-1.418247720011553170e+01 0.000000000000000000e+00
-1.413247720011553277e+01 0.000000000000000000e+00
-1.408247720011553206e+01 0.000000000000000000e+00
-1.403247720011553312e+01 0.000000000000000000e+00
-1.398247720011553241e+01 0.000000000000000000e+00
-1.393247720011553170e+01 0.000000000000000000e+00
-1.388247720011553277e+01 0.000000000000000000e+00
-1.383247720011553206e+01 0.000000000000000000e+00
-1.378247720011553312e+01 0.000000000000000000e+00
-1.373247720011553241e+01 0.000000000000000000e+00
-1.368247720011553170e+01 0.000000000000000000e+00
-1.363247720011553277e+01 0.000000000000000000e+00
-1.358247720011553206e+01 0.000000000000000000e+00
-1.353247720011553312e+01 0.000000000000000000e+00
-1.348247720011553241e+01 0.000000000000000000e+00
-1.343247720011553170e+01 0.000000000000000000e+00
-1.338247720011553277e+01 0.000000000000000000e+00
-1.333247720011553206e+01 0.000000000000000000e+00
-1.328247720011553312e+01 0.000000000000000000e+00
-1.323247720011553241e+01 0.000000000000000000e+00
-1.318247720011553170e+01 0.000000000000000000e+00
-1.313247720011553277e+01 0.000000000000000000e+00
-1.308247720011553206e+01 0.000000000000000000e+00
-1.303247720011553312e+01 0.000000000000000000e+00
-1.298247720011553241e+01 0.000000000000000000e+00
-1.293247720011553170e+01 0.000000000000000000e+00
-1.288247720011553277e+01 0.000000000000000000e+00
-1.283247720011553206e+01 0.000000000000000000e+00
-1.278247720011553312e+01 0.000000000000000000e+00
-1.273247720011553241e+01 0.000000000000000000e+00
-1.268247720011553170e+01 0.000000000000000000e+00
-1.263247720011553277e+01 0.000000000000000000e+00
-1.258247720011553206e+01 0.000000000000000000e+00
-1.253247720011553312e+01 0.000000000000000000e+00
-1.248247720011553241e+01 0.000000000000000000e+00
-1.243247720011553170e+01 0.000000000000000000e+00
-1.238247720011553277e+01 0.000000000000000000e+00
-1.233247720011553206e+01 0.000000000000000000e+00
-1.228247720011553312e+01 0.000000000000000000e+00
-1.223247720011553241e+01 0.000000000000000000e+00
-1.218247720011553170e+01 0.000000000000000000e+00
-1.213247720011553277e+01 0.000000000000000000e+00
-1.208247720011553206e+01 0.000000000000000000e+00
-1.203247720011553312e+01 0.000000000000000000e+00
-1.198247720011553241e+01 0.000000000000000000e+00
-1.193247720011553170e+01 0.000000000000000000e+00
-1.188247720011553277e+01 0.000000000000000000e+00
-1.183247720011553206e+01 0.000000000000000000e+00
-1.178247720011553135e+01 0.000000000000000000e+00
-1.173247720011553241e+01 0.000000000000000000e+00
-1.168247720011553170e+01 0.000000000000000000e+00
-1.163247720011553277e+01 0.000000000000000000e+00
-1.158247720011553206e+01 0.000000000000000000e+00
-1.153247720011553135e+01 0.000000000000000000e+00
-1.148247720011553241e+01 0.000000000000000000e+00
-1.143247720011553170e+01 0.000000000000000000e+00
-1.138247720011553277e+01 0.000000000000000000e+00
-1.133247720011553206e+01 0.000000000000000000e+00
-1.128247720011553135e+01 0.000000000000000000e+00
-1.123247720011553241e+01 0.000000000000000000e+00
-1.118247720011553170e+01 0.000000000000000000e+00
-1.113247720011553277e+01 0.000000000000000000e+00
-1.108247720011553206e+01 0.000000000000000000e+00
-1.103247720011553135e+01 0.000000000000000000e+00
-1.098247720011553241e+01 0.000000000000000000e+00
-1.093247720011553170e+01 0.000000000000000000e+00
-1.088247720011553277e+01 0.000000000000000000e+00
-1.083247720011553206e+01 0.000000000000000000e+00
-1.078247720011553135e+01 0.000000000000000000e+00
-1.073247720011553241e+01 0.000000000000000000e+00
-1.068247720011553170e+01 0.000000000000000000e+00
-1.063247720011553277e+01 0.000000000000000000e+00
-1.058247720011553206e+01 0.000000000000000000e+00
-1.053247720011553135e+01 0.000000000000000000e+00
-1.048247720011553241e+01 0.000000000000000000e+00
-1.043247720011553170e+01 0.000000000000000000e+00
-1.038247720011553277e+01 0.000000000000000000e+00
-1.033247720011553206e+01 0.000000000000000000e+00
-1.028247720011553135e+01 0.000000000000000000e+00
-1.023247720011553241e+01 0.000000000000000000e+00
-1.018247720011553170e+01 0.000000000000000000e+00
-1.013247720011553277e+01 0.000000000000000000e+00
-1.008247720011553206e+01 0.000000000000000000e+00
-1.003247720011553135e+01 0.000000000000000000e+00
-9.982477200115532412e+00 0.000000000000000000e+00
-9.932477200115531701e+00 0.000000000000000000e+00
-9.882477200115532767e+00 0.000000000000000000e+00
-9.832477200115532057e+00 0.000000000000000000e+00
-9.782477200115531346e+00 0.000000000000000000e+00
-9.732477200115532412e+00 0.000000000000000000e+00
-9.682477200115531701e+00 0.000000000000000000e+00
-9.632477200115532767e+00 0.000000000000000000e+00
-9.582477200115532057e+00 0.000000000000000000e+00
-9.532477200115531346e+00 0.000000000000000000e+00
-9.482477200115532412e+00 0.000000000000000000e+00
-9.432477200115531701e+00 0.000000000000000000e+00
-9.382477200115532767e+00 0.000000000000000000e+00
-9.332477200115532057e+00 0.000000000000000000e+00
-9.282477200115531346e+00 0.000000000000000000e+00
-9.232477200115532412e+00 0.000000000000000000e+00
-9.182477200115531701e+00 0.000000000000000000e+00
-9.132477200115532767e+00 0.000000000000000000e+00
-9.082477200115532057e+00 0.000000000000000000e+00
-9.032477200115531346e+00 0.000000000000000000e+00
-8.982477200115532412e+00 0.000000000000000000e+00
-8.932477200115531701e+00 0.000000000000000000e+00
-8.882477200115532767e+00 0.000000000000000000e+00
-8.832477200115532057e+00 0.000000000000000000e+00
-8.782477200115531346e+00 0.000000000000000000e+00
-8.732477200115532412e+00 0.000000000000000000e+00
-8.682477200115531701e+00 0.000000000000000000e+00
-8.632477200115532767e+00 0.000000000000000000e+00
-8.582477200115532057e+00 0.000000000000000000e+00
-8.532477200115533122e+00 0.000000000000000000e+00
-8.482477200115532412e+00 0.000000000000000000e+00
-8.432477200115531701e+00 0.000000000000000000e+00
-8.382477200115530991e+00 0.000000000000000000e+00
-8.332477200115532057e+00 0.000000000000000000e+00
-8.282477200115533122e+00 0.000000000000000000e+00
-8.232477200115532412e+00 0.000000000000000000e+00
-8.182477200115531701e+00 0.000000000000000000e+00
-8.132477200115530991e+00 0.000000000000000000e+00
-8.082477200115532057e+00 0.000000000000000000e+00
-8.032477200115533122e+00 0.000000000000000000e+00
-7.982477200115532412e+00 0.000000000000000000e+00
-7.932477200115531701e+00 0.000000000000000000e+00
-7.882477200115530991e+00 0.000000000000000000e+00
-7.832477200115532057e+00 0.000000000000000000e+00
-7.782477200115533122e+00 0.000000000000000000e+00
-7.732477200115532412e+00 0.000000000000000000e+00
-7.682477200115531701e+00 0.000000000000000000e+00
-7.632477200115530991e+00 0.000000000000000000e+00
-7.582477200115532057e+00 0.000000000000000000e+00
-7.532477200115533122e+00 0.000000000000000000e+00
-7.482477200115532412e+00 0.000000000000000000e+00
-7.432477200115531701e+00 0.000000000000000000e+00
-7.382477200115530991e+00 0.000000000000000000e+00
-7.332477200115532057e+00 0.000000000000000000e+00
-7.282477200115533122e+00 0.000000000000000000e+00
-7.232477200115532412e+00 0.000000000000000000e+00
-7.182477200115531701e+00 0.000000000000000000e+00
-7.132477200115530991e+00 0.000000000000000000e+00
-7.082477200115532057e+00 0.000000000000000000e+00
-7.032477200115531346e+00 0.000000000000000000e+00
-6.982477200115532412e+00 0.000000000000000000e+00
-6.932477200115531701e+00 0.000000000000000000e+00
-6.882477200115530991e+00 0.000000000000000000e+00
-6.832477200115532057e+00 0.000000000000000000e+00
-6.782477200115531346e+00 0.000000000000000000e+00
-6.732477200115532412e+00 0.000000000000000000e+00
-6.682477200115531701e+00 0.000000000000000000e+00
-6.632477200115530991e+00 0.000000000000000000e+00
-6.582477200115532057e+00 0.000000000000000000e+00
-6.532477200115531346e+00 0.000000000000000000e+00
-6.482477200115532412e+00 0.000000000000000000e+00
-6.432477200115531701e+00 0.000000000000000000e+00
-6.382477200115530991e+00 0.000000000000000000e+00
-6.332477200115532057e+00 0.000000000000000000e+00
-6.282477200115531346e+00 0.000000000000000000e+00
-6.232477200115532412e+00 0.000000000000000000e+00
-6.182477200115531701e+00 0.000000000000000000e+00
-6.132477200115530991e+00 0.000000000000000000e+00
-6.082477200115532057e+00 0.000000000000000000e+00
-6.032477200115531346e+00 0.000000000000000000e+00
-5.982477200115532412e+00 0.000000000000000000e+00
-5.932477200115531701e+00 0.000000000000000000e+00
-5.882477200115530991e+00 0.000000000000000000e+00
-5.832477200115532057e+00 0.000000000000000000e+00
-5.782477200115531346e+00 0.000000000000000000e+00
-5.732477200115532412e+00 0.000000000000000000e+00
-5.682477200115531701e+00 0.000000000000000000e+00
-5.632477200115530991e+00 0.000000000000000000e+00
-5.582477200115532057e+00 0.000000000000000000e+00
-5.532477200115531346e+00 0.000000000000000000e+00
-5.482477200115532412e+00 0.000000000000000000e+00
-5.432477200115531701e+00 0.000000000000000000e+00
-5.382477200115530991e+00 0.000000000000000000e+00
-5.332477200115532057e+00 0.000000000000000000e+00
-5.282477200115531346e+00 0.000000000000000000e+00
-5.232477200115532412e+00 0.000000000000000000e+00
-5.182477200115531701e+00 0.000000000000000000e+00
-5.132477200115530991e+00 0.000000000000000000e+00
-5.082477200115532057e+00 0.000000000000000000e+00
-5.032477200115531346e+00 0.000000000000000000e+00
-4.982477200115532412e+00 0.000000000000000000e+00
-4.932477200115531701e+00 0.000000000000000000e+00
-4.882477200115530991e+00 0.000000000000000000e+00
-4.832477200115532057e+00 0.000000000000000000e+00
-4.782477200115531346e+00 0.000000000000000000e+00
-4.732477200115532412e+00 0.000000000000000000e+00
-4.682477200115531701e+00 0.000000000000000000e+00
-4.632477200115530991e+00 0.000000000000000000e+00
-4.582477200115532057e+00 0.000000000000000000e+00
-4.532477200115531346e+00 0.000000000000000000e+00
-4.482477200115532412e+00 0.000000000000000000e+00
-4.432477200115531701e+00 0.000000000000000000e+00
-4.382477200115530991e+00 0.000000000000000000e+00
-4.332477200115532057e+00 0.000000000000000000e+00
-4.282477200115531346e+00 0.000000000000000000e+00
-4.232477200115532412e+00 0.000000000000000000e+00
-4.182477200115531701e+00 0.000000000000000000e+00
-4.132477200115530991e+00 0.000000000000000000e+00
-4.082477200115532057e+00 0.000000000000000000e+00
-4.032477200115531346e+00 0.000000000000000000e+00
-3.982477200115532412e+00 0.000000000000000000e+00
-3.932477200115531701e+00 0.000000000000000000e+00
-3.882477200115530991e+00 0.000000000000000000e+00
-3.832477200115532057e+00 0.000000000000000000e+00
-3.782477200115531346e+00 0.000000000000000000e+00
-3.732477200115532412e+00 0.000000000000000000e+00
-3.682477200115531701e+00 0.000000000000000000e+00
-3.632477200115530991e+00 0.000000000000000000e+00
-3.582477200115532057e+00 0.000000000000000000e+00
-3.532477200115531346e+00 0.000000000000000000e+00
-3.482477200115532412e+00 0.000000000000000000e+00
-3.432477200115531701e+00 0.000000000000000000e+00
-3.382477200115530991e+00 0.000000000000000000e+00
-3.332477200115532057e+00 0.000000000000000000e+00
-3.282477200115531346e+00 0.000000000000000000e+00
-3.232477200115532412e+00 0.000000000000000000e+00
-3.182477200115531701e+00 0.000000000000000000e+00
-3.132477200115530991e+00 0.000000000000000000e+00
-3.082477200115532057e+00 0.000000000000000000e+00
-3.032477200115531346e+00 0.000000000000000000e+00
-2.982477200115532412e+00 0.000000000000000000e+00
-2.932477200115531701e+00 0.000000000000000000e+00
-2.882477200115530991e+00 0.000000000000000000e+00
-2.832477200115532057e+00 0.000000000000000000e+00
-2.782477200115531346e+00 0.000000000000000000e+00
-2.732477200115532412e+00 0.000000000000000000e+00
-2.682477200115531701e+00 0.000000000000000000e+00
-2.632477200115530991e+00 0.000000000000000000e+00
-2.582477200115532057e+00 0.000000000000000000e+00
-2.532477200115531346e+00 0.000000000000000000e+00
-2.482477200115532412e+00 0.000000000000000000e+00
-2.432477200115531701e+00 0.000000000000000000e+00
-2.382477200115530991e+00 0.000000000000000000e+00
-2.332477200115532057e+00 0.000000000000000000e+00
-2.282477200115531346e+00 0.000000000000000000e+00
-2.232477200115532412e+00 0.000000000000000000e+00
-2.182477200115531701e+00 0.000000000000000000e+00
-2.132477200115530991e+00 0.000000000000000000e+00
-2.082477200115532057e+00 0.000000000000000000e+00
-2.032477200115531346e+00 0.000000000000000000e+00
-1.982477200115532412e+00 0.000000000000000000e+00
-1.932477200115531701e+00 0.000000000000000000e+00
-1.882477200115530991e+00 0.000000000000000000e+00
-1.832477200115532057e+00 0.000000000000000000e+00
-1.782477200115531346e+00 0.000000000000000000e+00
-1.732477200115532412e+00 0.000000000000000000e+00
-1.682477200115531701e+00 0.000000000000000000e+00
-1.632477200115530991e+00 0.000000000000000000e+00
-1.582477200115532057e+00 0.000000000000000000e+00
-1.532477200115531346e+00 0.000000000000000000e+00
-1.482477200115532412e+00 0.000000000000000000e+00
-1.432477200115531701e+00 0.000000000000000000e+00
-1.382477200115530991e+00 0.000000000000000000e+00
-1.332477200115532057e+00 0.000000000000000000e+00
-1.282477200115531346e+00 0.000000000000000000e+00
-1.232477200115532412e+00 0.000000000000000000e+00
-1.182477200115531701e+00 0.000000000000000000e+00
-1.132477200115530991e+00 0.000000000000000000e+00
-1.082477200115532057e+00 0.000000000000000000e+00
-1.032477200115531346e+00 0.000000000000000000e+00
-9.824772001155324119e-01 0.000000000000000000e+00
-9.324772001155317014e-01 0.000000000000000000e+00
-8.824772001155309908e-01 0.000000000000000000e+00
-8.324772001155320567e-01 0.000000000000000000e+00
-7.824772001155313461e-01 0.000000000000000000e+00
-7.324772001155324119e-01 0.000000000000000000e+00
-6.824772001155317014e-01 0.000000000000000000e+00
-6.324772001155309908e-01 0.000000000000000000e+00
-5.824772001155338330e-01 0.000000000000000000e+00
-5.324772001155295698e-01 0.000000000000000000e+00
-4.824772001155324119e-01 0.000000000000000000e+00
-4.324772001155317014e-01 0.000000000000000000e+00
-3.824772001155309908e-01 0.000000000000000000e+00
-3.324772001155338330e-01 0.000000000000000000e+00
-2.824772001155295698e-01 0.000000000000000000e+00
-2.324772001155324119e-01 0.000000000000000000e+00
-1.824772001155317014e-01 0.000000000000000000e+00
-1.324772001155309908e-01 0.000000000000000000e+00
-8.247720011553383301e-02 0.000000000000000000e+00
-3.247720011552956976e-02 0.000000000000000000e+00
1.752279988446758807e-02 0.000000000000000000e+00
6.752279988446829861e-02 0.000000000000000000e+00
1.175227998844690092e-01 0.000000000000000000e+00
1.675227998844661670e-01 0.000000000000000000e+00
2.175227998844704302e-01 0.000000000000000000e+00
2.675227998844675881e-01 0.000000000000000000e+00
3.175227998844682986e-01 0.000000000000000000e+00
3.675227998844690092e-01 0.000000000000000000e+00
4.175227998844661670e-01 0.000000000000000000e+00
4.675227998844704302e-01 0.000000000000000000e+00
5.175227998844675881e-01 0.000000000000000000e+00
5.675227998844682986e-01 0.000000000000000000e+00
6.175227998844690092e-01 5.143277982765751834e-05
6.675227998844661670e-01 0.000000000000000000e+00
7.175227998844704302e-01 0.000000000000000000e+00
7.675227998844675881e-01 0.000000000000000000e+00
8.175227998844682986e-01 5.143277982765751834e-05
8.675227998844690092e-01 9.257900368978353844e-04
9.175227998844661670e-01 8.229244772425202935e-04
9.675227998844704302e-01 8.743572570701779473e-04
1.017522799884467588e+00 1.748714514140355895e-03
1.067522799884468299e+00 1.697281734312698241e-03
1.117522799884469009e+00 5.503307441559354869e-03
1.167522799884466167e+00 1.316679163588032470e-02
1.217522799884470430e+00 2.571638991382876188e-02
1.267522799884467588e+00 6.074211297646353591e-02
1.317522799884468299e+00 1.229757765679291431e-01
1.367522799884469009e+00 2.721822708479636477e-01
1.417522799884466167e+00 4.871198577477443559e-01
1.467522799884470430e+00 7.474211564555190979e-01
1.517522799884467588e+00 1.140624758237960723e+00
1.567522799884468299e+00 1.492013510020516964e+00
1.617522799884469009e+00 1.847928346427907265e+00
1.667522799884466167e+00 1.852248699933430665e+00
1.717522799884470430e+00 1.751543317030876734e+00
1.767522799884467588e+00 1.362660068753958287e+00
1.817522799884468299e+00 9.165835693086847868e-01
1.867522799884469009e+00 6.213594130979306351e-01
1.917522799884466167e+00 5.014181705398332856e-01
1.967522799884470430e+00 5.103160414500178543e-01
2.017522799884467588e+00 6.993829400964869381e-01
2.067522799884468299e+00 1.073093518324246487e+00
2.117522799884469009e+00 1.455804833021846267e+00
2.167522799884466167e+00 1.592461729023932460e+00
2.217522799884470430e+00 1.700316268322530133e+00
2.267522799884467588e+00 1.380147213895361880e+00
2.317522799884468299e+00 1.065172870230787439e+00
2.367522799884469009e+00 8.209185988292416747e-01
2.417522799884466167e+00 5.454446300723080343e-01
2.467522799884470430e+00 4.305437999373211699e-01
2.517522799884467588e+00 3.602351899129133117e-01
2.567522799884471851e+00 3.422337169732331263e-01
2.617522799884469009e+00 3.401249730002992022e-01
2.667522799884466167e+00 3.690301952634427729e-01
2.717522799884470430e+00 4.124394614379856550e-01
2.767522799884467588e+00 4.414989820406122201e-01
2.817522799884471851e+00 4.781705540577319558e-01
2.867522799884469009e+00 5.286261110686640841e-01
2.917522799884466167e+00 5.934828464313403051e-01
2.967522799884470430e+00 6.253711699244878242e-01
3.017522799884467588e+00 7.630052887432993147e-01
3.067522799884471851e+00 7.793609127284945037e-01
3.117522799884469009e+00 8.939531461845153792e-01
3.167522799884466167e+00 1.004327891694668518e+00
3.217522799884470430e+00 1.054629150366117818e+00
3.267522799884467588e+00 1.189743062973373844e+00
3.317522799884471851e+00 1.331903266417019172e+00
3.367522799884469009e+00 1.465731359528583910e+00
3.417522799884466167e+00 1.560779136650095378e+00
3.467522799884470430e+00 1.573791629946492465e+00
3.517522799884467588e+00 1.619669669552763258e+00
3.567522799884471851e+00 1.624555783636390860e+00
3.617522799884469009e+00 1.520815866724005483e+00
3.667522799884466167e+00 1.493659358975002238e+00
3.717522799884470430e+00 1.375312532591562054e+00
3.767522799884467588e+00 1.278670339295393754e+00
3.817522799884471851e+00 1.179096477549048894e+00
3.867522799884469009e+00 1.059720995569055635e+00
3.917522799884466167e+00 1.044445459960241296e+00
3.967522799884470430e+00 1.025209600304697544e+00
4.017522799884467588e+00 9.647760840071997190e-01
4.067522799884471851e+00 9.138576319778189960e-01
4.117522799884469009e+00 9.308304493209458297e-01
4.167522799884466167e+00 9.039311054710810200e-01
4.217522799884470430e+00 8.815578462460499365e-01
4.267522799884467588e+00 8.485894343765214565e-01
4.317522799884471851e+00 8.001397557788680892e-01
4.367522799884469009e+00 7.144527445859906178e-01
4.417522799884466167e+00 7.471639925563808848e-01
4.467522799884470430e+00 6.974799272428635621e-01
4.517522799884467588e+00 6.551507494447016411e-01
4.567522799884471851e+00 6.639457547952308802e-01
4.617522799884469009e+00 6.185820429872369575e-01
4.667522799884466167e+00 6.090155459392927462e-01
4.717522799884470430e+00 6.175019546108562185e-01
4.767522799884467588e+00 6.092727098384310702e-01
4.817522799884471851e+00 6.178105512898222074e-01
4.867522799884469009e+00 6.182220135284434148e-01
4.917522799884466167e+00 6.996401039956252621e-01
4.967522799884470430e+00 6.972227633437254601e-01
5.017522799884467588e+00 7.471125597765532200e-01
5.067522799884471851e+00 7.138869840078864160e-01
5.117522799884469009e+00 8.130493835156100690e-01
5.167522799884466167e+00 8.543499057172192490e-01
5.217522799884470430e+00 9.136004680786806720e-01
5.267522799884467588e+00 9.641588906492679634e-01
5.317522799884471851e+00 9.168921659876506647e-01
5.367522799884469009e+00 1.034518933453503431e+00
5.417522799884466167e+00 1.067744509222170013e+00
5.467522799884470430e+00 1.101021517770664815e+00
5.517522799884467588e+00 1.159603453994366484e+00
5.567522799884471851e+00 1.178685015310427353e+00
5.617522799884469009e+00 1.226568933329976518e+00
5.667522799884466167e+00 1.181205221521982818e+00
5.717522799884470430e+00 1.234335283083953128e+00
5.767522799884467588e+00 1.318685042001311203e+00
5.817522799884471851e+00 1.258714420722262473e+00
5.867522799884469009e+00 1.224768786036008583e+00
5.917522799884466167e+00 1.267097963834170837e+00
5.967522799884470430e+00 1.267200829393826167e+00
6.017522799884467588e+00 1.223122937081523753e+00
6.067522799884471851e+00 1.199000963342352177e+00
6.117522799884469009e+00 1.209544683207022020e+00
6.167522799884466167e+00 1.128898084437254923e+00
6.217522799884470430e+00 1.167009774289549329e+00
6.267522799884467588e+00 1.157237546122294347e+00
6.317522799884471851e+00 1.050565960759732409e+00
6.367522799884469009e+00 1.069853253195104159e+00
6.417522799884466167e+00 1.042851043785584020e+00
6.467522799884470430e+00 1.045834145015588135e+00
6.517522799884467588e+00 1.005150816171910932e+00
6.567522799884471851e+00 9.697136308706548746e-01
6.617522799884469009e+00 9.621015794561615930e-01
6.667522799884466167e+00 9.329391932938797538e-01
6.717522799884470430e+00 1.002167714941906818e+00
6.767522799884467588e+00 9.188466116211015944e-01
6.817522799884471851e+00 9.419399297637198742e-01
6.867522799884469009e+00 9.331449244131905241e-01
6.917522799884466167e+00 9.426085559014794057e-01
6.967522799884470430e+00 9.239898896038674092e-01
7.017522799884467588e+00 9.429685853602731704e-01
7.067522799884471851e+00 9.427114214611348464e-01
7.117522799884469009e+00 9.211096539335185129e-01
7.167522799884466167e+00 9.178179560245486313e-01
7.217522799884470430e+00 9.321677015964648927e-01
7.267522799884467588e+00 9.294417642655992129e-01
7.317522799884471851e+00 9.568040031339128948e-01
7.367522799884469009e+00 9.579355242901215206e-01
7.417522799884466167e+00 9.495519811782131558e-01
7.467522799884470430e+00 9.723367026418655579e-01
7.517522799884467588e+00 9.927040834536178249e-01
7.567522799884471851e+00 9.378253073775072446e-01
7.617522799884469009e+00 9.569068686935682244e-01
7.667522799884466167e+00 9.699193619899655339e-01
7.717522799884470430e+00 9.450773293332069835e-01
7.767522799884467588e+00 9.887437594068881896e-01
7.817522799884471851e+00 9.774799806246312617e-01
7.867522799884469009e+00 9.880237004893011044e-01
7.917522799884466167e+00 1.002887773859494125e+00
7.967522799884470430e+00 1.026649718139871714e+00
8.017522799884467588e+00 9.663705001818573281e-01
8.067522799884471851e+00 1.001241924905009073e+00
8.117522799884469009e+00 1.019603427303482857e+00
8.167522799884466167e+00 1.007619589603638621e+00
8.217522799884470430e+00 9.402426480294072686e-01
8.267522799884467588e+00 1.002630609960355690e+00
8.317522799884471851e+00 1.008956841879157684e+00
8.367522799884469009e+00 1.014974477118993690e+00
8.417522799884466167e+00 9.733653582384185210e-01
8.467522799884470430e+00 9.770685183860100542e-01
8.517522799884467588e+00 9.654447101449593616e-01
8.567522799884471851e+00 9.377738745976795798e-01
8.617522799884469009e+00 9.585012848682256115e-01
8.667522799884466167e+00 9.960986469222432582e-01
8.717522799884470430e+00 9.949156929862069676e-01
8.767522799884467588e+00 9.349965044869861241e-01
8.817522799884471851e+00 9.643131889887508468e-01
8.867522799884469009e+00 9.806173801941182600e-01
8.917522799884466167e+00 9.291846003664607778e-01
8.967522799884470430e+00 9.320134032569817872e-01
9.017522799884467588e+00 1.012197107008300012e+00
9.067522799884471851e+00 9.837547797636053692e-01
9.117522799884469009e+00 1.016774624412961625e+00
9.167522799884466167e+00 1.030352878287463136e+00
9.217522799884470430e+00 9.904410411412010173e-01
9.267522799884467588e+00 1.064812840771993674e+00
9.317522799884471851e+00 1.029067058791771627e+00
9.367522799884469009e+00 9.975901975372454267e-01
9.417522799884466167e+00 1.015951699935719210e+00
9.467522799884470430e+00 1.016826057192789179e+00
9.517522799884467588e+00 1.020117755101759283e+00
9.567522799884471851e+00 9.899781461227520341e-01
9.617522799884469009e+00 1.041256627610926522e+00
9.667522799884466167e+00 9.438429426173432502e-01
9.717522799884470430e+00 1.052314675273873013e+00
9.767522799884467588e+00 9.594270749051235780e-01
9.817522799884471851e+00 1.028501298213667425e+00
9.867522799884469009e+00 1.012248539788127788e+00
9.917522799884466167e+00 1.016414594954167860e+00
9.967522799884470430e+00 9.758855644499737636e-01
1.001752279988446759e+01 1.007413858484327740e+00
1.006752279988447185e+01 1.040742299812650096e+00
1.011752279988446901e+01 1.021146410698312579e+00
1.016752279988446617e+01 1.000984761005870638e+00
1.021752279988447043e+01 9.900810116824072526e-01
1.026752279988446759e+01 1.024232377487972023e+00
1.031752279988447185e+01 9.610214910797808541e-01
1.036752279988446901e+01 9.887951921867157434e-01
1.041752279988446617e+01 1.073093518324246487e+00
1.046752279988447043e+01 1.011271316971402268e+00
1.051752279988446759e+01 1.013122897045197757e+00
1.056752279988447185e+01 9.682735130354804820e-01
1.061752279988446901e+01 9.797430229370482913e-01
1.066752279988446617e+01 9.953785880046560619e-01
1.071752279988447043e+01 9.718738076234165746e-01
1.076752279988446759e+01 9.726452993208314357e-01
1.081752279988447185e+01 1.012711434806576660e+00
1.086752279988446901e+01 9.546952591609789707e-01
1.091752279988446617e+01 1.021969335175554994e+00
1.096752279988447043e+01 1.012402838127610893e+00
1.101752279988446759e+01 9.971273025187965544e-01
1.106752279988447185e+01 9.974873319775899860e-01
1.111752279988446901e+01 1.023718049689695153e+00
1.116752279988446617e+01 9.676563196775487263e-01
1.121752279988447043e+01 9.914182639579263157e-01
1.126752279988446759e+01 9.380824712766455686e-01
1.131752279988447185e+01 9.940413357291368879e-01
1.136752279988446901e+01 9.587070159875361597e-01
1.141752279988446617e+01 1.035753320169367164e+00
1.146752279988447043e+01 1.014511582100544818e+00
1.151752279988446759e+01 9.630273694930595596e-01
1.156752279988447185e+01 1.004276458914840742e+00
1.161752279988446901e+01 1.012094241448644683e+00
1.166752279988446617e+01 9.596328060244340152e-01
1.171752279988447043e+01 1.051697481915941035e+00
1.176752279988446759e+01 9.892580872051648377e-01
1.181752279988447185e+01 9.559810786566703689e-01
1.186752279988446901e+01 1.015488804917270116e+00
1.191752279988446617e+01 1.031690130562982421e+00
1.196752279988447043e+01 1.001704819923457723e+00
1.201752279988446759e+01 1.005305114511394038e+00
1.206752279988447185e+01 1.020323486221069942e+00
1.211752279988446901e+01 1.024643839726593120e+00
1.216752279988446617e+01 9.989274498127644897e-01
1.221752279988447043e+01 1.028964193232116298e+00
1.226752279988446759e+01 9.564439736751193522e-01
1.231752279988447185e+01 9.629245039334040079e-01
1.236752279988446901e+01 9.760912955692845339e-01
1.241752279988446617e+01 9.888466249665437413e-01
1.246752279988447043e+01 9.705365553478974006e-01
1.251752279988446759e+01 9.472889388657962373e-01
1.256752279988447185e+01 9.773256822851482672e-01
1.261752279988446901e+01 9.392139924328540834e-01
1.266752279988446617e+01 9.931155456922391433e-01
1.271752279988447043e+01 9.621015794561615930e-01
1.276752279988446759e+01 9.681192146959975986e-01
1.281752279988447185e+01 1.001241924905009073e+00
1.286752279988446901e+01 1.008956841879157684e+00
1.291752279988446617e+01 9.801030523958418339e-01
1.296752279988447043e+01 1.031741563342809975e+00
1.301752279988446759e+01 1.003967862235874753e+00
1.306752279988447185e+01 1.006950963465879090e+00
1.311752279988446901e+01 1.013328628164508638e+00
1.316752279988446617e+01 1.067795942001997789e+00
1.321752279988447043e+01 9.554667508583938318e-01
1.326752279988446759e+01 1.073196383883901817e+00
1.331752279988447185e+01 9.997503742900070156e-01
1.336752279988446901e+01 1.017031788312099838e+00
1.341752279988446617e+01 9.821603635889480932e-01
1.346752279988447043e+01 1.023203721891418727e+00
1.351752279988446759e+01 9.708451520268635004e-01
1.356752279988447185e+01 9.990303153724198193e-01
1.361752279988446901e+01 1.019757725642965740e+00
1.366752279988446617e+01 1.021094977918485025e+00
1.371752279988447043e+01 1.026752583699527044e+00
1.376752279988446759e+01 1.023460885790557162e+00
1.381752279988447185e+01 1.026649718139871714e+00
1.386752279988446901e+01 9.574726292716724263e-01
1.391752279988446617e+01 1.017031788312099838e+00
1.396752279988447043e+01 9.840633764425714691e-01
1.401752279988446759e+01 1.008185350181743045e+00
1.406752279988447185e+01 9.760398627894567580e-01
1.411752279988446901e+01 1.008751110759847025e+00
1.416752279988446617e+01 1.018677637266584890e+00
1.421752279988447043e+01 9.954300207844837267e-01
1.426752279988446759e+01 9.763998922482504117e-01
1.431752279988447185e+01 9.801030523958418339e-01
1.436752279988446901e+01 1.005819442309670464e+00
1.441752279988446617e+01 9.968187058398304545e-01
1.446752279988447043e+01 1.024438108607282460e+00
1.451752279988446759e+01 9.750626399727313487e-01
1.456752279988447185e+01 9.719252404032442394e-01
1.461752279988446901e+01 1.004996517832428049e+00
1.466752279988446617e+01 1.010859854732780949e+00
1.471752279988447043e+01 9.945042307475858712e-01
1.476752279988446759e+01 9.673991557784102913e-01
1.481752279988447185e+01 9.723881354216932227e-01
1.486752279988446901e+01 9.301618231831864092e-01
1.491752279988446617e+01 9.404483791487178168e-01
1.496752279988447043e+01 1.003144937758632338e+00
1.501752279988446759e+01 9.413741691856156724e-01
1.506752279988447185e+01 9.436372114980327019e-01
1.511752279988446901e+01 9.632845333921977726e-01
1.516752279988446617e+01 9.151948842533380590e-01
1.521752279988447043e+01 1.027935537635563223e+00
1.526752279988446759e+01 9.589127471068469299e-01
1.531752279988447185e+01 9.741368499358336042e-01
1.536752279988446901e+01 9.813888718915332321e-01
1.541752279988447327e+01 1.003093504978804562e+00
1.546752279988447043e+01 1.017957578348997805e+00
1.551752279988446759e+01 1.030610042186601349e+00
1.556752279988446475e+01 1.042593879886445807e+00
1.561752279988446901e+01 9.813888718915332321e-01
1.566752279988447327e+01 1.012711434806576660e+00
1.571752279988447043e+01 9.659590379432358986e-01
1.576752279988446759e+01 1.018317607807791347e+00
1.581752279988446475e+01 9.709480175865187190e-01
1.586752279988446901e+01 9.665762313011677653e-01
1.591752279988447327e+01 9.492433844992471670e-01
1.596752279988447043e+01 1.019140532285033762e+00
1.601752279988446759e+01 1.015797401596236105e+00
1.606752279988446475e+01 1.016723191633133849e+00
1.611752279988446901e+01 9.738282532568675043e-01
1.616752279988447327e+01 1.031021504425222668e+00
1.621752279988447043e+01 1.016311729394512753e+00
1.626752279988446759e+01 1.006796665126395984e+00
1.631752279988446475e+01 1.036833408545748014e+00
1.636752279988446901e+01 1.026855449259182596e+00
1.641752279988447327e+01 1.024540974166937790e+00
1.646752279988447043e+01 1.009265438558123673e+00
1.651752279988446759e+01 1.001807685483113275e+00
1.656752279988446475e+01 9.394197235521646316e-01
1.661752279988446901e+01 9.608157599604700838e-01
1.666752279988447327e+01 1.021712171276416781e+00
1.671752279988447043e+01 9.938356046098262286e-01
1.676752279988446759e+01 9.912125328386157674e-01
1.681752279988446475e+01 1.003402101657770773e+00
1.686752279988446901e+01 9.911096672789604378e-01
1.691752279988447327e+01 9.932184112518944730e-01
1.696752279988447043e+01 9.921383228755137340e-01
1.701752279988446759e+01 1.000830462666387755e+00
1.706752279988446475e+01 9.748569088534206895e-01
1.711752279988446901e+01 9.891037888656818433e-01
1.716752279988447327e+01 1.002990639419149455e+00
1.721752279988447043e+01 9.699707947697933097e-01
1.726752279988446759e+01 1.047479993970073187e+00
1.731752279988446475e+01 9.498605778571790337e-01
1.736752279988446901e+01 9.767599217070441764e-01
1.741752279988447327e+01 9.668848279801336432e-01
1.746752279988447043e+01 9.619987138965063744e-01
1.751752279988446759e+01 1.006590934007085325e+00
1.756752279988446475e+01 9.686335424942742467e-01
1.761752279988446901e+01 9.187437460614462648e-01
1.766752279988447327e+01 9.603014321621936578e-01
1.771752279988447043e+01 9.713080470453123727e-01
1.776752279988446759e+01 1.019963456762276399e+00
1.781752279988446475e+01 9.346364750281925815e-01
1.786752279988446901e+01 9.884351627279222008e-01
1.791752279988447327e+01 9.573183309321895429e-01
1.796752279988447043e+01 9.348422061475031297e-01
1.801752279988446759e+01 9.383910679556115575e-01
1.806752279988446475e+01 9.227040701081759000e-01
1.811752279988446901e+01 9.541809313627023226e-01
1.816752279988447327e+01 9.421456608830305335e-01
1.821752279988447043e+01 9.354079667256074426e-01
1.826752279988446759e+01 9.642617562089232930e-01
1.831752279988446475e+01 1.022483662973831642e+00
1.836752279988446901e+01 9.731596271191079728e-01
1.841752279988447327e+01 9.522779185090790577e-01
1.846752279988447043e+01 9.604042977218489874e-01
1.851752279988446759e+01 9.589641798866744837e-01
1.856752279988446475e+01 1.023563751350212492e+00
1.861752279988446901e+01 9.466717455078643706e-01
1.866752279988447327e+01 9.579869570699489634e-01
1.871752279988447043e+01 9.558267803171873744e-01
1.876752279988446759e+01 9.506320695545940058e-01
1.881752279988446475e+01 9.811317079923949080e-01
1.886752279988446901e+01 9.592727765656404726e-01
1.891752279988447327e+01 9.411684380663050131e-01
1.896752279988447043e+01 9.361794584230221927e-01
1.901752279988446759e+01 9.271787219531822943e-01
1.906752279988446475e+01 9.918297261965478562e-01
1.911752279988446901e+01 9.804630818546353765e-01
1.916752279988447327e+01 9.768627872666992840e-01
1.921752279988447043e+01 9.545409608214959762e-01
1.926752279988446759e+01 1.024078079148488918e+00
1.931752279988446475e+01 9.283616758892182519e-01
1.936752279988446901e+01 9.880751332691286581e-01
1.941752279988447327e+01 9.854006287180905321e-01
1.946752279988447043e+01 9.594270749051235780e-01
1.951752279988446759e+01 9.488833550404536243e-01
1.956752279988446475e+01 1.026546852580216607e+00
1.961752279988446901e+01 1.035084694031607633e+00
1.966752279988447327e+01 9.813888718915332321e-01
1.971752279988447043e+01 1.006693799566740655e+00
1.976752279988446759e+01 9.737768204770398395e-01
1.981752279988446475e+01 9.915211295175817563e-01
1.986752279988446901e+01 1.029992848828669372e+00
1.991752279988447327e+01 9.767599217070441764e-01
1.996752279988447043e+01 9.814917374511884507e-01
2.001752279988446759e+01 9.989274498127644897e-01
2.006752279988446475e+01 9.538209019039087799e-01
2.011752279988446901e+01 9.827261241670524061e-01
2.016752279988447327e+01 1.061829739541989559e+00
2.021752279988447043e+01 1.028809894892633414e+00
2.026752279988446759e+01 1.078956855224599609e+00
2.031752279988446475e+01 9.716680765041059153e-01
2.036752279988446901e+01 9.449230309937239891e-01
2.041752279988447327e+01 9.929098145729285951e-01
2.046752279988447043e+01 9.941442012887923285e-01
2.051752279988446759e+01 9.531008429863216946e-01
2.056752279988446475e+01 9.831890191855012784e-01
2.061752279988446901e+01 1.018369040587619123e+00
2.066752279988447327e+01 9.884351627279222008e-01
2.071752279988447043e+01 9.969215713994858952e-01
2.076752279988446759e+01 9.586555832077086059e-01
2.081752279988446475e+01 9.718738076234165746e-01
2.086752279988446901e+01 9.606614616209872004e-01
2.091752279988447327e+01 9.846805698005033358e-01
2.096752279988447043e+01 9.353565339457797778e-01
2.101752279988446759e+01 9.619472811166785986e-01
2.106752279988446475e+01 9.988760170329368249e-01
2.111752279988446901e+01 9.618444155570233800e-01
2.116752279988447327e+01 9.707422864672081708e-01
2.121752279988447043e+01 9.801544851756693877e-01
2.126752279988446759e+01 9.716680765041059153e-01
2.131752279988446475e+01 9.282073775497352575e-01
2.136752279988446901e+01 9.579355242901215206e-01
2.141752279988447327e+01 9.906467722605116766e-01
2.146752279988447043e+01 9.394711563319922965e-01
2.151752279988446759e+01 9.565982720146022356e-01
2.156752279988446475e+01 9.699193619899655339e-01
2.161752279988446901e+01 1.011425615310885373e+00
2.166752279988447327e+01 9.817489013503268858e-01
2.171752279988447043e+01 9.432771820392389373e-01
2.176752279988446759e+01 9.367966517809540594e-01
2.181752279988447185e+01 8.620133899115400844e-01
2.186752279988446901e+01 9.349450717071584593e-01
2.191752279988447327e+01 9.560839442163258095e-01
2.196752279988447043e+01 9.114917241057467479e-01
2.201752279988446759e+01 9.219840111905888147e-01
2.206752279988447185e+01 8.796034006125990068e-01
2.211752279988446901e+01 9.844234059013650118e-01
2.216752279988447327e+01 9.617415499973680504e-01
2.221752279988447043e+01 9.201838638966207684e-01
2.226752279988446759e+01 9.151434514735102832e-01
2.231752279988447185e+01 8.981706341303834495e-01
2.236752279988446901e+01 9.297503609445650907e-01
2.241752279988447327e+01 9.828289897267075137e-01
2.246752279988447043e+01 9.658561723835806800e-01
2.251752279988446759e+01 9.393168579925093020e-01
2.256752279988447185e+01 9.843205403417097932e-01
2.261752279988446901e+01 9.740854171560058283e-01
2.266752279988447327e+01 1.003196370538459892e+00
2.271752279988447043e+01 1.030970071645394892e+00
2.276752279988446759e+01 1.001087626565526190e+00
2.281752279988447185e+01 1.050308796860594418e+00
2.286752279988446901e+01 1.035804752949194940e+00
2.291752279988447327e+01 1.029581386590048497e+00
2.296752279988447043e+01 1.025106734745042214e+00
2.301752279988446759e+01 9.946585290870688656e-01
2.306752279988447185e+01 1.054011957008185618e+00
2.311752279988446901e+01 1.062446932899921315e+00
2.316752279988447327e+01 1.055349209283704681e+00
2.321752279988447043e+01 1.058435176073364126e+00
2.326752279988446759e+01 1.039456480316958586e+00
2.331752279988447185e+01 9.604042977218489874e-01
2.336752279988446901e+01 1.009111140218640790e+00
2.341752279988447327e+01 1.026289688681078394e+00
2.346752279988447043e+01 9.335049538719840667e-01
2.351752279988446759e+01 1.011888510329334023e+00
2.356752279988447185e+01 9.752683710920420079e-01
2.361752279988446901e+01 1.010294094154676747e+00
2.366752279988447327e+01 9.388539629740605408e-01
2.371752279988447043e+01 9.631302350527147782e-01
2.376752279988446759e+01 9.146805564550614109e-01
2.381752279988447185e+01 9.621015794561615930e-01
2.386752279988446901e+01 9.146805564550614109e-01
2.391752279988447327e+01 9.158120776112698147e-01
2.396752279988447043e+01 8.903014188167517329e-01
2.401752279988446759e+01 9.151948842533380590e-01
2.406752279988447185e+01 9.547981247206343003e-01
2.411752279988446901e+01 8.754373454465587123e-01
2.416752279988447327e+01 9.186923132816187110e-01
2.421752279988447043e+01 9.076856983984999960e-01
2.426752279988446759e+01 9.145262581155784165e-01
2.431752279988447185e+01 8.848495441550199292e-01
2.436752279988446901e+01 9.488319222606260706e-01
2.441752279988447327e+01 9.424542575619964113e-01
2.446752279988447043e+01 9.507863678940770003e-01
2.451752279988446759e+01 9.534094396652875725e-01
2.456752279988447185e+01 9.312933443393947019e-01
2.461752279988446901e+01 9.746511777341100302e-01
2.466752279988447327e+01 9.623073105754722523e-01
2.471752279988447043e+01 1.001550521583975062e+00
2.476752279988446759e+01 9.746511777341100302e-01
2.481752279988447185e+01 9.337621177711223908e-01
2.486752279988446901e+01 1.018369040587619123e+00
2.491752279988447327e+01 9.843205403417097932e-01
2.496752279988447043e+01 1.025981092002112405e+00
2.501752279988446759e+01 1.012608569246921331e+00
2.506752279988447185e+01 1.041410925950409627e+00
2.511752279988446901e+01 9.979502269960389693e-01
2.516752279988447327e+01 1.013225762604853308e+00
2.521752279988447043e+01 9.874065071313691266e-01
2.526752279988446759e+01 9.656504412642699098e-01
2.531752279988447185e+01 9.709994503663464949e-01
2.536752279988446901e+01 1.002990639419149455e+00
2.541752279988447327e+01 9.766056233675611820e-01
2.546752279988447043e+01 9.497062795176960392e-01
2.551752279988446759e+01 1.038530690280060842e+00
2.556752279988447185e+01 9.240413223836950740e-01
2.561752279988446901e+01 9.302132559630138520e-01
2.566752279988447327e+01 9.172007626666166535e-01
2.571752279988447043e+01 9.175093593455827534e-01
2.576752279988446759e+01 9.497062795176960392e-01
2.581752279988447185e+01 9.335563866518117315e-01
2.586752279988446901e+01 9.264586630355950980e-01
2.591752279988447327e+01 9.598899699235724503e-01
2.596752279988447043e+01 9.436886442778602557e-01
2.601752279988446759e+01 9.670391263196167486e-01
2.606752279988447185e+01 9.814403046713608969e-01
2.611752279988446901e+01 8.886041370824389052e-01
2.616752279988447327e+01 9.745997449542824764e-01
2.621752279988447043e+01 9.616901172175404966e-01
2.626752279988446759e+01 9.354593995054351074e-01
2.631752279988447185e+01 9.710508831461740487e-01
2.636752279988446901e+01 1.015951699935719210e+00
2.641752279988447327e+01 1.038633555839715950e+00
2.646752279988447043e+01 9.934755751510327970e-01
2.651752279988446759e+01 1.118868692370861950e+00
2.656752279988447185e+01 1.116811381177755580e+00
2.661752279988446901e+01 1.097524088742383608e+00
2.666752279988447327e+01 1.122211823059659608e+00
2.671752279988447043e+01 1.125040625950180395e+00
2.676752279988446759e+01 1.208567460390296500e+00
2.681752279988447185e+01 1.155437398828326190e+00
2.686752279988446901e+01 1.193343357561309936e+00
2.691752279988447327e+01 1.149522629148145514e+00
2.696752279988447043e+01 1.176987733576114747e+00
2.701752279988446759e+01 1.177347763034908290e+00
2.706752279988447185e+01 1.185628440587161103e+00
2.711752279988446901e+01 1.151219910882458342e+00
2.716752279988447327e+01 1.079882645261497354e+00
2.721752279988447043e+01 1.066921584744927820e+00
2.726752279988446759e+01 1.073247816663729592e+00
2.731752279988447185e+01 1.000984761005870638e+00
2.736752279988446901e+01 1.021506440157105899e+00
2.741752279988447327e+01 9.632331006123701078e-01
2.746752279988447043e+01 9.611757894192638485e-01
2.751752279988446759e+01 9.289788692471502296e-01
2.756752279988447185e+01 8.137694424331974874e-01
2.761752279988446901e+01 7.794123455083221685e-01
2.766752279988447327e+01 7.805952994443582371e-01
2.771752279988447043e+01 7.473182908958637682e-01
2.776752279988446759e+01 7.068406931714974473e-01
2.781752279988447185e+01 6.755695630362816839e-01
2.786752279988446901e+01 6.326746246600151169e-01
2.791752279988447327e+01 6.243939471077623038e-01
2.796752279988447043e+01 6.041808646354929202e-01
2.801752279988446759e+01 6.367892470462278576e-01
2.806752279988447185e+01 6.593682373905694893e-01
2.811752279988446901e+01 6.374578731839873891e-01
2.816752279988447327e+01 6.917194559021659916e-01
2.821752279988447043e+01 6.785012314864580230e-01
2.826752279988446759e+01 6.957826455085509565e-01
2.831752279988447185e+01 7.679428356067545813e-01
2.836752279988446901e+01 8.327481381896029156e-01
2.841752279988447327e+01 8.394858323470261174e-01
2.846752279988447043e+01 9.358194289642285391e-01
2.851752279988446759e+01 9.059884166641872794e-01
2.856752279988447185e+01 9.464145816087260465e-01
2.861752279988446901e+01 9.822117963687758690e-01
2.866752279988447327e+01 9.814917374511884507e-01
2.871752279988447043e+01 1.046811367832313655e+00
2.876752279988446759e+01 1.028758462112805638e+00
2.881752279988447185e+01 1.113005355470508828e+00
2.886752279988446901e+01 1.083534372629261000e+00
2.891752279988447327e+01 1.109867955901021830e+00
2.896752279988447043e+01 1.226003172751872317e+00
2.901752279988446759e+01 1.329948820783568575e+00
2.906752279988447185e+01 1.404577784313499222e+00
2.911752279988446901e+01 1.407663751103158667e+00
2.916752279988447327e+01 1.532285376625573070e+00
2.921752279988447043e+01 1.575746075579943506e+00
2.926752279988446759e+01 1.570397066477867032e+00
2.931752279988447185e+01 1.443563831422863819e+00
2.936752279988446901e+01 1.375878293169666478e+00
2.941752279988447327e+01 1.377061247105702435e+00
2.946752279988447043e+01 1.212527784437026135e+00
2.951752279988446759e+01 1.143402128348654401e+00
2.956752279988447185e+01 1.030970071645394892e+00
2.961752279988446901e+01 8.972448440934854830e-01
2.966752279988447327e+01 7.643425410188185998e-01
2.971752279988447043e+01 7.089494371444313714e-01
2.976752279988446759e+01 6.431669117448574058e-01
2.981752279988447185e+01 5.982660949553122443e-01
2.986752279988446901e+01 5.895225223846105589e-01
2.991752279988447327e+01 5.176194961855453691e-01
2.996752279988447043e+01 4.849596809949827669e-01
3.001752279988446759e+01 4.634093462471943203e-01
3.006752279988447185e+01 4.514769413271777498e-01
3.011752279988446901e+01 4.343498256445677552e-01
3.016752279988447327e+01 4.209773028893768476e-01
3.021752279988447043e+01 3.989126403433117529e-01
3.026752279988446759e+01 4.592432910811540259e-01
3.031752279988447185e+01 5.177223617452006987e-01
3.036752279988446901e+01 7.114182105761589492e-01
3.041752279988447327e+01 8.645335961230954380e-01
3.046752279988447043e+01 1.178633582530599577e+00
3.051752279988446759e+01 1.392799677732965646e+00
3.056752279988447185e+01 1.500242754792942224e+00
3.061752279988446901e+01 1.424173673427836739e+00
3.066752279988447327e+01 1.104364648459462472e+00
3.071752279988447043e+01 8.003454868981787484e-01
3.076752279988446759e+01 5.713153183256198808e-01
3.081752279988447185e+01 4.687069225694430186e-01
3.086752279988446901e+01 6.476415635898635781e-01
3.091752279988447327e+01 9.629245039334040079e-01
3.096752279988447043e+01 1.463879779454788421e+00
3.101752279988446759e+01 1.909750547780751262e+00
3.106752279988447185e+01 2.251109907496914531e+00
3.111752279988446901e+01 2.344048940645491630e+00
3.116752279988447327e+01 2.144849784372974355e+00
3.121752279988447043e+01 1.783843102762645794e+00
3.126752279988446759e+01 1.338949557253408473e+00
3.131752279988447185e+01 9.079428622976382091e-01
3.136752279988446901e+01 6.024835829011802035e-01
3.141752279988447327e+01 3.312785348699421317e-01
3.146752279988447043e+01 1.766715987080036132e-01
3.151752279988446759e+01 9.818517669099821599e-02
3.156752279988447185e+01 2.875092392366055544e-02
3.161752279988446901e+01 2.124173806882255836e-02
3.166752279988447327e+01 8.332110332080519544e-03
3.171752279988447043e+01 2.520206211555218751e-03
3.176752279988446759e+01 8.743572570701779473e-04
3.181752279988447185e+01 8.229244772425202935e-04
3.186752279988446901e+01 0.000000000000000000e+00
3.191752279988447327e+01 0.000000000000000000e+00
3.196752279988447043e+01 0.000000000000000000e+00
3.201752279988446759e+01 0.000000000000000000e+00
3.206752279988447185e+01 0.000000000000000000e+00
3.211752279988446901e+01 0.000000000000000000e+00
3.216752279988447327e+01 0.000000000000000000e+00
3.221752279988447043e+01 0.000000000000000000e+00
3.226752279988446759e+01 0.000000000000000000e+00
3.231752279988447185e+01 0.000000000000000000e+00
3.236752279988446901e+01 0.000000000000000000e+00
3.241752279988447327e+01 0.000000000000000000e+00
3.246752279988447043e+01 0.000000000000000000e+00
3.251752279988446759e+01 0.000000000000000000e+00
3.256752279988447185e+01 0.000000000000000000e+00
3.261752279988446901e+01 0.000000000000000000e+00
3.266752279988447327e+01 0.000000000000000000e+00
3.271752279988447043e+01 0.000000000000000000e+00
3.276752279988446759e+01 0.000000000000000000e+00
3.281752279988447185e+01 0.000000000000000000e+00
3.286752279988446901e+01 0.000000000000000000e+00
3.291752279988447327e+01 0.000000000000000000e+00
3.296752279988447043e+01 0.000000000000000000e+00
3.301752279988446759e+01 0.000000000000000000e+00
3.306752279988447185e+01 0.000000000000000000e+00
3.311752279988446901e+01 0.000000000000000000e+00
3.316752279988447327e+01 0.000000000000000000e+00
3.321752279988447043e+01 0.000000000000000000e+00
3.326752279988446759e+01 0.000000000000000000e+00
3.331752279988447185e+01 0.000000000000000000e+00
