-1.153234028077891793e+01 3.288341404677499330e-02
-1.148234028077891899e+01 4.964437751721856307e-02
-1.143234028077891828e+01 6.531986906767149603e-02
-1.138234028077891757e+01 8.441140460162435688e-02
-1.133234028077891864e+01 1.014277732297127893e-01
-1.128234028077891793e+01 1.114843513119789103e-01
-1.123234028077891899e+01 1.200404240930815214e-01
-1.118234028077891828e+01 1.182206623448619487e-01
-1.113234028077891757e+01 1.078448278155397511e-01
-1.108234028077891864e+01 9.079653354274572208e-02
-1.103234028077891793e+01 7.192847752173212039e-02
-1.098234028077891899e+01 5.181532135719982973e-02
-1.093234028077891828e+01 3.767226075261601720e-02
-1.088234028077891757e+01 2.509355673860693900e-02
-1.083234028077891864e+01 1.519660687986883370e-02
-1.078234028077891793e+01 8.875329228158689368e-03
-1.073234028077891899e+01 5.650839112892402406e-03
-1.068234028077891828e+01 2.681754155270970295e-03
-1.063234028077891757e+01 1.436654011752305825e-03
-1.058234028077891864e+01 7.023641835233495386e-04
-1.053234028077891793e+01 5.427359599953155821e-04
-1.048234028077891722e+01 1.915538682336407315e-04
-1.043234028077891828e+01 1.915538682336407315e-04
-1.038234028077891757e+01 0.000000000000000000e+00
-1.033234028077891864e+01 0.000000000000000000e+00
-1.028234028077891793e+01 3.192564470560678859e-05
-1.023234028077891722e+01 0.000000000000000000e+00
-1.018234028077891828e+01 0.000000000000000000e+00
-1.013234028077891757e+01 3.192564470560678859e-05
-1.008234028077891864e+01 0.000000000000000000e+00
-1.003234028077891793e+01 0.000000000000000000e+00
-9.982340280778917219e+00 0.000000000000000000e+00
-9.932340280778918284e+00 0.000000000000000000e+00
-9.882340280778917574e+00 0.000000000000000000e+00
-9.832340280778918640e+00 0.000000000000000000e+00
-9.782340280778917929e+00 0.000000000000000000e+00
-9.732340280778917219e+00 0.000000000000000000e+00
-9.682340280778918284e+00 0.000000000000000000e+00
-9.632340280778917574e+00 0.000000000000000000e+00
-9.582340280778918640e+00 0.000000000000000000e+00
-9.532340280778917929e+00 0.000000000000000000e+00
-9.482340280778917219e+00 0.000000000000000000e+00
-9.432340280778918284e+00 0.000000000000000000e+00
-9.382340280778919350e+00 0.000000000000000000e+00
-9.332340280778918640e+00 0.000000000000000000e+00
-9.282340280778917929e+00 0.000000000000000000e+00
-9.232340280778917219e+00 0.000000000000000000e+00
-9.182340280778918284e+00 0.000000000000000000e+00
-9.132340280778917574e+00 0.000000000000000000e+00
-9.082340280778918640e+00 0.000000000000000000e+00
-9.032340280778917929e+00 0.000000000000000000e+00
-8.982340280778917219e+00 0.000000000000000000e+00
-8.932340280778918284e+00 0.000000000000000000e+00
-8.882340280778917574e+00 0.000000000000000000e+00
-8.832340280778918640e+00 0.000000000000000000e+00
-8.782340280778917929e+00 0.000000000000000000e+00
-8.732340280778917219e+00 0.000000000000000000e+00
-8.682340280778918284e+00 0.000000000000000000e+00
-8.632340280778917574e+00 0.000000000000000000e+00
-8.582340280778918640e+00 0.000000000000000000e+00
-8.532340280778917929e+00 0.000000000000000000e+00
-8.482340280778917219e+00 0.000000000000000000e+00
-8.432340280778918284e+00 0.000000000000000000e+00
-8.382340280778917574e+00 0.000000000000000000e+00
-8.332340280778918640e+00 0.000000000000000000e+00
-8.282340280778917929e+00 0.000000000000000000e+00
-8.232340280778917219e+00 0.000000000000000000e+00
-8.182340280778918284e+00 0.000000000000000000e+00
-8.132340280778917574e+00 0.000000000000000000e+00
-8.082340280778918640e+00 0.000000000000000000e+00
-8.032340280778917929e+00 0.000000000000000000e+00
-7.982340280778918107e+00 0.000000000000000000e+00
-7.932340280778918284e+00 0.000000000000000000e+00
-7.882340280778917574e+00 0.000000000000000000e+00
-7.832340280778918640e+00 0.000000000000000000e+00
-7.782340280778917929e+00 0.000000000000000000e+00
-7.732340280778918107e+00 0.000000000000000000e+00
-7.682340280778918284e+00 0.000000000000000000e+00
-7.632340280778917574e+00 0.000000000000000000e+00
-7.582340280778918640e+00 0.000000000000000000e+00
-7.532340280778917929e+00 0.000000000000000000e+00
-7.482340280778918107e+00 0.000000000000000000e+00
-7.432340280778918284e+00 0.000000000000000000e+00
-7.382340280778917574e+00 0.000000000000000000e+00
-7.332340280778918640e+00 0.000000000000000000e+00
-7.282340280778917929e+00 0.000000000000000000e+00
-7.232340280778918107e+00 0.000000000000000000e+00
-7.182340280778918284e+00 0.000000000000000000e+00
-7.132340280778917574e+00 0.000000000000000000e+00
-7.082340280778918640e+00 0.000000000000000000e+00
-7.032340280778917929e+00 0.000000000000000000e+00
-6.982340280778918107e+00 0.000000000000000000e+00
-6.932340280778918284e+00 0.000000000000000000e+00
-6.882340280778917574e+00 0.000000000000000000e+00
-6.832340280778918640e+00 0.000000000000000000e+00
-6.782340280778917929e+00 0.000000000000000000e+00
-6.732340280778917219e+00 0.000000000000000000e+00
-6.682340280778918284e+00 0.000000000000000000e+00
-6.632340280778917574e+00 0.000000000000000000e+00
-6.582340280778918640e+00 0.000000000000000000e+00
-6.532340280778917929e+00 0.000000000000000000e+00
-6.482340280778917219e+00 0.000000000000000000e+00
-6.432340280778918284e+00 0.000000000000000000e+00
-6.382340280778917574e+00 0.000000000000000000e+00
-6.332340280778918640e+00 0.000000000000000000e+00
-6.282340280778917929e+00 0.000000000000000000e+00
-6.232340280778917219e+00 0.000000000000000000e+00
-6.182340280778918284e+00 0.000000000000000000e+00
-6.132340280778917574e+00 0.000000000000000000e+00
-6.082340280778918640e+00 0.000000000000000000e+00
-6.032340280778917929e+00 0.000000000000000000e+00
-5.982340280778917219e+00 0.000000000000000000e+00
-5.932340280778918284e+00 0.000000000000000000e+00
-5.882340280778917574e+00 0.000000000000000000e+00
-5.832340280778918640e+00 0.000000000000000000e+00
-5.782340280778917929e+00 0.000000000000000000e+00
-5.732340280778917219e+00 0.000000000000000000e+00
-5.682340280778918284e+00 0.000000000000000000e+00
-5.632340280778917574e+00 0.000000000000000000e+00
-5.582340280778918640e+00 0.000000000000000000e+00
-5.532340280778917929e+00 0.000000000000000000e+00
-5.482340280778917219e+00 0.000000000000000000e+00
-5.432340280778918284e+00 0.000000000000000000e+00
-5.382340280778917574e+00 0.000000000000000000e+00
-5.332340280778918640e+00 0.000000000000000000e+00
-5.282340280778917929e+00 0.000000000000000000e+00
-5.232340280778917219e+00 0.000000000000000000e+00
-5.182340280778918284e+00 0.000000000000000000e+00
-5.132340280778917574e+00 0.000000000000000000e+00
-5.082340280778918640e+00 0.000000000000000000e+00
-5.032340280778917929e+00 0.000000000000000000e+00
-4.982340280778917219e+00 0.000000000000000000e+00
-4.932340280778918284e+00 0.000000000000000000e+00
-4.882340280778917574e+00 0.000000000000000000e+00
-4.832340280778918640e+00 0.000000000000000000e+00
-4.782340280778917929e+00 0.000000000000000000e+00
-4.732340280778917219e+00 0.000000000000000000e+00
-4.682340280778918284e+00 0.000000000000000000e+00
-4.632340280778917574e+00 0.000000000000000000e+00
-4.582340280778918640e+00 0.000000000000000000e+00
-4.532340280778917929e+00 0.000000000000000000e+00
-4.482340280778917219e+00 0.000000000000000000e+00
-4.432340280778918284e+00 0.000000000000000000e+00
-4.382340280778917574e+00 0.000000000000000000e+00
-4.332340280778918640e+00 0.000000000000000000e+00
-4.282340280778917929e+00 0.000000000000000000e+00
-4.232340280778917219e+00 0.000000000000000000e+00
-4.182340280778918284e+00 0.000000000000000000e+00
-4.132340280778917574e+00 0.000000000000000000e+00
-4.082340280778918640e+00 0.000000000000000000e+00
-4.032340280778917929e+00 0.000000000000000000e+00
-3.982340280778917219e+00 0.000000000000000000e+00
-3.932340280778918284e+00 0.000000000000000000e+00
-3.882340280778917574e+00 0.000000000000000000e+00
-3.832340280778918640e+00 0.000000000000000000e+00
-3.782340280778917929e+00 0.000000000000000000e+00
-3.732340280778917219e+00 0.000000000000000000e+00
-3.682340280778918284e+00 0.000000000000000000e+00
-3.632340280778917574e+00 0.000000000000000000e+00
-3.582340280778918640e+00 0.000000000000000000e+00
-3.532340280778917929e+00 0.000000000000000000e+00
-3.482340280778918995e+00 0.000000000000000000e+00
-3.432340280778918284e+00 0.000000000000000000e+00
-3.382340280778917574e+00 0.000000000000000000e+00
-3.332340280778916863e+00 0.000000000000000000e+00
-3.282340280778917929e+00 0.000000000000000000e+00
-3.232340280778918995e+00 0.000000000000000000e+00
-3.182340280778918284e+00 0.000000000000000000e+00
-3.132340280778917574e+00 0.000000000000000000e+00
-3.082340280778916863e+00 0.000000000000000000e+00
-3.032340280778917929e+00 0.000000000000000000e+00
-2.982340280778918995e+00 0.000000000000000000e+00
-2.932340280778918284e+00 0.000000000000000000e+00
-2.882340280778917574e+00 0.000000000000000000e+00
-2.832340280778916863e+00 0.000000000000000000e+00
-2.782340280778917929e+00 0.000000000000000000e+00
-2.732340280778918995e+00 0.000000000000000000e+00
-2.682340280778918284e+00 0.000000000000000000e+00
-2.632340280778917574e+00 0.000000000000000000e+00
-2.582340280778916863e+00 0.000000000000000000e+00
-2.532340280778917929e+00 0.000000000000000000e+00
-2.482340280778918995e+00 0.000000000000000000e+00
-2.432340280778918284e+00 0.000000000000000000e+00
-2.382340280778917574e+00 0.000000000000000000e+00
-2.332340280778916863e+00 0.000000000000000000e+00
-2.282340280778917929e+00 0.000000000000000000e+00
-2.232340280778918995e+00 0.000000000000000000e+00
-2.182340280778918284e+00 0.000000000000000000e+00
-2.132340280778917574e+00 0.000000000000000000e+00
-2.082340280778916863e+00 0.000000000000000000e+00
-2.032340280778917929e+00 0.000000000000000000e+00
-1.982340280778917219e+00 0.000000000000000000e+00
-1.932340280778918284e+00 0.000000000000000000e+00
-1.882340280778917574e+00 0.000000000000000000e+00
-1.832340280778916863e+00 0.000000000000000000e+00
-1.782340280778917929e+00 0.000000000000000000e+00
-1.732340280778917219e+00 0.000000000000000000e+00
-1.682340280778918284e+00 0.000000000000000000e+00
-1.632340280778917574e+00 0.000000000000000000e+00
-1.582340280778916863e+00 0.000000000000000000e+00
-1.532340280778917929e+00 0.000000000000000000e+00
-1.482340280778917219e+00 0.000000000000000000e+00
-1.432340280778918284e+00 0.000000000000000000e+00
-1.382340280778917574e+00 0.000000000000000000e+00
-1.332340280778916863e+00 0.000000000000000000e+00
-1.282340280778917929e+00 0.000000000000000000e+00
-1.232340280778917219e+00 0.000000000000000000e+00
-1.182340280778918284e+00 0.000000000000000000e+00
-1.132340280778917574e+00 0.000000000000000000e+00
-1.082340280778916863e+00 0.000000000000000000e+00
-1.032340280778917929e+00 0.000000000000000000e+00
-9.823402807789172186e-01 0.000000000000000000e+00
-9.323402807789182845e-01 0.000000000000000000e+00
-8.823402807789175739e-01 0.000000000000000000e+00
-8.323402807789168634e-01 0.000000000000000000e+00
-7.823402807789179292e-01 0.000000000000000000e+00
-7.323402807789172186e-01 0.000000000000000000e+00
-6.823402807789182845e-01 0.000000000000000000e+00
-6.323402807789175739e-01 0.000000000000000000e+00
-5.823402807789168634e-01 0.000000000000000000e+00
-5.323402807789179292e-01 0.000000000000000000e+00
-4.823402807789172186e-01 0.000000000000000000e+00
-4.323402807789182845e-01 0.000000000000000000e+00
-3.823402807789175739e-01 0.000000000000000000e+00
-3.323402807789168634e-01 0.000000000000000000e+00
-2.823402807789179292e-01 0.000000000000000000e+00
-2.323402807789172186e-01 0.000000000000000000e+00
-1.823402807789182845e-01 0.000000000000000000e+00
-1.323402807789175739e-01 1.277025788224271543e-04
-8.234028077891686337e-02 2.554051576448543087e-04
-3.234028077891792918e-02 6.065872494065290780e-04
1.765971922108278136e-02 1.053546275285024200e-03
6.765971922108171555e-02 2.107092550570048399e-03
1.176597192210824261e-01 5.267731376425121431e-03
1.676597192210831366e-01 8.811477938747473704e-03
2.176597192210820708e-01 1.382380415752773942e-02
2.676597192210827814e-01 2.480622593625647632e-02
3.176597192210817155e-01 4.086482522317669980e-02
3.676597192210824261e-01 5.666801935245206062e-02
4.176597192210831366e-01 8.195312995929263100e-02
4.676597192210820708e-01 9.714973683916147684e-02
5.176597192210827814e-01 1.147726927166564104e-01
5.676597192210817155e-01 1.270640659283150398e-01
6.176597192210824261e-01 1.314378792529831697e-01
6.676597192210831366e-01 1.280856865588944904e-01
7.176597192210820708e-01 1.098561434319929864e-01
7.676597192210827814e-01 9.619196749799327484e-02
8.176597192210817155e-01 7.512104199229278911e-02
8.676597192210824261e-01 5.440129857835397653e-02
9.176597192210831366e-01 3.917276605377954107e-02
9.676597192210820708e-01 2.659406203977045940e-02
1.017659719221082781e+00 1.692059169397160112e-02
1.067659719221081716e+00 1.104627306813994909e-02
1.117659719221082426e+00 5.682764757598009371e-03
1.167659719221083137e+00 3.703374785850387964e-03
1.217659719221082071e+00 2.362497708214902382e-03
1.267659719221082781e+00 1.628207879985946530e-03
1.317659719221081716e+00 2.107092550570048399e-03
1.367659719221082426e+00 2.681754155270970295e-03
1.417659719221083137e+00 5.427359599953156255e-03
1.467659719221082071e+00 1.216367063283618939e-02
1.517659719221082781e+00 1.982582536218181757e-02
1.567659719221081716e+00 4.345080244433085354e-02
1.617659719221082426e+00 8.709315875689532804e-02
1.667659719221083137e+00 1.740266892902626039e-01
1.717659719221082071e+00 3.565775257169222501e-01
1.767659719221082781e+00 6.870717997093638285e-01
1.817659719221081716e+00 1.133296535759629853e+00
1.867659719221082426e+00 1.878632637056726118e+00
1.917659719221083137e+00 2.747999868035104321e+00
1.967659719221082071e+00 3.776739917383872047e+00
2.017659719221082781e+00 4.607189787466116293e+00
2.067659719221081716e+00 5.105740655188871990e+00
2.117659719221082426e+00 5.198931612084538578e+00
2.167659719221083137e+00 4.697347808114750833e+00
2.217659719221082071e+00 3.986810659546765834e+00
2.267659719221082781e+00 2.977034443153127707e+00
2.317659719221081716e+00 2.081775514318502385e+00
2.367659719221082426e+00 1.391926183519750504e+00
2.417659719221083137e+00 8.466680975926922370e-01
2.467659719221082071e+00 5.466308886493994601e-01
2.517659719221082781e+00 3.560986410463381491e-01
2.567659719221081716e+00 2.843936430375453295e-01
2.617659719221082426e+00 2.760610497693819498e-01
2.667659719221083137e+00 2.860218509175312396e-01
2.717659719221082071e+00 2.957910981974469777e-01
2.767659719221082781e+00 3.041875427550215227e-01
2.817659719221081716e+00 3.046983530703112897e-01
2.867659719221082426e+00 3.019527476256290144e-01
2.917659719221083137e+00 3.048260556491336759e-01
2.967659719221082071e+00 3.307177535053807405e-01
3.017659719221082781e+00 3.433603088088010291e-01
3.067659719221081716e+00 3.731469353191321781e-01
3.117659719221082426e+00 4.874088177204989325e-01
3.167659719221083137e+00 6.088858958253328124e-01
3.217659719221082071e+00 7.644276368310489733e-01
3.267659719221082781e+00 9.986341663913804734e-01
3.317659719221081716e+00 1.232042554834071657e+00
3.367659719221082426e+00 1.486841125229519278e+00
3.417659719221083137e+00 1.817431176156077965e+00
3.467659719221082071e+00 2.005185892669751446e+00
3.517659719221082781e+00 2.133973943412169838e+00
3.567659719221081716e+00 2.149553658028505509e+00
3.617659719221082426e+00 2.164750264908374078e+00
3.667659719221083137e+00 2.059651042537516741e+00
3.717659719221082071e+00 1.916783782479926090e+00
3.767659719221082781e+00 1.723474003787477171e+00
3.817659719221081716e+00 1.604870233706147786e+00
3.867659719221082426e+00 1.372419614604625027e+00
3.917659719221083137e+00 1.265979515156131718e+00
3.967659719221082071e+00 1.130263599512597361e+00
4.017659719221082781e+00 9.896630602291049961e-01
4.067659719221081716e+00 1.007828752066595390e+00
4.117659719221082426e+00 9.180219135097232863e-01
4.167659719221083137e+00 9.212464036249896626e-01
4.217659719221082071e+00 9.106790152274337746e-01
4.267659719221082781e+00 8.817543811241539409e-01
4.317659719221081716e+00 9.306963944578493519e-01
4.367659719221082426e+00 9.679855474739980092e-01
4.417659719221083137e+00 9.061136480345320932e-01
4.467659719221080294e+00 9.701884169586848516e-01
4.517659719221084558e+00 9.654634215422550625e-01
4.567659719221081716e+00 9.550237357235216162e-01
4.617659719221082426e+00 9.616004185328765885e-01
4.667659719221083137e+00 9.278230864343446349e-01
4.717659719221080294e+00 9.336654794154707337e-01
4.767659719221084558e+00 8.764866497477287188e-01
4.817659719221081716e+00 8.428689458727249839e-01
4.867659719221082426e+00 8.368349990233652225e-01
4.917659719221083137e+00 7.563185230758249222e-01
4.967659719221080294e+00 7.506996096076380409e-01
5.017659719221084558e+00 7.043116478503914646e-01
5.067659719221081716e+00 7.188058905467370474e-01
5.117659719221082426e+00 6.241144283499071577e-01
5.167659719221083137e+00 6.486013978391075296e-01
5.217659719221080294e+00 6.322873933945425406e-01
5.267659719221084558e+00 6.425355253450422133e-01
5.317659719221081716e+00 6.804951169000086342e-01
5.367659719221082426e+00 6.710451260671491669e-01
5.417659719221083137e+00 6.680760411095277851e-01
5.467659719221080294e+00 7.569251103252314650e-01
5.517659719221084558e+00 8.100493831153611213e-01
5.567659719221081716e+00 8.226600127740758550e-01
5.617659719221082426e+00 8.598533888561077365e-01
5.667659719221083137e+00 8.882033613546866935e-01
5.717659719221080294e+00 9.088592534792140354e-01
5.767659719221084558e+00 9.969421072219832869e-01
5.817659719221081716e+00 1.034805921842832932e+00
5.867659719221082426e+00 1.045532938463916928e+00
5.917659719221083137e+00 1.105265819708107111e+00
5.967659719221080294e+00 1.177162371585133815e+00
6.017659719221084558e+00 1.230542049532908244e+00
6.067659719221081716e+00 1.213621457838936379e+00
6.117659719221082426e+00 1.222784117869445630e+00
6.167659719221083137e+00 1.259945568306771957e+00
6.217659719221080294e+00 1.266043366445542828e+00
6.267659719221084558e+00 1.245387474321015375e+00
6.317659719221081716e+00 1.252794223892716108e+00
6.367659719221082426e+00 1.291136923184149854e+00
6.417659719221083137e+00 1.224444251394137151e+00
6.467659719221080294e+00 1.260775635069117939e+00
6.517659719221084558e+00 1.201330084627278083e+00
6.567659719221081716e+00 1.201617415429628188e+00
6.617659719221082426e+00 1.181025374594511845e+00
6.667659719221083137e+00 1.145109024300704492e+00
6.717659719221080294e+00 1.126815629884391656e+00
6.767659719221084558e+00 1.118961921286812489e+00
6.817659719221081716e+00 1.120334724009153682e+00
6.867659719221082426e+00 1.045181756372155046e+00
6.917659719221083137e+00 1.065550317694332394e+00
6.967659719221080294e+00 1.089973435894121767e+00
7.017659719221084558e+00 1.012681450061847510e+00
7.067659719221081716e+00 9.989214971937309118e-01
7.117659719221082426e+00 9.909720116620348573e-01
7.167659719221083137e+00 9.685282834339932201e-01
7.217659719221080294e+00 9.798938129491894244e-01
7.267659719221084558e+00 9.223957268343914162e-01
7.317659719221081716e+00 9.366345643730921156e-01
7.367659719221082426e+00 8.712827696607149397e-01
7.417659719221083137e+00 9.230980910179147347e-01
7.467659719221080294e+00 9.075183764015787302e-01
7.517659719221084558e+00 9.079972610721627202e-01
7.567659719221081716e+00 9.120518179497748568e-01
7.617659719221085979e+00 9.086996252556861497e-01
7.667659719221083137e+00 9.465953655212415718e-01
7.717659719221080294e+00 9.184688725356018324e-01
7.767659719221084558e+00 9.149570516179850177e-01
7.817659719221081716e+00 9.190435341403027092e-01
7.867659719221085979e+00 9.560772819988065940e-01
7.917659719221083137e+00 9.455418192459563720e-01
7.967659719221080294e+00 9.253967374367184640e-01
8.017659719221084558e+00 9.489259375847507449e-01
8.067659719221081716e+00 9.751049662433484144e-01
8.117659719221085979e+00 9.410722289871713553e-01
8.167659719221083137e+00 9.673789602245914665e-01
8.217659719221080294e+00 9.857681315750209672e-01
8.267659719221084558e+00 9.948988659608244411e-01
8.317659719221081716e+00 9.766373971892173822e-01
8.367659719221085979e+00 1.014533137454772582e+00
8.417659719221083137e+00 9.639948418857970935e-01
8.467659719221080294e+00 1.030879067544043348e+00
8.517659719221084558e+00 1.025419782299384686e+00
8.567659719221081716e+00 9.791914487656659949e-01
8.617659719221085979e+00 9.769885792809790415e-01
8.667659719221083137e+00 9.945157582243571159e-01
8.717659719221080294e+00 1.021269448487655884e+00
8.767659719221084558e+00 9.968463302878665111e-01
8.817659719221081716e+00 1.003710343899572033e+00
8.867659719221085979e+00 9.758711817162828428e-01
8.917659719221083137e+00 9.816816490527031647e-01
8.967659719221080294e+00 9.825117158150489249e-01
9.017659719221084558e+00 9.332185203895920766e-01
9.067659719221081716e+00 9.455737448906620379e-01
9.117659719221085979e+00 9.467230681000637915e-01
9.167659719221083137e+00 9.455737448906620379e-01
9.217659719221080294e+00 9.851615443256145355e-01
9.267659719221084558e+00 9.532997509094187638e-01
9.317659719221081716e+00 1.005689733871319547e+00
9.367659719221085979e+00 9.566200179588019159e-01
9.417659719221083137e+00 9.487982350059283032e-01
9.467659719221080294e+00 9.442647934577320656e-01
9.517659719221084558e+00 9.682409526316427817e-01
9.567659719221081716e+00 9.649526112269655176e-01
9.617659719221085979e+00 9.208952215332278923e-01
9.667659719221083137e+00 9.694541271304558672e-01
9.717659719221080294e+00 9.424131060648068825e-01
9.767659719221084558e+00 9.419022957495172266e-01
9.817659719221081716e+00 9.989853484831422437e-01
9.867659719221085979e+00 1.000581630718422543e+00
9.917659719221083137e+00 1.000326225560777660e+00
9.967659719221080294e+00 1.005370477424263553e+00
1.001765971922108456e+01 9.933025837255440305e-01
1.006765971922108172e+01 1.029059305795823498e+00
1.011765971922108598e+01 1.005721659516025213e+00
1.016765971922108314e+01 1.021109820264127555e+00
1.021765971922108029e+01 1.016257122268875657e+00
1.026765971922108456e+01 9.977402483396236033e-01
1.031765971922108172e+01 1.053003539325028992e+00
1.036765971922108598e+01 1.048980908092122633e+00
1.041765971922108314e+01 1.018587694332384830e+00
1.046765971922108029e+01 1.023121135880580734e+00
1.051765971922108456e+01 1.030687513675810019e+00
1.056765971922108172e+01 1.022418771697057638e+00
1.061765971922108598e+01 1.044128210096870291e+00
1.066765971922108314e+01 1.010797837024216772e+00
1.071765971922108029e+01 1.061623463395542810e+00
1.076765971922108456e+01 1.011532126852445534e+00
1.081765971922108172e+01 1.019832794475903581e+00
1.086765971922108598e+01 9.994961587984318996e-01
1.091765971922108314e+01 9.793830026338996575e-01
1.096765971922108029e+01 9.578970437470262222e-01
1.101765971922108456e+01 9.838525928926845632e-01
1.106765971922108172e+01 1.033912003791075840e+00
1.111765971922108598e+01 9.943561300008292303e-01
1.116765971922108314e+01 9.484789785588721989e-01
1.121765971922108029e+01 9.762862150974556119e-01
1.126765971922108456e+01 1.006455949344254197e+00
1.131765971922108172e+01 1.003614566965455257e+00
1.136765971922108598e+01 9.951861967631748795e-01
1.141765971922108314e+01 9.952500480525862114e-01
1.146765971922108029e+01 9.758073304268716219e-01
1.151765971922108456e+01 9.750091893092315276e-01
1.156765971922108172e+01 9.452225627989002676e-01
1.161765971922108598e+01 9.834375595115116830e-01
1.166765971922108314e+01 9.910358629514460782e-01
1.171765971922108029e+01 9.510330301353208116e-01
1.176765971922108456e+01 9.709865580763250570e-01
1.181765971922108172e+01 9.130734385803541686e-01
1.186765971922108598e+01 9.327396357190080867e-01
1.191765971922108314e+01 9.546725536317600680e-01
1.196765971922108029e+01 9.315264612201950012e-01
1.201765971922108456e+01 9.261948785543585583e-01
1.206765971922108172e+01 9.705076734057407339e-01
1.211765971922108598e+01 9.584717053517270990e-01
1.216765971922108314e+01 9.668681499093018106e-01
1.221765971922108029e+01 9.137438771191719322e-01
1.226765971922108456e+01 9.555983973282224930e-01
1.231765971922108172e+01 9.814581695397640582e-01
1.236765971922108598e+01 9.672831832904744687e-01
1.241765971922108314e+01 9.605149466128859448e-01
1.246765971922108029e+01 9.778186460433249128e-01
1.251765971922108456e+01 9.787444897397874488e-01
1.256765971922108172e+01 9.526612380153066661e-01
1.261765971922108598e+01 9.747537841515865331e-01
1.266765971922108314e+01 9.685602090786987750e-01
1.271765971922108029e+01 9.624304852952223488e-01
1.276765971922108456e+01 9.726147659563110226e-01
1.281765971922108172e+01 9.664850421728344854e-01
1.286765971922108598e+01 1.042563853506295546e+00
1.291765971922108314e+01 1.002337541177230840e+00
1.296765971922108029e+01 1.021429076711183770e+00
1.301765971922108456e+01 1.011627903786562310e+00
1.306765971922108172e+01 9.839164441820957840e-01
1.311765971922108598e+01 1.014469286165361472e+00
1.316765971922108314e+01 1.008914223986585812e+00
1.321765971922108029e+01 1.002050210374880512e+00
1.326765971922108456e+01 9.957927840125814223e-01
1.331765971922108172e+01 9.783294563586144577e-01
1.336765971922108598e+01 9.957289327231700904e-01
1.341765971922108314e+01 9.684963577892877762e-01
1.346765971922108029e+01 9.585036309964327650e-01
1.351765971922108456e+01 1.027335320981720868e+00
1.356765971922108172e+01 9.745303046386473156e-01
1.361765971922108598e+01 9.915466732667357341e-01
1.366765971922108314e+01 1.006040915963081428e+00
1.371765971922108029e+01 1.000996664099595534e+00
1.376765971922108456e+01 9.986341663913804734e-01
1.381765971922108172e+01 9.956650814337590916e-01
1.386765971922108598e+01 9.666765960410681480e-01
1.391765971922108314e+01 9.820647567891704899e-01
1.396765971922108029e+01 9.847784365891470992e-01
1.401765971922108456e+01 9.941645761325956787e-01
1.406765971922108172e+01 9.888329934667592358e-01
1.411765971922108598e+01 9.814900951844696131e-01
1.416765971922108314e+01 1.011053242181861433e+00
1.421765971922108029e+01 9.574181590764420102e-01
1.426765971922108456e+01 9.548641074999936196e-01
1.431765971922108172e+01 1.014022327139483037e+00
1.436765971922108598e+01 9.893118781373433368e-01
1.441765971922108314e+01 1.004508485017212127e+00
1.446765971922108029e+01 1.010287026708927227e+00
1.451765971922108456e+01 1.009935844617165124e+00
1.456765971922108172e+01 9.638990649516803177e-01
1.461765971922108598e+01 9.892161012032264500e-01
1.466765971922108314e+01 1.048214692619187760e+00
1.471765971922108029e+01 9.913551193985021825e-01
1.476765971922108456e+01 9.443605703918489525e-01
1.481765971922108172e+01 1.013703070692426822e+00
1.486765971922108598e+01 1.009393108657169913e+00
1.491765971922108314e+01 9.748814867304090859e-01
1.496765971922108029e+01 9.475531348624097738e-01
1.501765971922108456e+01 1.003071831005459824e+00
1.506765971922108172e+01 9.618238980458159171e-01
1.511765971922108598e+01 9.967186277090440694e-01
1.516765971922108314e+01 9.618558236905214720e-01
1.521765971922108029e+01 9.873005625208899350e-01
1.526765971922108456e+01 9.902057961891003179e-01
1.531765971922108172e+01 9.830544517750444689e-01
1.536765971922108598e+01 1.027590726139365973e+00
1.541765971922108314e+01 9.794468539233107673e-01
1.546765971922108029e+01 9.907485321490955288e-01
1.551765971922108456e+01 9.680813244081147850e-01
1.556765971922108172e+01 9.840441467609183368e-01
1.561765971922108598e+01 9.676343653822362390e-01
1.566765971922108314e+01 9.795745565021332091e-01
1.571765971922108029e+01 9.568115718270355785e-01
1.576765971922108456e+01 9.695499040645726430e-01
1.581765971922108172e+01 9.610576825728813777e-01
1.586765971922108598e+01 9.990811254172589084e-01
1.591765971922108314e+01 9.459568526271291411e-01
1.596765971922108029e+01 9.812346900268248406e-01
1.601765971922108633e+01 9.627178160975728982e-01
1.606765971922108349e+01 9.543213715399982977e-01
1.611765971922108776e+01 9.592059951799559725e-01
1.616765971922108491e+01 9.657188266998999460e-01
1.621765971922108207e+01 9.532358996200075429e-01
1.626765971922108633e+01 9.860554623773715166e-01
1.631765971922108349e+01 9.874282650997124877e-01
1.636765971922108776e+01 1.003518790031338259e+00
1.641765971922108491e+01 1.019449686739436256e+00
1.646765971922108207e+01 1.004540410661917793e+00
1.651765971922108633e+01 1.018906950779440823e+00
1.656765971922108349e+01 9.565561666693906950e-01
1.661765971922108776e+01 1.030623662386398687e+00
1.666765971922108491e+01 9.900780936102779872e-01
1.671765971922108207e+01 9.923128887396703846e-01
1.676765971922108633e+01 9.712738888786754954e-01
1.681765971922108349e+01 9.999750434690160006e-01
1.686765971922108776e+01 9.662615626598952678e-01
1.691765971922108491e+01 9.935579888831890250e-01
1.696765971922108207e+01 9.750411149539371936e-01
1.701765971922108633e+01 1.031868762529916994e+00
1.706765971922108349e+01 9.970059585113945078e-01
1.711765971922108776e+01 1.001156292323123420e+00
1.716765971922108491e+01 9.755838509139324044e-01
1.721765971922108207e+01 1.021652556224122987e+00
1.726765971922108633e+01 9.616961954669934753e-01
1.731765971922108349e+01 9.984106868784412558e-01
1.736765971922108776e+01 1.012681450061847510e+00
1.741765971922108491e+01 1.024302384734688376e+00
1.746765971922108207e+01 9.963674456172824101e-01
1.751765971922108633e+01 1.021748333158239763e+00
1.756765971922108349e+01 9.967505533537496243e-01
1.761765971922108776e+01 9.858000572197266331e-01
1.766765971922108491e+01 9.782656050692034588e-01
1.771765971922108207e+01 9.924725169631984922e-01
1.776765971922108633e+01 9.774036126621519216e-01
1.781765971922108349e+01 9.580885976152597738e-01
1.786765971922108776e+01 9.887372165326423490e-01
1.791765971922108491e+01 9.411360802765826872e-01
1.796765971922108207e+01 9.491494170976899625e-01
1.801765971922108633e+01 9.497560043470965052e-01
1.806765971922108349e+01 9.562049845776289247e-01
1.811765971922108776e+01 9.418065188154003398e-01
1.816765971922108491e+01 9.474573579282928870e-01
1.821765971922108207e+01 9.632924777022737750e-01
1.826765971922108633e+01 9.641544701093252012e-01
1.831765971922108349e+01 9.513842122270823598e-01
1.836765971922108776e+01 9.342720666648772765e-01
1.841765971922108491e+01 9.411360802765826872e-01
1.846765971922108207e+01 9.889926216902872325e-01
1.851765971922108633e+01 9.588228874434888693e-01
1.856765971922108349e+01 9.911954911749741859e-01
1.861765971922108776e+01 9.961758917490488585e-01
1.866765971922108491e+01 9.402740878695313720e-01
1.871765971922108207e+01 9.669639268434184753e-01
1.876765971922108633e+01 9.416468905918723431e-01
1.881765971922108349e+01 9.890883986244041193e-01
1.886765971922108776e+01 9.477127630859377705e-01
1.891765971922108491e+01 9.786806384503761169e-01
1.896765971922108207e+01 9.885137370197030204e-01
1.901765971922108633e+01 1.014628914388889358e+00
1.906765971922108349e+01 9.666446703963624820e-01
1.911765971922108776e+01 1.005210849200735446e+00
1.916765971922108491e+01 9.880348523491190305e-01
1.921765971922108207e+01 9.636436597940355453e-01
1.926765971922108633e+01 9.700607143798622989e-01
1.931765971922108349e+01 9.853530981938480870e-01
1.936765971922108776e+01 9.747218585068810892e-01
1.941765971922108491e+01 9.480000938882880979e-01
1.946765971922108207e+01 9.468826963235918992e-01
1.951765971922108633e+01 9.408168238295266939e-01
1.956765971922108349e+01 9.744026020598248738e-01
1.961765971922108776e+01 1.004444633727801017e+00
1.966765971922108491e+01 9.773716870174463667e-01
1.971765971922108207e+01 9.700287887351568550e-01
1.976765971922108633e+01 9.331865947448864107e-01
1.981765971922108349e+01 9.753922970456987418e-01
1.986765971922108776e+01 1.026632956798197771e+00
1.991765971922108491e+01 9.870770830079509395e-01
1.996765971922108207e+01 1.020088199633548243e+00
2.001765971922108633e+01 9.688156142363437695e-01
2.006765971922108349e+01 1.036561832301641450e+00
2.011765971922108776e+01 1.035093252645183481e+00
2.016765971922108491e+01 1.023919276998221051e+00
2.021765971922108207e+01 1.040967571271015135e+00
2.026765971922108633e+01 1.070403015689584514e+00
2.031765971922108349e+01 9.996557870219597852e-01
2.036765971922108776e+01 1.060186809383790507e+00
2.041765971922108491e+01 9.698691605116287473e-01
2.046765971922108918e+01 1.023312689748814508e+00
2.051765971922108633e+01 9.910358629514460782e-01
2.056765971922108349e+01 1.002465243756053281e+00
2.061765971922108065e+01 1.035731765539295690e+00
2.066765971922108491e+01 1.018396140464151056e+00
2.071765971922108918e+01 1.033688524278136844e+00
2.076765971922108633e+01 1.002177912953702954e+00
2.081765971922108349e+01 1.000453928139600102e+00
2.086765971922108065e+01 1.048853205513300191e+00
2.091765971922108491e+01 1.036881088748697444e+00
2.096765971922108918e+01 1.005210849200735446e+00
2.101765971922108633e+01 1.035699839894590024e+00
2.106765971922108349e+01 1.036178724565174125e+00
2.111765971922108065e+01 9.625901135187503455e-01
2.116765971922108491e+01 9.761265868739277263e-01
2.121765971922108918e+01 1.011595978141856866e+00
2.126765971922108633e+01 9.707311529186801735e-01
2.131765971922108349e+01 9.872047855867732702e-01
2.136765971922108065e+01 9.721997325751380314e-01
2.141765971922108491e+01 9.813623926056471714e-01
2.146765971922108918e+01 9.884818113749975765e-01
2.151765971922108633e+01 9.509053275564983698e-01
2.156765971922108349e+01 9.904931269914507563e-01
2.161765971922108065e+01 9.827351953279882535e-01
2.166765971922108491e+01 9.275676812766997514e-01
2.171765971922108918e+01 9.901738705443946520e-01
2.176765971922108633e+01 9.930152529231938141e-01
2.181765971922108349e+01 9.567477205376244687e-01
2.186765971922108065e+01 9.339528102178209501e-01
2.191765971922108491e+01 9.495325248341572877e-01
2.196765971922108918e+01 9.686240603681101069e-01
2.201765971922108633e+01 9.488620862953395241e-01
2.206765971922108349e+01 9.835652620903340138e-01
2.211765971922108065e+01 9.472338784153534474e-01
2.216765971922108491e+01 9.729659480480725708e-01
2.221765971922108918e+01 9.586951848646664276e-01
2.226765971922108633e+01 9.568754231164467994e-01
2.231765971922108349e+01 9.822563106574042635e-01
2.236765971922108065e+01 9.561092076435122600e-01
2.241765971922108491e+01 9.335377768366482920e-01
2.246765971922108918e+01 9.536509330011805341e-01
2.251765971922108633e+01 1.033177713962847077e+00
2.256765971922108349e+01 1.000198522981955218e+00
2.261765971922108065e+01 1.020088199633548243e+00
2.266765971922108491e+01 9.875559676785349295e-01
2.271765971922108918e+01 1.010893613958333326e+00
2.276765971922108633e+01 1.013256111666548609e+00
2.281765971922108349e+01 9.847784365891470992e-01
2.286765971922108065e+01 1.032794606226379752e+00
2.291765971922108491e+01 1.003231459228987932e+00
2.296765971922108918e+01 1.035284806513417033e+00
2.301765971922108633e+01 1.046139525713323248e+00
2.306765971922108349e+01 1.027590726139365973e+00
2.311765971922108065e+01 1.040392909666314258e+00
2.316765971922108491e+01 1.015075873414768015e+00
2.321765971922108918e+01 1.028548495480534175e+00
2.326765971922108633e+01 1.012968780864197837e+00
2.331765971922108349e+01 9.778505716880304677e-01
2.336765971922108065e+01 1.021780258802945429e+00
2.341765971922108491e+01 1.042627704795706878e+00
2.346765971922108918e+01 9.967505533537496243e-01
2.351765971922108633e+01 1.039339363391029059e+00
2.356765971922108349e+01 1.018875025134735157e+00
2.361765971922108065e+01 9.937495427514225765e-01
2.366765971922108491e+01 9.932068067914273657e-01
2.371765971922108918e+01 9.595571772717177428e-01
2.376765971922108633e+01 9.846188083656192136e-01
2.381765971922108349e+01 9.991449767066702403e-01
2.386765971922108065e+01 9.591421438905449737e-01
2.391765971922108491e+01 9.728701711139557951e-01
2.396765971922108918e+01 9.859596854432546298e-01
2.401765971922108633e+01 9.937495427514225765e-01
2.406765971922108349e+01 9.558538024858673765e-01
2.411765971922108065e+01 9.796384077915443189e-01
2.416765971922108491e+01 9.782336794244977929e-01
2.421765971922108918e+01 9.622708570716943521e-01
2.426765971922108633e+01 9.980595047866797076e-01
2.431765971922108349e+01 9.613130877305260391e-01
2.436765971922108065e+01 9.649845368716709615e-01
2.441765971922108491e+01 9.477127630859377705e-01
2.446765971922108918e+01 9.496921530576852843e-01
2.451765971922108633e+01 9.746580072174697573e-01
2.456765971922108349e+01 9.480320195329937638e-01
2.461765971922108065e+01 9.735086840080677817e-01
2.466765971922108491e+01 9.689433168151661002e-01
2.471765971922108918e+01 9.435305036295031922e-01
2.476765971922108633e+01 9.506818480435591523e-01
2.481765971922108349e+01 9.902377218338059839e-01
2.486765971922108065e+01 9.679216961845868994e-01
2.491765971922108491e+01 9.826713440385770326e-01
2.496765971922108918e+01 9.946115351584740027e-01
2.501765971922108633e+01 9.773397613727408118e-01
2.506765971922108349e+01 1.011787532010090640e+00
2.511765971922108065e+01 9.779782742668529094e-01
2.516765971922108491e+01 9.345274718225220489e-01
2.521765971922108918e+01 1.010478580577160779e+00
2.526765971922108633e+01 9.788402666739043356e-01
2.531765971922108349e+01 9.754242226904042967e-01
2.536765971922108065e+01 9.808835079350631814e-01
2.541765971922108491e+01 9.660061575022503844e-01
2.546765971922108918e+01 1.005849362094847432e+00
2.551765971922108633e+01 9.577693411682037805e-01
2.556765971922108349e+01 9.707950042080915054e-01
2.561765971922108065e+01 9.854169494832591969e-01
2.566765971922108491e+01 9.971975123796281704e-01
2.571765971922108918e+01 1.033369267831080851e+00
2.576765971922108633e+01 9.701884169586848516e-01
2.581765971922108349e+01 9.851934699703200904e-01
2.586765971922108065e+01 9.692944989069278705e-01
2.591765971922108491e+01 1.029091231440529386e+00
2.596765971922108918e+01 9.947711633820019994e-01
2.601765971922108633e+01 1.010382803643043781e+00
2.606765971922108349e+01 9.853530981938480870e-01
2.611765971922108065e+01 9.839164441820957840e-01
2.616765971922108491e+01 9.716889222598483755e-01
2.621765971922108918e+01 9.962716686831656343e-01
2.626765971922108633e+01 1.017374519833571744e+00
2.631765971922108349e+01 9.748176354409978650e-01
2.636765971922108065e+01 1.042436150927473104e+00
2.641765971922108491e+01 1.006455949344254197e+00
2.646765971922108918e+01 1.018108809661800507e+00
2.651765971922108633e+01 9.368899695307369990e-01
2.656765971922108349e+01 9.997515639560766720e-01
2.661765971922108065e+01 9.953777506314086532e-01
2.666765971922108491e+01 9.795107052127218772e-01
2.671765971922108918e+01 1.004285005504273132e+00
2.676765971922108633e+01 9.997834896007823380e-01
2.681765971922108349e+01 9.495005991894516217e-01
2.686765971922108776e+01 1.002656797624286833e+00
2.691765971922108491e+01 9.996557870219597852e-01
2.696765971922108918e+01 9.778824973327361336e-01
2.701765971922108633e+01 9.882902575067638029e-01
2.706765971922108349e+01 9.992088279960814612e-01
2.711765971922108776e+01 1.022610325565291411e+00
2.716765971922108491e+01 1.015746311953585668e+00
2.721765971922108918e+01 1.028452718546417177e+00
2.726765971922108633e+01 1.006136692897198204e+00
2.731765971922108349e+01 9.926002195420208229e-01
2.736765971922108776e+01 9.938453196855394634e-01
2.741765971922108491e+01 1.020950192040599669e+00
2.746765971922108918e+01 9.739875686786519937e-01
2.751765971922108633e+01 9.910039373067405233e-01
2.756765971922108349e+01 1.028037685165244408e+00
2.761765971922108776e+01 9.678578448951755675e-01
2.766765971922108491e+01 9.808515822903575154e-01
2.771765971922108918e+01 1.015778237598291334e+00
2.776765971922108633e+01 9.628135930316896740e-01
2.781765971922108349e+01 1.017502222412394186e+00
2.786765971922108776e+01 1.008563041894824153e+00
2.791765971922108491e+01 9.866939752714836143e-01
2.796765971922108918e+01 1.003039905360754380e+00
2.801765971922108633e+01 9.870132317185397186e-01
2.806765971922108349e+01 9.917382271349695078e-01
2.811765971922108776e+01 9.806600284221238528e-01
2.816765971922108491e+01 9.705395990504463999e-01
2.821765971922108918e+01 9.926640708314320438e-01
2.826765971922108633e+01 9.797980360150725376e-01
2.831765971922108349e+01 9.767331741233342690e-01
2.836765971922108776e+01 1.000070820403132776e+00
2.841765971922108491e+01 9.620154519140494687e-01
2.846765971922108918e+01 9.794787795680164333e-01
2.851765971922108633e+01 9.543852228294094076e-01
2.856765971922108349e+01 9.577693411682037805e-01
2.861765971922108776e+01 9.763181407421612779e-01
2.866765971922108491e+01 9.546406279870544020e-01
2.871765971922108918e+01 9.677620679610587917e-01
2.876765971922108633e+01 1.000358151205483326e+00
2.881765971922108349e+01 1.012809152640669952e+00
2.886765971922108776e+01 1.002561020690170057e+00
2.891765971922108491e+01 1.009201554788936361e+00
2.896765971922108918e+01 9.836291133797452346e-01
2.901765971922108633e+01 9.451267858647836029e-01
2.906765971922108349e+01 9.660700087916616052e-01
2.911765971922108776e+01 9.974848431819787198e-01
2.916765971922108491e+01 9.864066444691330648e-01
2.921765971922108918e+01 9.599722106528906229e-01
2.926765971922108633e+01 9.947073120925908896e-01
2.931765971922108349e+01 9.776590178197968051e-01
2.936765971922108776e+01 1.000741258941950651e+00
2.941765971922108491e+01 9.562049845776289247e-01
2.946765971922108918e+01 9.604510953234747239e-01
2.951765971922108633e+01 9.762223638080446131e-01
2.956765971922108349e+01 1.012617598772436400e+00
2.961765971922108776e+01 9.771162818598015942e-01
2.966765971922108491e+01 9.721678069304323655e-01
2.971765971922108918e+01 9.745941559280585365e-01
2.976765971922108633e+01 1.000645482007833653e+00
2.981765971922108349e+01 9.659103805681336086e-01
2.986765971922108776e+01 9.525654610811900014e-01
2.991765971922108491e+01 9.935899145278946909e-01
2.996765971922108918e+01 9.491813427423955174e-01
3.001765971922108633e+01 9.419980726836340024e-01
3.006765971922108349e+01 9.358364232554517992e-01
3.011765971922108776e+01 9.841399236950350016e-01
3.016765971922108491e+01 9.456375961800732588e-01
3.021765971922108918e+01 9.400825340012975984e-01
3.026765971922108633e+01 9.666446703963624820e-01
3.031765971922108349e+01 9.516715430294330202e-01
3.036765971922108776e+01 9.661019344363672712e-01
3.041765971922108491e+01 9.313987586413725595e-01
3.046765971922108918e+01 9.404656417377649236e-01
3.051765971922108633e+01 9.008139910134012052e-01
3.056765971922108349e+01 9.391566903048351733e-01
3.061765971922108776e+01 9.203524855732326815e-01
3.066765971922108491e+01 9.654953471869607284e-01
3.071765971922108918e+01 9.722635838645493633e-01
3.076765971922108633e+01 9.650164625163765164e-01
3.081765971922108349e+01 9.799576642386007563e-01
3.086765971922108776e+01 1.027399172271132199e+00
3.091765971922108491e+01 9.928556246996655954e-01
3.096765971922108918e+01 1.027941908231127410e+00
3.101765971922108633e+01 1.025898666969968565e+00
3.106765971922108349e+01 1.041095273849837577e+00
3.111765971922108776e+01 1.075606895776598515e+00
3.116765971922108491e+01 1.096230862256420524e+00
3.121765971922108918e+01 1.113343007818625718e+00
3.126765971922108633e+01 1.068774807809598659e+00
3.131765971922108349e+01 1.080012634745972200e+00
3.136765971922108776e+01 1.147790778455975547e+00
3.141765971922108491e+01 1.109735409966891906e+00
3.146765971922108918e+01 1.140352103239569148e+00
3.151765971922108633e+01 1.157400397512363011e+00
3.156765971922108349e+01 1.165254106109942400e+00
3.161765971922108776e+01 1.159220159260582861e+00
3.166765971922108491e+01 1.150696012124185597e+00
3.171765971922108918e+01 1.189453744796792112e+00
3.176765971922108633e+01 1.153569320147690425e+00
3.181765971922108349e+01 1.146801083470101679e+00
3.186765971922108776e+01 1.112065982030401523e+00
3.191765971922108491e+01 1.136265620717251457e+00
3.196765971922108918e+01 1.080236114258911417e+00
3.201765971922108633e+01 1.065007581734337183e+00
3.206765971922108349e+01 1.036210650209879569e+00
3.211765971922108776e+01 1.030272480294636805e+00
3.216765971922108491e+01 9.959843378808151959e-01
3.221765971922108918e+01 9.690710193939886530e-01
3.226765971922108633e+01 9.019313885780975149e-01
3.231765971922108349e+01 8.693033796889673148e-01
3.236765971922108776e+01 8.187650841199918261e-01
3.241765971922108491e+01 7.434524882594653050e-01
3.246765971922108918e+01 7.281920300901854048e-01
3.251765971922108633e+01 6.809420759258872913e-01
3.256765971922108349e+01 6.820275478458779350e-01
3.261765971922108776e+01 6.629040866672193388e-01
3.266765971922108491e+01 6.534221701896542056e-01
3.271765971922108918e+01 6.389598531380142887e-01
3.276765971922108633e+01 6.341071551427621689e-01
3.281765971922108349e+01 6.013833693195150820e-01
3.286765971922108776e+01 6.731522186177192335e-01
3.291765971922108491e+01 6.948616570175318863e-01
3.296765971922108918e+01 7.381847568830401940e-01
3.301765971922108633e+01 7.457192090335634793e-01
3.306765971922108349e+01 7.918836912778708381e-01
3.311765971922108776e+01 8.504672493126592681e-01
3.316765971922108491e+01 9.107428665168448845e-01
3.321765971922108918e+01 9.443286447471432865e-01
3.326765971922108633e+01 9.860873880220770715e-01
3.331765971922108349e+01 1.024717418115861145e+00
3.336765971922108776e+01 1.081130032310668287e+00
3.341765971922108491e+01 1.067274302508435024e+00
3.346765971922108918e+01 1.075000308527192194e+00
3.351765971922108633e+01 9.989534228384365777e-01
3.356765971922108349e+01 9.863747188244275099e-01
3.361765971922108776e+01 9.720401043516101458e-01
3.366765971922108491e+01 9.023144963145647290e-01
3.371765971922108918e+01 9.288766327096296127e-01
3.376765971922108633e+01 8.834464402935511274e-01
3.381765971922108349e+01 8.984834189498920320e-01
3.386765971922108776e+01 8.536278881385144235e-01
3.391765971922108491e+01 8.616092993149161439e-01
3.396765971922108918e+01 9.706992272739745076e-01
3.401765971922108633e+01 1.028931603217001278e+00
3.406765971922108349e+01 1.168861703961675769e+00
3.411765971922108776e+01 1.272875454412542906e+00
3.416765971922108491e+01 1.443039140693427091e+00
3.421765971922108918e+01 1.684907824983103986e+00
3.426765971922108633e+01 1.798211938043302593e+00
3.431765971922108349e+01 1.966651639510084149e+00
3.436765971922108776e+01 2.100771272918338095e+00
3.441765971922108491e+01 2.198495671362200810e+00
3.446765971922108918e+01 2.151405345421430582e+00
3.451765971922108633e+01 2.030471003276592246e+00
3.456765971922108349e+01 1.825604141200713570e+00
3.461765971922108776e+01 1.595420242873288652e+00
3.466765971922108491e+01 1.331874045828504105e+00
3.471765971922108918e+01 1.175981122731026396e+00
3.476765971922108633e+01 8.406660763880381415e-01
3.481765971922108349e+01 6.919564233493215033e-01
3.486765971922108776e+01 5.567513180210768020e-01
3.491765971922108491e+01 4.328798165633225281e-01
3.496765971922108918e+01 3.772972691308611459e-01
3.501765971922108633e+01 3.342934257124086650e-01
3.506765971922108349e+01 3.141802695478763674e-01
3.511765971922108776e+01 2.971958265644936703e-01
3.516765971922108491e+01 2.902041103739657624e-01
3.521765971922108918e+01 2.732835186799941196e-01
3.526765971922108633e+01 2.600982274165785646e-01
3.531765971922108349e+01 2.414536509085041804e-01
3.536765971922108776e+01 2.194888073510467275e-01
3.541765971922108491e+01 2.104857755440655842e-01
3.546765971922108918e+01 2.432734126567237531e-01
3.551765971922108633e+01 3.530337791545998805e-01
3.556765971922108349e+01 5.852289930984780897e-01
3.561765971922108776e+01 1.036242575854585235e+00
3.566765971922108491e+01 1.769159601361200762e+00
3.571765971922108918e+01 2.638079873313700752e+00
3.576765971922108633e+01 3.653666557043758090e+00
3.581765971922108349e+01 4.552118050348944678e+00
3.586765971922108776e+01 5.105165993584170891e+00
3.591765971922108491e+01 5.156885538007253800e+00
3.596765971922108918e+01 4.783642825754005123e+00
3.601765971922108633e+01 4.104935544957510452e+00
3.606765971922108349e+01 3.029073244023266831e+00
3.611765971922108776e+01 2.165548406026014394e+00
3.616765971922108491e+01 1.469186243707318873e+00
3.621765971922108918e+01 9.490855658082787416e-01
3.626765971922108633e+01 5.577410130069506700e-01
3.631765971922108349e+01 3.202142163972361288e-01
3.636765971922108776e+01 1.886805602101361556e-01
3.641765971922108491e+01 1.225625500248244959e-01
3.646765971922108918e+01 8.153809657811975087e-02
3.651765971922108633e+01 5.197494958072785415e-02
3.656765971922108349e+01 3.674641705615341869e-02
3.661765971922108776e+01 2.538088754095740168e-02
3.666765971922108491e+01 1.711214556220524291e-02
3.671765971922108918e+01 1.168478596225208666e-02
3.676765971922108633e+01 9.449990832859609530e-03
3.681765971922108349e+01 8.492221491691409260e-03
3.686765971922108776e+01 8.204890689340944843e-03
3.691765971922108491e+01 7.917559886990485629e-03
3.696765971922108918e+01 9.354213898742790370e-03
3.701765971922108633e+01 1.005657808226614013e-02
3.706765971922108349e+01 8.524147136397014490e-03
3.711765971922108776e+01 6.193575072887718205e-03
3.716765971922108491e+01 6.512831519943786118e-03
3.721765971922108918e+01 5.012326218780265713e-03
3.726765971922108633e+01 4.501515903490557746e-03
3.731765971922108349e+01 3.575672207027961406e-03
3.736765971922108776e+01 3.447969628205533547e-03
3.741765971922108491e+01 2.426348997626116312e-03
3.746765971922108918e+01 1.532430945869125852e-03
3.751765971922108633e+01 1.500505301163519538e-03
3.756765971922108349e+01 1.085471919990631164e-03
3.761765971922108776e+01 4.150333811728883194e-04
3.766765971922108491e+01 1.596282235280339836e-04
3.771765971922108918e+01 2.873308023504611650e-04
3.776765971922108633e+01 2.554051576448543087e-04
3.781765971922108349e+01 6.385128941121357717e-05
3.786765971922108776e+01 3.192564470560678859e-05
3.791765971922108491e+01 0.000000000000000000e+00
3.796765971922108918e+01 0.000000000000000000e+00
3.801765971922108633e+01 0.000000000000000000e+00
3.806765971922108349e+01 0.000000000000000000e+00
3.811765971922108776e+01 0.000000000000000000e+00
3.816765971922108491e+01 0.000000000000000000e+00
3.821765971922108918e+01 0.000000000000000000e+00
3.826765971922108633e+01 0.000000000000000000e+00
3.831765971922108349e+01 0.000000000000000000e+00
3.836765971922108776e+01 0.000000000000000000e+00
