-1.275020268862002837e+01 2.691792064219993656e-05
-1.270020268862002943e+01 0.000000000000000000e+00
-1.265020268862002872e+01 0.000000000000000000e+00
-1.260020268862002801e+01 2.691792064219993656e-05
-1.255020268862002908e+01 1.345896032109996862e-04
-1.250020268862002837e+01 1.884254444953995661e-04
-1.245020268862002943e+01 1.345896032109996862e-04
-1.240020268862002872e+01 2.153433651375994925e-04
-1.235020268862002801e+01 2.691792064219993724e-04
-1.230020268862002908e+01 1.615075238531996126e-04
-1.225020268862002837e+01 3.230150477063992252e-04
-1.220020268862002943e+01 2.422612857797993918e-04
-1.215020268862002872e+01 2.422612857797993918e-04
-1.210020268862002801e+01 1.345896032109996862e-04
-1.205020268862002908e+01 8.075376192659980629e-05
-1.200020268862002837e+01 0.000000000000000000e+00
-1.195020268862002943e+01 2.691792064219993656e-05
-1.190020268862002872e+01 2.691792064219993656e-05
-1.185020268862002801e+01 2.691792064219993656e-05
-1.180020268862002908e+01 0.000000000000000000e+00
-1.175020268862002837e+01 0.000000000000000000e+00
-1.170020268862002766e+01 0.000000000000000000e+00
-1.165020268862002872e+01 0.000000000000000000e+00
-1.160020268862002801e+01 0.000000000000000000e+00
-1.155020268862002908e+01 0.000000000000000000e+00
-1.150020268862002837e+01 0.000000000000000000e+00
-1.145020268862002766e+01 0.000000000000000000e+00
-1.140020268862002872e+01 0.000000000000000000e+00
-1.135020268862002801e+01 0.000000000000000000e+00
-1.130020268862002908e+01 0.000000000000000000e+00
-1.125020268862002837e+01 0.000000000000000000e+00
-1.120020268862002766e+01 0.000000000000000000e+00
-1.115020268862002872e+01 0.000000000000000000e+00
-1.110020268862002801e+01 0.000000000000000000e+00
-1.105020268862002908e+01 0.000000000000000000e+00
-1.100020268862002837e+01 0.000000000000000000e+00
-1.095020268862002766e+01 0.000000000000000000e+00
-1.090020268862002872e+01 0.000000000000000000e+00
-1.085020268862002801e+01 0.000000000000000000e+00
-1.080020268862002908e+01 0.000000000000000000e+00
-1.075020268862002837e+01 0.000000000000000000e+00
-1.070020268862002766e+01 0.000000000000000000e+00
-1.065020268862002872e+01 0.000000000000000000e+00
-1.060020268862002979e+01 0.000000000000000000e+00
-1.055020268862002908e+01 0.000000000000000000e+00
-1.050020268862002837e+01 0.000000000000000000e+00
-1.045020268862002766e+01 0.000000000000000000e+00
-1.040020268862002872e+01 0.000000000000000000e+00
-1.035020268862002801e+01 0.000000000000000000e+00
-1.030020268862002908e+01 0.000000000000000000e+00
-1.025020268862002837e+01 0.000000000000000000e+00
-1.020020268862002766e+01 0.000000000000000000e+00
-1.015020268862002872e+01 0.000000000000000000e+00
-1.010020268862002801e+01 0.000000000000000000e+00
-1.005020268862002908e+01 0.000000000000000000e+00
-1.000020268862002837e+01 0.000000000000000000e+00
-9.950202688620027658e+00 0.000000000000000000e+00
-9.900202688620028724e+00 0.000000000000000000e+00
-9.850202688620028013e+00 0.000000000000000000e+00
-9.800202688620029079e+00 0.000000000000000000e+00
-9.750202688620028368e+00 0.000000000000000000e+00
-9.700202688620027658e+00 0.000000000000000000e+00
-9.650202688620028724e+00 0.000000000000000000e+00
-9.600202688620028013e+00 0.000000000000000000e+00
-9.550202688620029079e+00 0.000000000000000000e+00
-9.500202688620028368e+00 0.000000000000000000e+00
-9.450202688620027658e+00 0.000000000000000000e+00
-9.400202688620028724e+00 0.000000000000000000e+00
-9.350202688620028013e+00 0.000000000000000000e+00
-9.300202688620029079e+00 0.000000000000000000e+00
-9.250202688620028368e+00 0.000000000000000000e+00
-9.200202688620027658e+00 0.000000000000000000e+00
-9.150202688620028724e+00 0.000000000000000000e+00
-9.100202688620028013e+00 0.000000000000000000e+00
-9.050202688620029079e+00 0.000000000000000000e+00
-9.000202688620028368e+00 0.000000000000000000e+00
-8.950202688620027658e+00 0.000000000000000000e+00
-8.900202688620028724e+00 0.000000000000000000e+00
-8.850202688620028013e+00 0.000000000000000000e+00
-8.800202688620029079e+00 0.000000000000000000e+00
-8.750202688620028368e+00 0.000000000000000000e+00
-8.700202688620027658e+00 0.000000000000000000e+00
-8.650202688620028724e+00 0.000000000000000000e+00
-8.600202688620028013e+00 0.000000000000000000e+00
-8.550202688620029079e+00 0.000000000000000000e+00
-8.500202688620028368e+00 0.000000000000000000e+00
-8.450202688620027658e+00 0.000000000000000000e+00
-8.400202688620028724e+00 0.000000000000000000e+00
-8.350202688620028013e+00 0.000000000000000000e+00
-8.300202688620029079e+00 0.000000000000000000e+00
-8.250202688620028368e+00 0.000000000000000000e+00
-8.200202688620027658e+00 0.000000000000000000e+00
-8.150202688620028724e+00 0.000000000000000000e+00
-8.100202688620028013e+00 0.000000000000000000e+00
-8.050202688620029079e+00 0.000000000000000000e+00
-8.000202688620028368e+00 0.000000000000000000e+00
-7.950202688620027658e+00 0.000000000000000000e+00
-7.900202688620028724e+00 0.000000000000000000e+00
-7.850202688620028013e+00 0.000000000000000000e+00
-7.800202688620029079e+00 0.000000000000000000e+00
-7.750202688620028368e+00 0.000000000000000000e+00
-7.700202688620027658e+00 0.000000000000000000e+00
-7.650202688620028724e+00 0.000000000000000000e+00
-7.600202688620028013e+00 0.000000000000000000e+00
-7.550202688620029079e+00 0.000000000000000000e+00
-7.500202688620028368e+00 0.000000000000000000e+00
-7.450202688620027658e+00 0.000000000000000000e+00
-7.400202688620028724e+00 0.000000000000000000e+00
-7.350202688620028013e+00 0.000000000000000000e+00
-7.300202688620029079e+00 0.000000000000000000e+00
-7.250202688620028368e+00 0.000000000000000000e+00
-7.200202688620027658e+00 0.000000000000000000e+00
-7.150202688620028724e+00 0.000000000000000000e+00
-7.100202688620028013e+00 0.000000000000000000e+00
-7.050202688620029079e+00 0.000000000000000000e+00
-7.000202688620028368e+00 0.000000000000000000e+00
-6.950202688620027658e+00 0.000000000000000000e+00
-6.900202688620028724e+00 0.000000000000000000e+00
-6.850202688620028013e+00 0.000000000000000000e+00
-6.800202688620029079e+00 0.000000000000000000e+00
-6.750202688620028368e+00 0.000000000000000000e+00
-6.700202688620027658e+00 0.000000000000000000e+00
-6.650202688620028724e+00 0.000000000000000000e+00
-6.600202688620028013e+00 0.000000000000000000e+00
-6.550202688620029079e+00 0.000000000000000000e+00
-6.500202688620028368e+00 0.000000000000000000e+00
-6.450202688620027658e+00 0.000000000000000000e+00
-6.400202688620028724e+00 0.000000000000000000e+00
-6.350202688620028013e+00 0.000000000000000000e+00
-6.300202688620029079e+00 0.000000000000000000e+00
-6.250202688620028368e+00 0.000000000000000000e+00
-6.200202688620027658e+00 0.000000000000000000e+00
-6.150202688620028724e+00 0.000000000000000000e+00
-6.100202688620028013e+00 0.000000000000000000e+00
-6.050202688620029079e+00 0.000000000000000000e+00
-6.000202688620028368e+00 0.000000000000000000e+00
-5.950202688620027658e+00 0.000000000000000000e+00
-5.900202688620028724e+00 0.000000000000000000e+00
-5.850202688620028013e+00 0.000000000000000000e+00
-5.800202688620029079e+00 0.000000000000000000e+00
-5.750202688620028368e+00 0.000000000000000000e+00
-5.700202688620027658e+00 0.000000000000000000e+00
-5.650202688620028724e+00 0.000000000000000000e+00
-5.600202688620028013e+00 0.000000000000000000e+00
-5.550202688620029079e+00 0.000000000000000000e+00
-5.500202688620028368e+00 0.000000000000000000e+00
-5.450202688620027658e+00 0.000000000000000000e+00
-5.400202688620028724e+00 0.000000000000000000e+00
-5.350202688620028013e+00 0.000000000000000000e+00
-5.300202688620029079e+00 0.000000000000000000e+00
-5.250202688620028368e+00 0.000000000000000000e+00
-5.200202688620027658e+00 0.000000000000000000e+00
-5.150202688620028724e+00 0.000000000000000000e+00
-5.100202688620028013e+00 0.000000000000000000e+00
-5.050202688620029079e+00 0.000000000000000000e+00
-5.000202688620028368e+00 0.000000000000000000e+00
-4.950202688620027658e+00 0.000000000000000000e+00
-4.900202688620028724e+00 0.000000000000000000e+00
-4.850202688620028013e+00 0.000000000000000000e+00
-4.800202688620029079e+00 0.000000000000000000e+00
-4.750202688620028368e+00 0.000000000000000000e+00
-4.700202688620029434e+00 0.000000000000000000e+00
-4.650202688620028724e+00 0.000000000000000000e+00
-4.600202688620028013e+00 0.000000000000000000e+00
-4.550202688620027303e+00 0.000000000000000000e+00
-4.500202688620028368e+00 0.000000000000000000e+00
-4.450202688620029434e+00 0.000000000000000000e+00
-4.400202688620028724e+00 0.000000000000000000e+00
-4.350202688620028013e+00 0.000000000000000000e+00
-4.300202688620027303e+00 0.000000000000000000e+00
-4.250202688620028368e+00 0.000000000000000000e+00
-4.200202688620029434e+00 0.000000000000000000e+00
-4.150202688620028724e+00 0.000000000000000000e+00
-4.100202688620028013e+00 0.000000000000000000e+00
-4.050202688620027303e+00 0.000000000000000000e+00
-4.000202688620028368e+00 0.000000000000000000e+00
-3.950202688620029434e+00 0.000000000000000000e+00
-3.900202688620028724e+00 0.000000000000000000e+00
-3.850202688620028013e+00 0.000000000000000000e+00
-3.800202688620027303e+00 0.000000000000000000e+00
-3.750202688620028368e+00 0.000000000000000000e+00
-3.700202688620029434e+00 0.000000000000000000e+00
-3.650202688620028724e+00 0.000000000000000000e+00
-3.600202688620028013e+00 0.000000000000000000e+00
-3.550202688620027303e+00 0.000000000000000000e+00
-3.500202688620028368e+00 0.000000000000000000e+00
-3.450202688620029434e+00 0.000000000000000000e+00
-3.400202688620028724e+00 0.000000000000000000e+00
-3.350202688620028013e+00 0.000000000000000000e+00
-3.300202688620027303e+00 0.000000000000000000e+00
-3.250202688620028368e+00 0.000000000000000000e+00
-3.200202688620027658e+00 0.000000000000000000e+00
-3.150202688620028724e+00 0.000000000000000000e+00
-3.100202688620028013e+00 0.000000000000000000e+00
-3.050202688620027303e+00 0.000000000000000000e+00
-3.000202688620028368e+00 0.000000000000000000e+00
-2.950202688620027658e+00 0.000000000000000000e+00
-2.900202688620028724e+00 0.000000000000000000e+00
-2.850202688620028013e+00 0.000000000000000000e+00
-2.800202688620027303e+00 0.000000000000000000e+00
-2.750202688620028368e+00 0.000000000000000000e+00
-2.700202688620027658e+00 0.000000000000000000e+00
-2.650202688620028724e+00 0.000000000000000000e+00
-2.600202688620028013e+00 0.000000000000000000e+00
-2.550202688620027303e+00 0.000000000000000000e+00
-2.500202688620028368e+00 0.000000000000000000e+00
-2.450202688620027658e+00 0.000000000000000000e+00
-2.400202688620028724e+00 0.000000000000000000e+00
-2.350202688620028013e+00 0.000000000000000000e+00
-2.300202688620027303e+00 0.000000000000000000e+00
-2.250202688620028368e+00 0.000000000000000000e+00
-2.200202688620027658e+00 0.000000000000000000e+00
-2.150202688620028724e+00 0.000000000000000000e+00
-2.100202688620028013e+00 0.000000000000000000e+00
-2.050202688620027303e+00 0.000000000000000000e+00
-2.000202688620028368e+00 0.000000000000000000e+00
-1.950202688620027658e+00 0.000000000000000000e+00
-1.900202688620028724e+00 0.000000000000000000e+00
-1.850202688620028013e+00 0.000000000000000000e+00
-1.800202688620027303e+00 0.000000000000000000e+00
-1.750202688620028368e+00 0.000000000000000000e+00
-1.700202688620027658e+00 0.000000000000000000e+00
-1.650202688620028724e+00 0.000000000000000000e+00
-1.600202688620028013e+00 0.000000000000000000e+00
-1.550202688620027303e+00 0.000000000000000000e+00
-1.500202688620028368e+00 0.000000000000000000e+00
-1.450202688620027658e+00 0.000000000000000000e+00
-1.400202688620028724e+00 0.000000000000000000e+00
-1.350202688620028013e+00 0.000000000000000000e+00
-1.300202688620027303e+00 0.000000000000000000e+00
-1.250202688620028368e+00 0.000000000000000000e+00
-1.200202688620027658e+00 0.000000000000000000e+00
-1.150202688620028724e+00 0.000000000000000000e+00
-1.100202688620028013e+00 0.000000000000000000e+00
-1.050202688620027303e+00 0.000000000000000000e+00
-1.000202688620028368e+00 0.000000000000000000e+00
-9.502026886200276579e-01 0.000000000000000000e+00
-9.002026886200287237e-01 0.000000000000000000e+00
-8.502026886200280131e-01 0.000000000000000000e+00
-8.002026886200273026e-01 0.000000000000000000e+00
-7.502026886200283684e-01 0.000000000000000000e+00
-7.002026886200276579e-01 0.000000000000000000e+00
-6.502026886200287237e-01 0.000000000000000000e+00
-6.002026886200280131e-01 0.000000000000000000e+00
-5.502026886200273026e-01 0.000000000000000000e+00
-5.002026886200283684e-01 0.000000000000000000e+00
-4.502026886200276579e-01 0.000000000000000000e+00
-4.002026886200287237e-01 0.000000000000000000e+00
-3.502026886200280131e-01 0.000000000000000000e+00
-3.002026886200273026e-01 0.000000000000000000e+00
-2.502026886200283684e-01 0.000000000000000000e+00
-2.002026886200276579e-01 0.000000000000000000e+00
-1.502026886200287237e-01 0.000000000000000000e+00
-1.002026886200280131e-01 0.000000000000000000e+00
-5.020268862002730259e-02 0.000000000000000000e+00
-2.026886200283684047e-04 0.000000000000000000e+00
4.979731137997234214e-02 0.000000000000000000e+00
9.979731137997127632e-02 0.000000000000000000e+00
1.497973113799719869e-01 0.000000000000000000e+00
1.997973113799726974e-01 0.000000000000000000e+00
2.497973113799716316e-01 0.000000000000000000e+00
2.997973113799723421e-01 0.000000000000000000e+00
3.497973113799712763e-01 0.000000000000000000e+00
3.997973113799719869e-01 0.000000000000000000e+00
4.497973113799726974e-01 0.000000000000000000e+00
4.997973113799716316e-01 2.691792064219993656e-05
5.497973113799723421e-01 0.000000000000000000e+00
5.997973113799712763e-01 2.691792064219993656e-05
6.497973113799719869e-01 2.691792064219993656e-05
6.997973113799726974e-01 5.383584128439987312e-05
7.497973113799716316e-01 2.960971270641993259e-04
7.997973113799723421e-01 8.882913811925979234e-04
8.497973113799712763e-01 2.341859095871394111e-03
8.997973113799719869e-01 5.948860461926185929e-03
9.497973113799726974e-01 1.076716825687997446e-02
9.997973113799716316e-01 2.242262789495254316e-02
1.049797311379972342e+00 4.363394936100609828e-02
1.099797311379971276e+00 7.932711213256321559e-02
1.149797311379971987e+00 1.550741408197138516e-01
1.199797311379972697e+00 2.683985867233755762e-01
1.249797311379971632e+00 4.814539286063880263e-01
1.299797311379972342e+00 8.383317204806748357e-01
1.349797311379971276e+00 1.409799175714579356e+00
1.399797311379971987e+00 2.163043349045260300e+00
1.449797311379972697e+00 3.101994256886478230e+00
1.499797311379971632e+00 4.023986874723109786e+00
1.549797311379972342e+00 4.699249831953338230e+00
1.599797311379971276e+00 4.971982203900108033e+00
1.649797311379971987e+00 4.916612041139102551e+00
1.699797311379972697e+00 4.323798674835932943e+00
1.749797311379971632e+00 3.415345771082328064e+00
1.799797311379972342e+00 2.479625013718173676e+00
1.849797311379971276e+00 1.667780527149423708e+00
1.899797311379971987e+00 1.098439587646252713e+00
1.949797311379972697e+00 6.762050844527045523e-01
1.999797311379971632e+00 3.916826632646512873e-01
2.049797311379972342e+00 2.419921065733774412e-01
2.099797311379971276e+00 1.584657988206310264e-01
2.149797311379971987e+00 1.149395211421937318e-01
2.199797311379972697e+00 9.878876875687377102e-02
2.249797311379971632e+00 1.031763898215523473e-01
2.299797311379972342e+00 1.145626702532029223e-01
2.349797311379971276e+00 1.366622831004490612e-01
2.399797311379971987e+00 1.753433350632904175e-01
2.449797311379972697e+00 1.968776715770503560e-01
2.499797311379971632e+00 1.951280067353073078e-01
2.549797311379972342e+00 1.909018931944819197e-01
2.599797311379971276e+00 1.717901695385199989e-01
2.649797311379971987e+00 1.425303898004486314e-01
2.699797311379972697e+00 1.131360204591663199e-01
2.749797311379971632e+00 9.049804919907619705e-02
2.799797311379972342e+00 7.865416411650821837e-02
2.849797311379971276e+00 6.947515317751803976e-02
2.899797311379971987e+00 6.261108341375704045e-02
2.949797311379972697e+00 6.088833649265625730e-02
2.999797311379971632e+00 6.468376330320645129e-02
3.049797311379972342e+00 6.737555536742644013e-02
3.099797311379971276e+00 7.071337752705922353e-02
3.149797311379971987e+00 6.686411487522464503e-02
3.199797311379972697e+00 7.006734743164642898e-02
3.249797311379969855e+00 7.052495208256383263e-02
3.299797311379974118e+00 8.648727902338838869e-02
3.349797311379971276e+00 1.180350820160467051e-01
3.399797311379971987e+00 1.818574718587027683e-01
3.449797311379972697e+00 2.856798917756679379e-01
3.499797311379969855e+00 4.524633280747387132e-01
3.549797311379974118e+00 6.229076015811486622e-01
3.599797311379971276e+00 8.548054879137011453e-01
3.649797311379971987e+00 1.055478586301301869e+00
3.699797311379972697e+00 1.361454590241188534e+00
3.749797311379969855e+00 1.609314803514565462e+00
3.799797311379974118e+00 1.886246371081518269e+00
3.849797311379971276e+00 2.159463265599847581e+00
3.899797311379971987e+00 2.314968093149836648e+00
3.949797311379972697e+00 2.488911696339732416e+00
3.999797311379969855e+00 2.592034250320000677e+00
4.049797311379974118e+00 2.663366740021830381e+00
4.099797311379971276e+00 2.514591392632391731e+00
4.149797311379971987e+00 2.365842963163594437e+00
4.199797311379972697e+00 2.205439074056724902e+00
4.249797311379969855e+00 1.884442870398490788e+00
4.299797311379974118e+00 1.655236776130158294e+00
4.349797311379971276e+00 1.435613461610449004e+00
4.399797311379971987e+00 1.208991487723767966e+00
4.449797311379972697e+00 1.079435535672859769e+00
4.499797311379969855e+00 9.538634358769969568e-01
4.549797311379974118e+00 8.621271623283794927e-01
4.599797311379971276e+00 8.060032977893927253e-01
4.649797311379971987e+00 7.418578928990302579e-01
4.699797311379972697e+00 7.345631364049941547e-01
4.749797311379969855e+00 7.613464674439830437e-01
4.799797311379974118e+00 7.579009736017815468e-01
4.849797311379971276e+00 7.677529325568265284e-01
4.899797311379971987e+00 8.115753073623281910e-01
4.949797311379972697e+00 8.520867779288389121e-01
4.999797311379969855e+00 8.937018832416799841e-01
5.049797311379974118e+00 9.820464987893802178e-01
5.099797311379971276e+00 1.068426106130199837e+00
5.149797311379971987e+00 1.112006219649921412e+00
5.199797311379972697e+00 1.168506935077899378e+00
5.249797311379969855e+00 1.282988851569175637e+00
5.299797311379974118e+00 1.320754694230181991e+00
5.349797311379971276e+00 1.364065628543481790e+00
5.399797311379971987e+00 1.392813967789351404e+00
5.449797311379972697e+00 1.344280956871464650e+00
5.499797311379969855e+00 1.274132855677891696e+00
5.549797311379974118e+00 1.254052086878810535e+00
5.599797311379971276e+00 1.219247215488446168e+00
5.649797311379971987e+00 1.107268665616894188e+00
5.699797311379972697e+00 1.008722158145800352e+00
5.749797311379969855e+00 9.872416574733247074e-01
5.799797311379974118e+00 9.344825330146129261e-01
5.849797311379971276e+00 8.991123852907622060e-01
5.899797311379971987e+00 8.930827710669095865e-01
5.949797311379972697e+00 8.311984715104916432e-01
5.999797311379969855e+00 8.022078709788426076e-01
6.049797311379974118e+00 7.865147232444398284e-01
6.099797311379971276e+00 7.708754113513216488e-01
6.149797311379971987e+00 7.630692143650839032e-01
6.199797311379972697e+00 7.565281596490290861e-01
6.249797311379969855e+00 7.745631664793031224e-01
6.299797311379974118e+00 7.363397191673792808e-01
6.349797311379971276e+00 7.753437861779268747e-01
6.399797311379975540e+00 7.994622430733379082e-01
6.449797311379972697e+00 8.192469147453551592e-01
6.499797311379969855e+00 8.348593087178310945e-01
6.549797311379974118e+00 9.135134728343392574e-01
6.599797311379971276e+00 9.763398996132338636e-01
6.649797311379975540e+00 1.032571435834789497e+00
6.699797311379972697e+00 1.080000812006345567e+00
6.749797311379969855e+00 1.163446365997165666e+00
6.799797311379974118e+00 1.166003568458174655e+00
6.849797311379971276e+00 1.171629413872394387e+00
6.899797311379975540e+00 1.192087033560466303e+00
6.949797311379972697e+00 1.156609214154046938e+00
6.999797311379969855e+00 1.109179837982490424e+00
7.049797311379974118e+00 1.052033092459100150e+00
7.099797311379971276e+00 9.472954632403002284e-01
7.149797311379975540e+00 9.271877765205767119e-01
7.199797311379972697e+00 7.903909038169166790e-01
7.249797311379969855e+00 7.619117437774691748e-01
7.299797311379974118e+00 6.734325386265580526e-01
7.349797311379971276e+00 6.637420871953659818e-01
7.399797311379975540e+00 6.507138136045413912e-01
7.449797311379972697e+00 6.221000639618826655e-01
7.499797311379969855e+00 6.965550324582077124e-01
7.549797311379974118e+00 7.018578628247211793e-01
7.599797311379971276e+00 7.746170023205876110e-01
7.649797311379975540e+00 8.456803128159953165e-01
7.699797311379972697e+00 9.044421335779178062e-01
7.749797311379969855e+00 9.904448900297466718e-01
7.799797311379974118e+00 9.759361308036008653e-01
7.849797311379971276e+00 9.847382908536002066e-01
7.899797311379975540e+00 1.011925390702222094e+00
7.949797311379972697e+00 1.052167682062310927e+00
7.999797311379969855e+00 1.026837918738000788e+00
8.049797311379974118e+00 1.026837918738000788e+00
8.099797311379971276e+00 1.035451653343504974e+00
8.149797311379975540e+00 1.029825807929285242e+00
8.199797311379972697e+00 1.088156941960932489e+00
8.249797311379969855e+00 1.127134091050838061e+00
8.299797311379974118e+00 1.233513713428811887e+00
8.349797311379971276e+00 1.249476040369636554e+00
8.399797311379975540e+00 1.313890624466421020e+00
8.449797311379972697e+00 1.332114056741190433e+00
8.499797311379969855e+00 1.356690118287518843e+00
8.549797311379974118e+00 1.350525914460455335e+00
8.599797311379971276e+00 1.382746665469168246e+00
8.649797311379975540e+00 1.379570350833388970e+00
8.699797311379972697e+00 1.338574357695318184e+00
8.749797311379969855e+00 1.209233749009547498e+00
8.799797311379974118e+00 1.242396627240738072e+00
8.849797311379971276e+00 1.207645591691657971e+00
8.899797311379975540e+00 1.160619984329734455e+00
8.949797311379972697e+00 1.168803032204963399e+00
8.999797311379969855e+00 1.133432884481112790e+00
9.049797311379974118e+00 1.117362885857719368e+00
9.099797311379971276e+00 1.079866222403134790e+00
9.149797311379975540e+00 1.067887747717355840e+00
9.199797311379972697e+00 1.083957746340749040e+00
9.249797311379969855e+00 1.108372300363224650e+00
9.299797311379974118e+00 1.079543207355428303e+00
9.349797311379971276e+00 1.105626672457720172e+00
9.399797311379975540e+00 1.090606472739372501e+00
9.449797311379972697e+00 1.101427476837536945e+00
9.499797311379969855e+00 1.047268620505430681e+00
9.549797311379974118e+00 1.021615842133414054e+00
9.599797311379971276e+00 1.006245709446717873e+00
9.649797311379975540e+00 9.774166164389219702e-01
9.699797311379972697e+00 9.928405849669025285e-01
9.749797311379969855e+00 9.510639721302082128e-01
9.799797311379974118e+00 9.443883278109423962e-01
9.849797311379971276e+00 9.066224851499360415e-01
9.899797311379975540e+00 8.925982484953498552e-01
9.949797311379972697e+00 8.495026575471876784e-01
9.999797311379969855e+00 7.964205180407696316e-01
1.004979731137997412e+01 7.338901883889391575e-01
1.009979731137997128e+01 7.155860023522431224e-01
1.014979731137997554e+01 6.643342814494944681e-01
1.019979731137997270e+01 6.054378710843609790e-01
1.024979731137996986e+01 5.921942541283985451e-01
1.029979731137997412e+01 5.764472705527114993e-01
1.034979731137997128e+01 6.041727288141776064e-01
1.039979731137997554e+01 6.363127260609642288e-01
1.044979731137997270e+01 6.337286056793129951e-01
1.049979731137996986e+01 6.841458710421535194e-01
1.054979731137997412e+01 7.454110584238006210e-01
1.059979731137997128e+01 7.673222458265513968e-01
1.064979731137997554e+01 8.039575358205854894e-01
1.069979731137997270e+01 8.130019571563645853e-01
1.074979731137996986e+01 8.805390200476442830e-01
1.079979731137997412e+01 8.719791212834248073e-01
1.084979731137997128e+01 9.369051458724109160e-01
1.089979731137997554e+01 9.409697518893832546e-01
1.094979731137997270e+01 9.544287122104831989e-01
1.099979731137996986e+01 1.076501482322859804e+00
1.104979731137997412e+01 1.143204089674231039e+00
1.109979731137997128e+01 1.203527149833401255e+00
1.114979731137997554e+01 1.287537980157707374e+00
1.119979731137997270e+01 1.368695510893940037e+00
1.124979731137996986e+01 1.438305253674668993e+00
1.129979731137997412e+01 1.487699638053106010e+00
1.134979731137997128e+01 1.508857123677875389e+00
1.139979731137997554e+01 1.530418378112277322e+00
1.144979731137997270e+01 1.480324127797143285e+00
1.149979731137996986e+01 1.459543493061365105e+00
1.154979731137997412e+01 1.463796524522832376e+00
1.159979731137997128e+01 1.444119524533384435e+00
1.164979731137997554e+01 1.436986275563201243e+00
1.169979731137997270e+01 1.419812642193477803e+00
1.174979731137996986e+01 1.395236580647149172e+00
1.179979731137997412e+01 1.382935090913663956e+00
1.184979731137997128e+01 1.407995675031552096e+00
1.189979731137997554e+01 1.363634941813206547e+00
1.194979731137997270e+01 1.306891965099449049e+00
1.199979731137996986e+01 1.269341465803579982e+00
1.204979731137997412e+01 1.226326628617344650e+00
1.209979731137997128e+01 1.170552697046706392e+00
1.214979731137997554e+01 1.145249851643038497e+00
1.219979731137997270e+01 1.024253798356349776e+00
1.224979731137996986e+01 1.030525673865982483e+00
1.229979731137997412e+01 9.139172416439722557e-01
1.234979731137997128e+01 9.042537081334224291e-01
1.239979731137997554e+01 9.421272224769977610e-01
1.244979731137997270e+01 8.753707792843419266e-01
1.249979731137996986e+01 9.060302908958075552e-01
1.254979731137997412e+01 8.852227382393872412e-01
1.259979731137997128e+01 8.922483155270012345e-01
1.264979731137997554e+01 8.777126383802131837e-01
1.269979731137997270e+01 8.748324208714979289e-01
1.274979731137996986e+01 8.102563292508602188e-01
1.279979731137997412e+01 7.390853470728836472e-01
1.284979731137997128e+01 6.662992896563750822e-01
1.289979731137997554e+01 5.906060968105087960e-01
1.294979731137997270e+01 5.444687808297781206e-01
1.299979731137996986e+01 5.019923020563865634e-01
1.304979731137997412e+01 4.986544798967538217e-01
1.309979731137997128e+01 4.939438437843687857e-01
1.314979731137997554e+01 5.202695701724403543e-01
1.319979731137997270e+01 5.497177753550070989e-01
1.324979731137996986e+01 6.441996768091289294e-01
1.329979731137997412e+01 7.310638067215080582e-01
1.334979731137997128e+01 7.689911569063677677e-01
1.339979731137997554e+01 7.942940023100357738e-01
1.344979731137997270e+01 8.461917533081972920e-01
1.349979731137996986e+01 8.946440104641570912e-01
1.354979731137997412e+01 8.656264920118655892e-01
1.359979731137997128e+01 9.011850651802116863e-01
1.364979731137997554e+01 9.362591157769981631e-01
1.369979731137997270e+01 9.471877915577313622e-01
1.374979731137996986e+01 9.346709584591084141e-01
1.379979731137997412e+01 9.720061143898396372e-01
1.384979731137997128e+01 1.067914665637997862e+00
1.389979731137997554e+01 1.151925495962303980e+00
1.394979731137997270e+01 1.192921489100374544e+00
1.399979731137996986e+01 1.242396627240738072e+00
1.404979731137997412e+01 1.350822011587519356e+00
1.409979731137997128e+01 1.389691488994856172e+00
1.414979731137997554e+01 1.430149123720082738e+00
1.419979731137997270e+01 1.424550196226505028e+00
1.424979731137996986e+01 1.516555648981544380e+00
1.429979731137997412e+01 1.496986320674664972e+00
1.434979731137997128e+01 1.491118213974665263e+00
1.439979731137997554e+01 1.498143791262279700e+00
1.444979731137997270e+01 1.511064393170535647e+00
1.449979731137996986e+01 1.501696956787049952e+00
1.454979731137997412e+01 1.434671334387972230e+00
1.459979731137997128e+01 1.437847649023751728e+00
1.464979731137997554e+01 1.405680733856322639e+00
1.469979731137997270e+01 1.342315948664584146e+00
1.474979731137996986e+01 1.370391339894398763e+00
1.479979731137997412e+01 1.343608008855409874e+00
1.484979731137997128e+01 1.285519136109542160e+00
1.489979731137997554e+01 1.244253963765049820e+00
1.494979731137997270e+01 1.182181238764136832e+00
1.499979731137996986e+01 1.095263273010472993e+00
1.504979731137997412e+01 1.047376292187999436e+00
1.509979731137997128e+01 1.004307619160479614e+00
1.514979731137997554e+01 9.407274906036033890e-01
1.519979731137997270e+01 9.209966547728707376e-01
1.524979731137996986e+01 9.072146794040646389e-01
1.529979731137997412e+01 8.982240939095695875e-01
1.534979731137997128e+01 8.913061883045242384e-01
1.539979731137997554e+01 9.025309612123216807e-01
1.544979731137997270e+01 8.760706452210391681e-01
1.549979731137996986e+01 8.828539612228735178e-01
1.554979731137997412e+01 8.140248381407683143e-01
1.559979731137997128e+01 7.201620488614171034e-01
1.564979731137997554e+01 6.529210830972016488e-01
1.569979731137997270e+01 5.737554784884916215e-01
1.574979731137996986e+01 5.101753499316153961e-01
1.579979731137997412e+01 4.441187726756567478e-01
1.584979731137997128e+01 4.228805332889609692e-01
1.589979731137997554e+01 4.082371844596041632e-01
1.594979731137997270e+01 4.206463458756584117e-01
1.599979731137996986e+01 4.868375127348280040e-01
1.604979731137997589e+01 5.641457808192262835e-01
1.609979731137997305e+01 6.503100447949081708e-01
1.614979731137997732e+01 7.225846617192150934e-01
1.619979731137997447e+01 8.327327929870971257e-01
1.624979731137997163e+01 8.915484495903041040e-01
1.629979731137997589e+01 9.257611267265402066e-01
1.634979731137997305e+01 9.648190295783722892e-01
1.639979731137997732e+01 9.902295466646091615e-01
1.644979731137997447e+01 9.577934522907580739e-01
1.649979731137997163e+01 9.313331362994756724e-01
1.654979731137997589e+01 9.626925138476384314e-01
1.659979731137997305e+01 9.908486588393796701e-01
1.664979731137997732e+01 1.012490667035708336e+00
1.669979731137997447e+01 1.067591650590291597e+00
1.674979731137997163e+01 1.225734434363216385e+00
1.679979731137997589e+01 1.259651014372388245e+00
1.684979731137997305e+01 1.330579735264585173e+00
1.689979731137997732e+01 1.410310616206781109e+00
1.694979731137997447e+01 1.483177427385216518e+00
1.699979731137997163e+01 1.512733304250351907e+00
1.704979731137997589e+01 1.500001127786591226e+00
1.709979731137997305e+01 1.491225885657234462e+00
1.714979731137997732e+01 1.477201649002648054e+00
1.719979731137997447e+01 1.454698267345768903e+00
1.724979731137997163e+01 1.466326809063199121e+00
1.729979731137997589e+01 1.410149108682927865e+00
1.734979731137997305e+01 1.350956601190730355e+00
1.739979731137997732e+01 1.331468026645777680e+00
1.744979731137997447e+01 1.332867758519171941e+00
1.749979731137997163e+01 1.304630859765504303e+00
1.754979731137997589e+01 1.254025168958168290e+00
1.759979731137997305e+01 1.250014398782480773e+00
1.764979731137997732e+01 1.269933660057708913e+00
1.769979731137997447e+01 1.188237770908631807e+00
1.774979731137997163e+01 1.176824572556338877e+00
1.779979731137997589e+01 1.097039855772858452e+00
1.784979731137997305e+01 1.118089669715058632e+00
1.789979731137997732e+01 1.023553932419652313e+00
1.794979731137997447e+01 1.030875606834330993e+00
1.799979731137997163e+01 1.012571420797634847e+00
1.804979731137997589e+01 9.630962826572714297e-01
1.809979731137997305e+01 9.713062484531425067e-01
1.814979731137997732e+01 9.734058462632342312e-01
1.819979731137997447e+01 9.596238708944276885e-01
1.824979731137997163e+01 9.578742060526846958e-01
1.829979731137997589e+01 9.614004536568128145e-01
1.834979731137997305e+01 8.970666233219549701e-01
1.839979731137997732e+01 8.801890870792956623e-01
1.844979731137997447e+01 8.206735645393915535e-01
1.849979731137997163e+01 7.348053976907737983e-01
1.854979731137997589e+01 6.345092253779369695e-01
1.859979731137997305e+01 5.605926152944558094e-01
1.864979731137997732e+01 4.969048150550108289e-01
1.869979731137997447e+01 4.886948492591398074e-01
1.874979731137997163e+01 4.785198752563882829e-01
1.879979731137997589e+01 5.010232569132674341e-01
1.884979731137997305e+01 5.368240913673932857e-01
1.889979731137997732e+01 6.103369326412414475e-01
1.894979731137997447e+01 6.745361733728881815e-01
1.899979731137997163e+01 7.794083921948991023e-01
1.904979731137997589e+01 8.032307519632460036e-01
1.909979731137997305e+01 8.194622581104926695e-01
1.914979731137997732e+01 8.194891760311346918e-01
1.919979731137997447e+01 8.094218737109519779e-01
1.924979731137997874e+01 8.530289051513160192e-01
1.929979731137997589e+01 7.892334332293021726e-01
1.934979731137997305e+01 8.317637478439781074e-01
1.939979731137997021e+01 8.640921705352601068e-01
1.944979731137997447e+01 8.657072457737922111e-01
1.949979731137997874e+01 9.303371732357141877e-01
1.954979731137997589e+01 1.019354736799469530e+00
1.959979731137997305e+01 1.103527074647628670e+00
1.964979731137997021e+01 1.243957866637985576e+00
1.969979731137997447e+01 1.304227090955871526e+00
1.974979731137997874e+01 1.425142390480633514e+00
1.979979731137997589e+01 1.498332216706774966e+00
1.984979731137997305e+01 1.525573152396681120e+00
1.989979731137997021e+01 1.555559715992091974e+00
1.994979731137997447e+01 1.528749467032461062e+00
1.999979731137997874e+01 1.591468222128786802e+00
2.004979731137997589e+01 1.564361876042091648e+00
2.009979731137997305e+01 1.542989047052184759e+00
2.014979731137997021e+01 1.531818109985671583e+00
2.019979731137997447e+01 1.518439903426498372e+00
2.024979731137997874e+01 1.471118198937511057e+00
2.029979731137997589e+01 1.485465450639803509e+00
2.034979731137997305e+01 1.476501783065950812e+00
2.039979731137997021e+01 1.467268936285676340e+00
2.044979731137997447e+01 1.437497716055402996e+00
2.049979731137997874e+01 1.367645711988894286e+00
2.054979731137997589e+01 1.269933660057708913e+00
2.059979731137997305e+01 1.181050686097164348e+00
2.064979731137997021e+01 1.081212118435244784e+00
2.069979731137997447e+01 9.962591608884617811e-01
2.074979731137997874e+01 9.324906068870901787e-01
2.079979731137997589e+01 8.482644331976465502e-01
2.084979731137997305e+01 7.745362485586609891e-01
2.089979731137997021e+01 7.739709722251747470e-01
2.094979731137997447e+01 7.801351760522384771e-01
2.099979731137997874e+01 7.640113415875608993e-01
2.104979731137997589e+01 8.278875672715012568e-01
2.109979731137997305e+01 8.474030597370961759e-01
2.114979731137997021e+01 8.315484044788403750e-01
2.119979731137997447e+01 8.332980693205833678e-01
2.124979731137997874e+01 8.036076028522369796e-01
2.129979731137997589e+01 7.599198176499464275e-01
2.134979731137997305e+01 6.738901432774753175e-01
2.139979731137997021e+01 6.235536316765615261e-01
2.144979731137997447e+01 5.523826494985848434e-01
2.149979731137997874e+01 4.921134251806992266e-01
2.154979731137997589e+01 4.851955195756538219e-01
2.159979731137997305e+01 4.859223034329932522e-01
2.164979731137997021e+01 5.222345783793209684e-01
2.169979731137997447e+01 5.671067520898682712e-01
2.174979731137997874e+01 6.538632103196785339e-01
2.179979731137997589e+01 7.260570734820588346e-01
2.184979731137997305e+01 8.498525905155362992e-01
2.189979731137997021e+01 9.102294865159907822e-01
2.194979731137997447e+01 1.003042476890296353e+00
2.199979731137997874e+01 1.027403195071487252e+00
2.204979731137997589e+01 1.063392454970108369e+00
2.209979731137997305e+01 1.096097728550381234e+00
2.214979731137997021e+01 1.081938902292584270e+00
2.219979731137997447e+01 1.109475935109554667e+00
2.224979731137997874e+01 1.095182519248546704e+00
2.229979731137997589e+01 1.089287494627904529e+00
2.234979731137997305e+01 1.105815097902215660e+00
2.239979731137997021e+01 1.186649613590742058e+00
2.244979731137997447e+01 1.145411359166891740e+00
2.249979731137997874e+01 1.145545948770102740e+00
2.254979731137997589e+01 1.163634791441660932e+00
2.259979731137997305e+01 1.124576888589829071e+00
2.264979731137997021e+01 1.203096463103126235e+00
2.269979731137997447e+01 1.229395271570555392e+00
2.274979731137997874e+01 1.197470617688906280e+00
2.279979731137997589e+01 1.225815188125142896e+00
2.284979731137997305e+01 1.276367043091194420e+00
2.289979731137997021e+01 1.276851565662753707e+00
2.294979731137997447e+01 1.288507025300826614e+00
2.299979731137997874e+01 1.330552817343942928e+00
2.304979731137997589e+01 1.349906802285684826e+00
2.309979731137997305e+01 1.345976785871923154e+00
2.314979731137997021e+01 1.379543432912746503e+00
2.319979731137997447e+01 1.380404806373297433e+00
2.324979731137997874e+01 1.408587869285680361e+00
2.329979731137997589e+01 1.430929743418706268e+00
2.334979731137997305e+01 1.364307889829261544e+00
2.339979731137997021e+01 1.400620164775589149e+00
2.344979731137997447e+01 1.338628193536602895e+00
2.349979731137997874e+01 1.296151714763211560e+00
2.354979731137997589e+01 1.270149003422846423e+00
2.359979731137997305e+01 1.236447766778811852e+00
2.364979731137997021e+01 1.182127402922852344e+00
2.369979731137997447e+01 1.150687271612762741e+00
2.374979731137997874e+01 1.127699367384324081e+00
2.379979731137997589e+01 1.127941628670103835e+00
2.384979731137997305e+01 1.050606442665063422e+00
2.389979731137997021e+01 1.039031736788917470e+00
2.394979731137997447e+01 9.013196547834225747e-01
2.399979731137997874e+01 8.515215015953526700e-01
2.404979731137997589e+01 7.449803716935254894e-01
2.409979731137997305e+01 6.719520529912369478e-01
2.414979731137997021e+01 6.014271009086732400e-01
2.419979731137997447e+01 4.840380489880392600e-01
2.424979731137997874e+01 4.173085237160256700e-01
2.429979731137997589e+01 3.903098493118990486e-01
2.434979731137997305e+01 3.447108917440123710e-01
2.439979731137997021e+01 3.657068698449282840e-01
2.444979731137997447e+01 3.639841229238274800e-01
2.449979731137997874e+01 4.166355756999706172e-01
2.454979731137997589e+01 4.602964429816189251e-01
2.459979731137997305e+01 5.477527671481264848e-01
2.464979731137997021e+01 6.331094935045423755e-01
2.469979731137997447e+01 7.293141418797650655e-01
2.474979731137997874e+01 8.236883716513179188e-01
2.479979731137997589e+01 8.893950159389280019e-01
2.484979731137997305e+01 9.844421937265359634e-01
2.489979731137997021e+01 1.027833881801762272e+00
2.494979731137997447e+01 1.111171764110013616e+00
2.499979731137997874e+01 1.156636132074688961e+00
2.504979731137997589e+01 1.170041256554504638e+00
2.509979731137997305e+01 1.229341435729271126e+00
2.514979731137997021e+01 1.207403330405878217e+00
2.519979731137997447e+01 1.227161084157253113e+00
2.524979731137997874e+01 1.266568919977433483e+00
2.529979731137997589e+01 1.243446426145784045e+00
2.534979731137997305e+01 1.298116722970091841e+00
2.539979731137997021e+01 1.328076368644860450e+00
2.544979731137997447e+01 1.321885246897154254e+00
2.549979731137997874e+01 1.411064317984762839e+00
2.554979731137997589e+01 1.410418287889350086e+00
2.559979731137997305e+01 1.413729192128340806e+00
2.564979731137997732e+01 1.406138338507240126e+00
2.569979731137997447e+01 1.336044073154951661e+00
2.574979731137997874e+01 1.323904090945319467e+00
2.579979731137997589e+01 1.248803092353581556e+00
2.584979731137997305e+01 1.229637532856335369e+00
2.589979731137997732e+01 1.117389803778361612e+00
2.594979731137997447e+01 1.064630679319649831e+00
2.599979731137997874e+01 1.003903850350846616e+00
2.604979731137997589e+01 9.784125795026832328e-01
2.609979731137997305e+01 9.625310063237852987e-01
2.614979731137997732e+01 9.391931691269979066e-01
2.619979731137997447e+01 1.017847333243506291e+00
2.624979731137997874e+01 1.017955004926075047e+00
2.629979731137997589e+01 1.088749136215060753e+00
2.634979731137997305e+01 1.109233673823774913e+00
2.639979731137997732e+01 1.177766699778816095e+00
2.644979731137997447e+01 1.191898608115970815e+00
2.649979731137997874e+01 1.239435655970096306e+00
2.654979731137997589e+01 1.205922844770557001e+00
2.659979731137997305e+01 1.177712863937531607e+00
2.664979731137997732e+01 1.132006234687076285e+00
2.669979731137997447e+01 1.108722233331573159e+00
2.674979731137997874e+01 1.026730247055432033e+00
2.679979731137997589e+01 9.553708394329600839e-01
2.684979731137997305e+01 8.640383346939757292e-01
2.689979731137997732e+01 7.814810720843484715e-01
2.694979731137997447e+01 6.802696904696767799e-01
2.699979731137997874e+01 6.090179545297734753e-01
2.704979731137997589e+01 5.618039217233548044e-01
2.709979731137997305e+01 5.070797890577624090e-01
2.714979731137997732e+01 4.909828725137268535e-01
2.719979731137997447e+01 5.124633731862023867e-01
2.724979731137997874e+01 5.231497876811557202e-01
2.729979731137997589e+01 5.371471064150996622e-01
2.734979731137997305e+01 6.083450065137184781e-01
2.739979731137997732e+01 6.643073635288522238e-01
2.744979731137997447e+01 8.285605152875562540e-01
2.749979731137997874e+01 9.750209215017662245e-01
2.754979731137997589e+01 1.145276769563680741e+00
2.759979731137997305e+01 1.403473464363662604e+00
2.764979731137997732e+01 1.705465616048503552e+00
2.769979731137997447e+01 1.981831907281970340e+00
2.774979731137997874e+01 2.288938463888829489e+00
2.779979731137997589e+01 2.519032849538354490e+00
2.784979731137997305e+01 2.771953631892464909e+00
2.789979731137997732e+01 2.983743831505293986e+00
2.794979731137997447e+01 2.911065445771354288e+00
2.799979731137997874e+01 2.824120562097048204e+00
2.804979731137997589e+01 2.504551008232851039e+00
2.809979731137997305e+01 2.101212885330126845e+00
2.814979731137997732e+01 1.532840990970075090e+00
2.819979731137997447e+01 1.131575547956800820e+00
2.824979731137997874e+01 7.446842745664611352e-01
2.829979731137997589e+01 4.709021037146456923e-01
2.834979731137997305e+01 2.689907809775039516e-01
2.839979731137997732e+01 1.752356633807216069e-01
2.844979731137997447e+01 1.358816634018252811e-01
2.849979731137997874e+01 9.668917094678217139e-02
2.854979731137997589e+01 9.251689324724117480e-02
2.859979731137997305e+01 9.410505056513097932e-02
2.864979731137997732e+01 9.889644043944255392e-02
2.869979731137997447e+01 1.058143460444879447e-01
2.874979731137997874e+01 1.208076278421933158e-01
2.879979731137997589e+01 1.306865047178806805e-01
2.884979731137997305e+01 1.408614787206322605e-01
2.889979731137997732e+01 1.450337564201732710e-01
2.894979731137997447e+01 1.487215115481546612e-01
2.899979731137997874e+01 1.628265019646674139e-01
2.904979731137997589e+01 1.605115607894382346e-01
2.909979731137997305e+01 1.660566524417314005e-01
2.914979731137997732e+01 1.688022803472358224e-01
2.919979731137997447e+01 1.718978412210887818e-01
2.924979731137997874e+01 1.637686291871444100e-01
2.929979731137997589e+01 1.635263679013645999e-01
2.934979731137997305e+01 1.424227181178798762e-01
2.939979731137997732e+01 1.448991668169622438e-01
2.944979731137997447e+01 1.382235224976966770e-01
2.949979731137997874e+01 1.643877413619149741e-01
2.954979731137997589e+01 1.883177728128307693e-01
2.959979731137997305e+01 2.462451380348450181e-01
2.964979731137997732e+01 3.580621803825435046e-01
2.969979731137997447e+01 5.258146618247335757e-01
2.974979731137997874e+01 7.386277424219662713e-01
2.979979731137997589e+01 1.146111225103588982e+00
2.984979731137997305e+01 1.665896272704469716e+00
2.989979731137997732e+01 2.394860481615886272e+00
2.994979731137997447e+01 3.024309137913089529e+00
2.999979731137997874e+01 3.857553371392388186e+00
3.004979731137997589e+01 4.443798765058859956e+00
3.009979731137997305e+01 4.585871550208391767e+00
3.014979731137997732e+01 4.371470312293269878e+00
3.019979731137997447e+01 3.774726929576339263e+00
3.024979731137997874e+01 2.963259293896580271e+00
3.029979731137997589e+01 2.133810487227830954e+00
3.034979731137997305e+01 1.384630919914122460e+00
3.039979731137997732e+01 8.469454550861786890e-01
3.044979731137997447e+01 4.983045469284052009e-01
3.049979731137997874e+01 2.838494731719983233e-01
3.054979731137997589e+01 1.827995990811797644e-01
3.059979731137997305e+01 1.093136757279739302e-01
3.064979731137997732e+01 6.417232281100464231e-02
3.069979731137997447e+01 3.849262651834591681e-02
3.074979731137997874e+01 2.131899314862234843e-02
3.079979731137997589e+01 1.265142270183396839e-02
3.084979731137997305e+01 6.756398081192183450e-03
3.089979731137997732e+01 2.987889191284192995e-03
3.094979731137997447e+01 1.857336524311795599e-03
3.099979731137997874e+01 7.267838573393982024e-04
3.104979731137997589e+01 5.383584128439987447e-04
3.109979731137997305e+01 2.422612857797993918e-04
3.114979731137997732e+01 2.153433651375994925e-04
3.119979731137997447e+01 1.884254444953995661e-04
3.124979731137997874e+01 2.691792064219993656e-05
3.129979731137997589e+01 2.691792064219993656e-05
3.134979731137997305e+01 2.691792064219993656e-05
3.139979731137997732e+01 0.000000000000000000e+00
3.144979731137997447e+01 0.000000000000000000e+00
3.149979731137997874e+01 0.000000000000000000e+00
3.154979731137997589e+01 0.000000000000000000e+00
3.159979731137997305e+01 0.000000000000000000e+00
3.164979731137997732e+01 0.000000000000000000e+00
3.169979731137997447e+01 0.000000000000000000e+00
3.174979731137997874e+01 0.000000000000000000e+00
3.179979731137997589e+01 0.000000000000000000e+00
3.184979731137997305e+01 0.000000000000000000e+00
3.189979731137997732e+01 0.000000000000000000e+00
3.194979731137997447e+01 0.000000000000000000e+00
3.199979731137997874e+01 0.000000000000000000e+00
3.204979731137997589e+01 0.000000000000000000e+00
3.209979731137997305e+01 0.000000000000000000e+00
3.214979731137997732e+01 0.000000000000000000e+00
3.219979731137997447e+01 0.000000000000000000e+00
3.224979731137997874e+01 0.000000000000000000e+00
3.229979731137997589e+01 0.000000000000000000e+00
3.234979731137997305e+01 0.000000000000000000e+00
3.239979731137997732e+01 0.000000000000000000e+00
3.244979731137997447e+01 0.000000000000000000e+00
3.249979731137997874e+01 0.000000000000000000e+00
3.254979731137997589e+01 0.000000000000000000e+00
3.259979731137997305e+01 0.000000000000000000e+00
3.264979731137997732e+01 0.000000000000000000e+00
3.269979731137997447e+01 0.000000000000000000e+00
3.274979731137997874e+01 0.000000000000000000e+00
3.279979731137997589e+01 0.000000000000000000e+00
3.284979731137997305e+01 0.000000000000000000e+00
3.289979731137997732e+01 0.000000000000000000e+00
3.294979731137997447e+01 0.000000000000000000e+00
3.299979731137997874e+01 0.000000000000000000e+00
3.304979731137997589e+01 0.000000000000000000e+00
3.309979731137997305e+01 0.000000000000000000e+00
3.314979731137997732e+01 0.000000000000000000e+00
3.319979731137997447e+01 0.000000000000000000e+00
3.324979731137997874e+01 0.000000000000000000e+00
3.329979731137997589e+01 0.000000000000000000e+00
3.334979731137997305e+01 0.000000000000000000e+00
3.339979731137997732e+01 0.000000000000000000e+00
3.344979731137997447e+01 0.000000000000000000e+00
3.349979731137997874e+01 0.000000000000000000e+00
3.354979731137997589e+01 0.000000000000000000e+00
3.359979731137997305e+01 0.000000000000000000e+00
3.364979731137997732e+01 0.000000000000000000e+00
3.369979731137997447e+01 0.000000000000000000e+00
3.374979731137997874e+01 0.000000000000000000e+00
3.379979731137997589e+01 0.000000000000000000e+00
3.384979731137997305e+01 0.000000000000000000e+00
3.389979731137997732e+01 0.000000000000000000e+00
3.394979731137997447e+01 0.000000000000000000e+00
3.399979731137997874e+01 0.000000000000000000e+00
3.404979731137997589e+01 0.000000000000000000e+00
3.409979731137997305e+01 0.000000000000000000e+00
3.414979731137997732e+01 0.000000000000000000e+00
3.419979731137997447e+01 0.000000000000000000e+00
3.424979731137997874e+01 0.000000000000000000e+00
3.429979731137997589e+01 0.000000000000000000e+00
3.434979731137997305e+01 0.000000000000000000e+00
3.439979731137997732e+01 0.000000000000000000e+00
3.444979731137997447e+01 0.000000000000000000e+00
3.449979731137997874e+01 0.000000000000000000e+00
3.454979731137997589e+01 0.000000000000000000e+00
3.459979731137997305e+01 0.000000000000000000e+00
3.464979731137997732e+01 0.000000000000000000e+00
3.469979731137997447e+01 0.000000000000000000e+00
3.474979731137997874e+01 0.000000000000000000e+00
3.479979731137997589e+01 0.000000000000000000e+00
3.484979731137997305e+01 0.000000000000000000e+00
3.489979731137997732e+01 0.000000000000000000e+00
3.494979731137997447e+01 0.000000000000000000e+00
3.499979731137997874e+01 0.000000000000000000e+00
3.504979731137997589e+01 0.000000000000000000e+00
3.509979731137997305e+01 0.000000000000000000e+00
3.514979731137997732e+01 0.000000000000000000e+00
3.519979731137997447e+01 0.000000000000000000e+00
3.524979731137997874e+01 0.000000000000000000e+00
3.529979731137997589e+01 0.000000000000000000e+00
3.534979731137997305e+01 0.000000000000000000e+00
3.539979731137997732e+01 0.000000000000000000e+00
3.544979731137997447e+01 0.000000000000000000e+00
3.549979731137997874e+01 0.000000000000000000e+00
3.554979731137997589e+01 0.000000000000000000e+00
3.559979731137997305e+01 0.000000000000000000e+00
3.564979731137997732e+01 0.000000000000000000e+00
3.569979731137997447e+01 0.000000000000000000e+00
3.574979731137997874e+01 0.000000000000000000e+00
3.579979731137997589e+01 0.000000000000000000e+00
3.584979731137997305e+01 0.000000000000000000e+00
3.589979731137997732e+01 0.000000000000000000e+00
3.594979731137997447e+01 0.000000000000000000e+00
3.599979731137997874e+01 0.000000000000000000e+00
3.604979731137997589e+01 0.000000000000000000e+00
3.609979731137997305e+01 0.000000000000000000e+00
3.614979731137997732e+01 0.000000000000000000e+00
3.619979731137997447e+01 0.000000000000000000e+00
3.624979731137997874e+01 0.000000000000000000e+00
3.629979731137997589e+01 0.000000000000000000e+00
3.634979731137997305e+01 0.000000000000000000e+00
3.639979731137997732e+01 0.000000000000000000e+00
3.644979731137997447e+01 0.000000000000000000e+00
3.649979731137997874e+01 0.000000000000000000e+00
3.654979731137997589e+01 0.000000000000000000e+00
3.659979731137997305e+01 0.000000000000000000e+00
3.664979731137997732e+01 0.000000000000000000e+00
3.669979731137997447e+01 0.000000000000000000e+00
3.674979731137997874e+01 0.000000000000000000e+00
3.679979731137997589e+01 0.000000000000000000e+00
3.684979731137997305e+01 0.000000000000000000e+00
3.689979731137997732e+01 0.000000000000000000e+00
3.694979731137997447e+01 0.000000000000000000e+00
3.699979731137997874e+01 0.000000000000000000e+00
3.704979731137997589e+01 0.000000000000000000e+00
3.709979731137997305e+01 0.000000000000000000e+00
3.714979731137997732e+01 0.000000000000000000e+00
