-1.425788204262906866e+01 0.000000000000000000e+00
-1.420788204262906973e+01 0.000000000000000000e+00
-1.415788204262906902e+01 0.000000000000000000e+00
-1.410788204262906831e+01 0.000000000000000000e+00
-1.405788204262906937e+01 0.000000000000000000e+00
-1.400788204262906866e+01 0.000000000000000000e+00
-1.395788204262906973e+01 0.000000000000000000e+00
-1.390788204262906902e+01 0.000000000000000000e+00
-1.385788204262906831e+01 0.000000000000000000e+00
-1.380788204262906937e+01 0.000000000000000000e+00
-1.375788204262906866e+01 0.000000000000000000e+00
-1.370788204262906973e+01 0.000000000000000000e+00
-1.365788204262906902e+01 0.000000000000000000e+00
-1.360788204262906831e+01 0.000000000000000000e+00
-1.355788204262906937e+01 0.000000000000000000e+00
-1.350788204262906866e+01 0.000000000000000000e+00
-1.345788204262906973e+01 0.000000000000000000e+00
-1.340788204262906902e+01 0.000000000000000000e+00
-1.335788204262906831e+01 0.000000000000000000e+00
-1.330788204262906937e+01 0.000000000000000000e+00
-1.325788204262906866e+01 0.000000000000000000e+00
-1.320788204262906973e+01 0.000000000000000000e+00
-1.315788204262906902e+01 0.000000000000000000e+00
-1.310788204262906831e+01 0.000000000000000000e+00
-1.305788204262906937e+01 0.000000000000000000e+00
-1.300788204262906866e+01 0.000000000000000000e+00
-1.295788204262906973e+01 0.000000000000000000e+00
-1.290788204262906902e+01 0.000000000000000000e+00
-1.285788204262906831e+01 0.000000000000000000e+00
-1.280788204262906937e+01 0.000000000000000000e+00
-1.275788204262906866e+01 0.000000000000000000e+00
-1.270788204262906973e+01 0.000000000000000000e+00
-1.265788204262906902e+01 0.000000000000000000e+00
-1.260788204262906831e+01 0.000000000000000000e+00
-1.255788204262906937e+01 0.000000000000000000e+00
-1.250788204262906866e+01 0.000000000000000000e+00
-1.245788204262906973e+01 0.000000000000000000e+00
-1.240788204262906902e+01 0.000000000000000000e+00
-1.235788204262906831e+01 0.000000000000000000e+00
-1.230788204262906937e+01 0.000000000000000000e+00
-1.225788204262906866e+01 0.000000000000000000e+00
-1.220788204262906973e+01 0.000000000000000000e+00
-1.215788204262906902e+01 0.000000000000000000e+00
-1.210788204262906831e+01 0.000000000000000000e+00
-1.205788204262906937e+01 0.000000000000000000e+00
-1.200788204262906866e+01 0.000000000000000000e+00
-1.195788204262906973e+01 0.000000000000000000e+00
-1.190788204262906902e+01 0.000000000000000000e+00
-1.185788204262906831e+01 0.000000000000000000e+00
-1.180788204262906937e+01 0.000000000000000000e+00
-1.175788204262906866e+01 0.000000000000000000e+00
-1.170788204262906973e+01 0.000000000000000000e+00
-1.165788204262906902e+01 0.000000000000000000e+00
-1.160788204262906831e+01 0.000000000000000000e+00
-1.155788204262906937e+01 0.000000000000000000e+00
-1.150788204262906866e+01 0.000000000000000000e+00
-1.145788204262906973e+01 0.000000000000000000e+00
-1.140788204262906902e+01 0.000000000000000000e+00
-1.135788204262906831e+01 0.000000000000000000e+00
-1.130788204262906937e+01 0.000000000000000000e+00
-1.125788204262906866e+01 0.000000000000000000e+00
-1.120788204262906973e+01 0.000000000000000000e+00
-1.115788204262906902e+01 0.000000000000000000e+00
-1.110788204262906831e+01 0.000000000000000000e+00
-1.105788204262906937e+01 0.000000000000000000e+00
-1.100788204262906866e+01 0.000000000000000000e+00
-1.095788204262906973e+01 0.000000000000000000e+00
-1.090788204262906902e+01 0.000000000000000000e+00
-1.085788204262906831e+01 0.000000000000000000e+00
-1.080788204262906937e+01 0.000000000000000000e+00
-1.075788204262906866e+01 0.000000000000000000e+00
-1.070788204262906973e+01 0.000000000000000000e+00
-1.065788204262906902e+01 0.000000000000000000e+00
-1.060788204262906831e+01 0.000000000000000000e+00
-1.055788204262906937e+01 0.000000000000000000e+00
-1.050788204262906866e+01 0.000000000000000000e+00
-1.045788204262906973e+01 0.000000000000000000e+00
-1.040788204262906902e+01 0.000000000000000000e+00
-1.035788204262906831e+01 0.000000000000000000e+00
-1.030788204262906937e+01 0.000000000000000000e+00
-1.025788204262906866e+01 0.000000000000000000e+00
-1.020788204262906973e+01 0.000000000000000000e+00
-1.015788204262906902e+01 0.000000000000000000e+00
-1.010788204262906831e+01 0.000000000000000000e+00
-1.005788204262906937e+01 0.000000000000000000e+00
-1.000788204262906866e+01 0.000000000000000000e+00
-9.957882042629069730e+00 0.000000000000000000e+00
-9.907882042629069019e+00 0.000000000000000000e+00
-9.857882042629068309e+00 0.000000000000000000e+00
-9.807882042629069375e+00 0.000000000000000000e+00
-9.757882042629068664e+00 0.000000000000000000e+00
-9.707882042629069730e+00 0.000000000000000000e+00
-9.657882042629069019e+00 0.000000000000000000e+00
-9.607882042629068309e+00 0.000000000000000000e+00
-9.557882042629069375e+00 0.000000000000000000e+00
-9.507882042629068664e+00 0.000000000000000000e+00
-9.457882042629067953e+00 0.000000000000000000e+00
-9.407882042629069019e+00 0.000000000000000000e+00
-9.357882042629068309e+00 0.000000000000000000e+00
-9.307882042629069375e+00 0.000000000000000000e+00
-9.257882042629068664e+00 0.000000000000000000e+00
-9.207882042629067953e+00 0.000000000000000000e+00
-9.157882042629069019e+00 0.000000000000000000e+00
-9.107882042629068309e+00 0.000000000000000000e+00
-9.057882042629069375e+00 0.000000000000000000e+00
-9.007882042629068664e+00 0.000000000000000000e+00
-8.957882042629067953e+00 0.000000000000000000e+00
-8.907882042629069019e+00 0.000000000000000000e+00
-8.857882042629068309e+00 0.000000000000000000e+00
-8.807882042629069375e+00 0.000000000000000000e+00
-8.757882042629068664e+00 0.000000000000000000e+00
-8.707882042629067953e+00 0.000000000000000000e+00
-8.657882042629069019e+00 0.000000000000000000e+00
-8.607882042629068309e+00 0.000000000000000000e+00
-8.557882042629069375e+00 0.000000000000000000e+00
-8.507882042629068664e+00 0.000000000000000000e+00
-8.457882042629067953e+00 0.000000000000000000e+00
-8.407882042629069019e+00 0.000000000000000000e+00
-8.357882042629068309e+00 0.000000000000000000e+00
-8.307882042629069375e+00 0.000000000000000000e+00
-8.257882042629068664e+00 0.000000000000000000e+00
-8.207882042629067953e+00 0.000000000000000000e+00
-8.157882042629069019e+00 0.000000000000000000e+00
-8.107882042629068309e+00 0.000000000000000000e+00
-8.057882042629069375e+00 0.000000000000000000e+00
-8.007882042629068664e+00 0.000000000000000000e+00
-7.957882042629067953e+00 0.000000000000000000e+00
-7.907882042629069019e+00 0.000000000000000000e+00
-7.857882042629068309e+00 0.000000000000000000e+00
-7.807882042629069375e+00 0.000000000000000000e+00
-7.757882042629068664e+00 0.000000000000000000e+00
-7.707882042629067953e+00 0.000000000000000000e+00
-7.657882042629069019e+00 0.000000000000000000e+00
-7.607882042629068309e+00 0.000000000000000000e+00
-7.557882042629069375e+00 0.000000000000000000e+00
-7.507882042629068664e+00 0.000000000000000000e+00
-7.457882042629067953e+00 0.000000000000000000e+00
-7.407882042629069019e+00 0.000000000000000000e+00
-7.357882042629068309e+00 0.000000000000000000e+00
-7.307882042629069375e+00 0.000000000000000000e+00
-7.257882042629068664e+00 0.000000000000000000e+00
-7.207882042629067953e+00 0.000000000000000000e+00
-7.157882042629069019e+00 0.000000000000000000e+00
-7.107882042629068309e+00 0.000000000000000000e+00
-7.057882042629069375e+00 0.000000000000000000e+00
-7.007882042629068664e+00 0.000000000000000000e+00
-6.957882042629067953e+00 0.000000000000000000e+00
-6.907882042629069019e+00 0.000000000000000000e+00
-6.857882042629068309e+00 0.000000000000000000e+00
-6.807882042629069375e+00 0.000000000000000000e+00
-6.757882042629068664e+00 0.000000000000000000e+00
-6.707882042629067953e+00 0.000000000000000000e+00
-6.657882042629069019e+00 0.000000000000000000e+00
-6.607882042629068309e+00 0.000000000000000000e+00
-6.557882042629069375e+00 0.000000000000000000e+00
-6.507882042629068664e+00 0.000000000000000000e+00
-6.457882042629067953e+00 0.000000000000000000e+00
-6.407882042629069019e+00 0.000000000000000000e+00
-6.357882042629068309e+00 0.000000000000000000e+00
-6.307882042629069375e+00 0.000000000000000000e+00
-6.257882042629068664e+00 0.000000000000000000e+00
-6.207882042629069730e+00 0.000000000000000000e+00
-6.157882042629069019e+00 0.000000000000000000e+00
-6.107882042629068309e+00 0.000000000000000000e+00
-6.057882042629067598e+00 0.000000000000000000e+00
-6.007882042629068664e+00 0.000000000000000000e+00
-5.957882042629069730e+00 0.000000000000000000e+00
-5.907882042629069019e+00 0.000000000000000000e+00
-5.857882042629068309e+00 0.000000000000000000e+00
-5.807882042629067598e+00 0.000000000000000000e+00
-5.757882042629068664e+00 0.000000000000000000e+00
-5.707882042629069730e+00 0.000000000000000000e+00
-5.657882042629069019e+00 0.000000000000000000e+00
-5.607882042629068309e+00 0.000000000000000000e+00
-5.557882042629067598e+00 0.000000000000000000e+00
-5.507882042629068664e+00 0.000000000000000000e+00
-5.457882042629069730e+00 0.000000000000000000e+00
-5.407882042629069019e+00 0.000000000000000000e+00
-5.357882042629068309e+00 0.000000000000000000e+00
-5.307882042629067598e+00 0.000000000000000000e+00
-5.257882042629068664e+00 0.000000000000000000e+00
-5.207882042629069730e+00 0.000000000000000000e+00
-5.157882042629069019e+00 0.000000000000000000e+00
-5.107882042629068309e+00 0.000000000000000000e+00
-5.057882042629067598e+00 0.000000000000000000e+00
-5.007882042629068664e+00 0.000000000000000000e+00
-4.957882042629069730e+00 0.000000000000000000e+00
-4.907882042629069019e+00 0.000000000000000000e+00
-4.857882042629068309e+00 0.000000000000000000e+00
-4.807882042629067598e+00 0.000000000000000000e+00
-4.757882042629068664e+00 0.000000000000000000e+00
-4.707882042629067953e+00 0.000000000000000000e+00
-4.657882042629069019e+00 0.000000000000000000e+00
-4.607882042629068309e+00 0.000000000000000000e+00
-4.557882042629067598e+00 0.000000000000000000e+00
-4.507882042629068664e+00 0.000000000000000000e+00
-4.457882042629067953e+00 0.000000000000000000e+00
-4.407882042629069019e+00 0.000000000000000000e+00
-4.357882042629068309e+00 0.000000000000000000e+00
-4.307882042629067598e+00 0.000000000000000000e+00
-4.257882042629068664e+00 0.000000000000000000e+00
-4.207882042629067953e+00 0.000000000000000000e+00
-4.157882042629069019e+00 0.000000000000000000e+00
-4.107882042629068309e+00 0.000000000000000000e+00
-4.057882042629067598e+00 0.000000000000000000e+00
-4.007882042629068664e+00 0.000000000000000000e+00
-3.957882042629067953e+00 0.000000000000000000e+00
-3.907882042629069019e+00 0.000000000000000000e+00
-3.857882042629068309e+00 0.000000000000000000e+00
-3.807882042629067598e+00 0.000000000000000000e+00
-3.757882042629068664e+00 0.000000000000000000e+00
-3.707882042629067953e+00 0.000000000000000000e+00
-3.657882042629069019e+00 0.000000000000000000e+00
-3.607882042629068309e+00 0.000000000000000000e+00
-3.557882042629067598e+00 0.000000000000000000e+00
-3.507882042629068664e+00 0.000000000000000000e+00
-3.457882042629067953e+00 0.000000000000000000e+00
-3.407882042629069019e+00 0.000000000000000000e+00
-3.357882042629068309e+00 0.000000000000000000e+00
-3.307882042629067598e+00 0.000000000000000000e+00
-3.257882042629068664e+00 0.000000000000000000e+00
-3.207882042629067953e+00 0.000000000000000000e+00
-3.157882042629069019e+00 0.000000000000000000e+00
-3.107882042629068309e+00 0.000000000000000000e+00
-3.057882042629067598e+00 0.000000000000000000e+00
-3.007882042629068664e+00 0.000000000000000000e+00
-2.957882042629067953e+00 0.000000000000000000e+00
-2.907882042629069019e+00 0.000000000000000000e+00
-2.857882042629068309e+00 0.000000000000000000e+00
-2.807882042629067598e+00 0.000000000000000000e+00
-2.757882042629068664e+00 0.000000000000000000e+00
-2.707882042629067953e+00 0.000000000000000000e+00
-2.657882042629069019e+00 0.000000000000000000e+00
-2.607882042629068309e+00 0.000000000000000000e+00
-2.557882042629067598e+00 0.000000000000000000e+00
-2.507882042629068664e+00 0.000000000000000000e+00
-2.457882042629067953e+00 0.000000000000000000e+00
-2.407882042629069019e+00 0.000000000000000000e+00
-2.357882042629068309e+00 0.000000000000000000e+00
-2.307882042629067598e+00 0.000000000000000000e+00
-2.257882042629068664e+00 0.000000000000000000e+00
-2.207882042629067953e+00 0.000000000000000000e+00
-2.157882042629069019e+00 0.000000000000000000e+00
-2.107882042629068309e+00 0.000000000000000000e+00
-2.057882042629067598e+00 0.000000000000000000e+00
-2.007882042629068664e+00 0.000000000000000000e+00
-1.957882042629067953e+00 0.000000000000000000e+00
-1.907882042629069019e+00 0.000000000000000000e+00
-1.857882042629068309e+00 0.000000000000000000e+00
-1.807882042629067598e+00 0.000000000000000000e+00
-1.757882042629068664e+00 0.000000000000000000e+00
-1.707882042629067953e+00 0.000000000000000000e+00
-1.657882042629069019e+00 0.000000000000000000e+00
-1.607882042629068309e+00 0.000000000000000000e+00
-1.557882042629067598e+00 0.000000000000000000e+00
-1.507882042629068664e+00 0.000000000000000000e+00
-1.457882042629067953e+00 0.000000000000000000e+00
-1.407882042629069019e+00 0.000000000000000000e+00
-1.357882042629068309e+00 0.000000000000000000e+00
-1.307882042629067598e+00 0.000000000000000000e+00
-1.257882042629068664e+00 0.000000000000000000e+00
-1.207882042629067953e+00 0.000000000000000000e+00
-1.157882042629069019e+00 0.000000000000000000e+00
-1.107882042629068309e+00 0.000000000000000000e+00
-1.057882042629067598e+00 0.000000000000000000e+00
-1.007882042629068664e+00 0.000000000000000000e+00
-9.578820426290679535e-01 0.000000000000000000e+00
-9.078820426290690193e-01 0.000000000000000000e+00
-8.578820426290683088e-01 0.000000000000000000e+00
-8.078820426290675982e-01 0.000000000000000000e+00
-7.578820426290686640e-01 0.000000000000000000e+00
-7.078820426290679535e-01 0.000000000000000000e+00
-6.578820426290690193e-01 0.000000000000000000e+00
-6.078820426290683088e-01 0.000000000000000000e+00
-5.578820426290675982e-01 0.000000000000000000e+00
-5.078820426290686640e-01 0.000000000000000000e+00
-4.578820426290679535e-01 0.000000000000000000e+00
-4.078820426290690193e-01 0.000000000000000000e+00
-3.578820426290683088e-01 0.000000000000000000e+00
-3.078820426290675982e-01 0.000000000000000000e+00
-2.578820426290686640e-01 0.000000000000000000e+00
-2.078820426290679535e-01 0.000000000000000000e+00
-1.578820426290690193e-01 0.000000000000000000e+00
-1.078820426290683088e-01 0.000000000000000000e+00
-5.788204262906759823e-02 0.000000000000000000e+00
-7.882042629068664041e-03 0.000000000000000000e+00
4.211795737093204650e-02 0.000000000000000000e+00
9.211795737093098069e-02 0.000000000000000000e+00
1.421179573709316912e-01 0.000000000000000000e+00
1.921179573709324018e-01 0.000000000000000000e+00
2.421179573709313360e-01 0.000000000000000000e+00
2.921179573709320465e-01 0.000000000000000000e+00
3.421179573709309807e-01 0.000000000000000000e+00
3.921179573709316912e-01 0.000000000000000000e+00
4.421179573709324018e-01 0.000000000000000000e+00
4.921179573709313360e-01 0.000000000000000000e+00
5.421179573709320465e-01 0.000000000000000000e+00
5.921179573709309807e-01 0.000000000000000000e+00
6.421179573709316912e-01 0.000000000000000000e+00
6.921179573709324018e-01 0.000000000000000000e+00
7.421179573709313360e-01 0.000000000000000000e+00
7.921179573709320465e-01 0.000000000000000000e+00
8.421179573709309807e-01 0.000000000000000000e+00
8.921179573709316912e-01 0.000000000000000000e+00
9.421179573709324018e-01 0.000000000000000000e+00
9.921179573709313360e-01 0.000000000000000000e+00
1.042117957370932047e+00 0.000000000000000000e+00
1.092117957370930981e+00 0.000000000000000000e+00
1.142117957370931691e+00 0.000000000000000000e+00
1.192117957370932402e+00 0.000000000000000000e+00
1.242117957370931336e+00 2.855076633231138259e-05
1.292117957370932047e+00 2.855076633231138259e-05
1.342117957370930981e+00 2.569568969908024060e-04
1.392117957370931691e+00 3.997107286523593223e-04
1.442117957370932402e+00 1.341886017618634883e-03
1.492117957370931336e+00 2.655221268904957906e-03
1.542117957370932047e+00 4.853630276492934721e-03
1.592117957370930981e+00 8.907839095681149497e-03
1.642117957370931691e+00 1.670219830440215769e-02
1.692117957370932402e+00 3.551715331739535575e-02
1.742117957370929560e+00 8.405345608232471510e-02
1.792117957370933823e+00 2.557863155711776471e-01
1.842117957370930981e+00 6.113290087074512158e-01
1.892117957370931691e+00 1.301172624828758950e+00
1.942117957370932402e+00 2.261534751948716782e+00
1.992117957370929560e+00 3.247678221066751636e+00
2.042117957370933823e+00 4.099775842254584468e+00
2.092117957370930981e+00 4.349309539998986729e+00
2.142117957370931691e+00 4.078105810608360748e+00
2.192117957370932402e+00 3.208991932686469539e+00
2.242117957370929560e+00 2.275524627451549264e+00
2.292117957370933823e+00 1.413405687281074963e+00
2.342117957370930981e+00 8.592353127709111416e-01
2.392117957370931691e+00 5.184248150621100226e-01
2.442117957370932402e+00 3.643648799329579080e-01
2.492117957370929560e+00 3.109463961252032504e-01
2.542117957370933823e+00 3.095759593412522603e-01
2.592117957370930981e+00 3.132019066654557760e-01
2.642117957370931691e+00 3.252503300576912171e-01
2.692117957370932402e+00 3.166565493916655427e-01
2.742117957370929560e+00 2.979557974440015244e-01
2.792117957370933823e+00 2.665499544784590835e-01
2.842117957370930981e+00 2.396551325934217491e-01
2.892117957370931691e+00 2.069930559092575117e-01
2.942117957370932402e+00 1.899196976425353012e-01
2.992117957370929560e+00 1.796985232955678191e-01
3.042117957370933823e+00 1.854943288610270136e-01
3.092117957370930981e+00 2.296909151434450569e-01
3.142117957370931691e+00 3.090049440146060422e-01
3.192117957370932402e+00 4.242929384644794633e-01
3.242117957370929560e+00 5.709296743472306312e-01
3.292117957370933823e+00 8.065591488877964510e-01
3.342117957370930981e+00 1.066770833240482608e+00
3.392117957370931691e+00 1.339316448648726787e+00
3.442117957370932402e+00 1.595787982611879929e+00
3.492117957370929560e+00 1.866791856638179370e+00
3.542117957370933823e+00 2.056426046617391812e+00
3.592117957370930981e+00 2.294168277866548866e+00
3.642117957370931691e+00 2.260621127426083010e+00
3.692117957370932402e+00 2.324631945543124356e+00
3.742117957370929560e+00 2.307358731912076522e+00
3.792117957370933823e+00 2.156924744107127978e+00
3.842117957370930981e+00 2.109930182724143233e+00
3.892117957370931691e+00 1.936455726489019202e+00
3.942117957370932402e+00 1.779654917791965163e+00
3.992117957370929560e+00 1.650348497072926746e+00
4.042117957370933823e+00 1.458201839656471321e+00
4.092117957370930981e+00 1.282643177479088514e+00
4.142117957370931691e+00 1.172751277866022290e+00
4.192117957370932402e+00 1.115535542136070202e+00
4.242117957370929560e+00 9.591915457003331591e-01
4.292117957370933823e+00 9.109978521313916167e-01
4.342117957370930981e+00 8.429328251951612172e-01
4.392117957370931691e+00 8.056740751314949156e-01
4.442117957370932402e+00 7.573661784972238742e-01
4.492117957370929560e+00 7.146827828304183061e-01
4.542117957370933823e+00 6.912426036715908495e-01
4.592117957370930981e+00 6.908143421766060888e-01
4.642117957370931691e+00 6.666318430931384986e-01
4.692117957370932402e+00 6.391374551151225436e-01
4.742117957370929560e+00 6.331988957180018085e-01
4.792117957370933823e+00 6.562964656808416564e-01
4.842117957370930981e+00 6.736838823772193230e-01
4.892117957370935244e+00 6.853611458071346973e-01
4.942117957370932402e+00 7.518273298287556639e-01
4.992117957370929560e+00 7.407496324918187991e-01
5.042117957370933823e+00 8.092143701567013903e-01
5.092117957370930981e+00 8.433325359238135199e-01
5.142117957370935244e+00 8.732822898064083184e-01
5.192117957370932402e+00 9.370361510264595406e-01
5.242117957370929560e+00 1.008041906894917794e+00
5.292117957370933823e+00 1.017949022812229876e+00
5.342117957370930981e+00 1.082959117750903033e+00
5.392117957370935244e+00 1.070825042059670773e+00
5.442117957370932402e+00 1.149482403305188472e+00
5.492117957370929560e+00 1.163129669612033235e+00
5.542117957370933823e+00 1.212893655329251974e+00
5.592117957370930981e+00 1.225256137151143010e+00
5.642117957370935244e+00 1.249838346963263014e+00
5.692117957370932402e+00 1.258060967666968510e+00
5.742117957370929560e+00 1.262029524187159968e+00
5.792117957370933823e+00 1.269424172667228401e+00
5.842117957370930981e+00 1.294063484012013321e+00
5.892117957370935244e+00 1.297375372906561575e+00
5.942117957370932402e+00 1.281244189928805399e+00
5.992117957370929560e+00 1.237447314375039964e+00
6.042117957370933823e+00 1.229967013595974157e+00
6.092117957370930981e+00 1.283242743572067246e+00
6.142117957370935244e+00 1.226769327766755513e+00
6.192117957370932402e+00 1.218032793269068215e+00
6.242117957370929560e+00 1.168011850654858463e+00
6.292117957370933823e+00 1.155049802739989140e+00
6.342117957370930981e+00 1.081845637863942722e+00
6.392117957370935244e+00 1.118733227965289068e+00
6.442117957370932402e+00 1.021118157875116506e+00
6.492117957370929560e+00 1.012210318779435347e+00
6.542117957370933823e+00 9.835453493817947201e-01
6.592117957370930981e+00 9.470289192427684410e-01
6.642117957370935244e+00 9.083711816288188023e-01
6.692117957370932402e+00 9.101127783750899702e-01
6.742117957370929560e+00 9.400054307250198526e-01
6.792117957370933823e+00 8.949237706863002462e-01
6.842117957370930981e+00 8.732822898064083184e-01
6.892117957370935244e+00 8.757091049446545927e-01
6.942117957370932402e+00 8.725399698817680738e-01
6.992117957370929560e+00 9.224467094306483261e-01
7.042117957370933823e+00 9.197629373954110399e-01
7.092117957370930981e+00 9.121684335510162889e-01
7.142117957370935244e+00 9.159085839405490814e-01
7.192117957370932402e+00 9.326964345439481274e-01
7.242117957370929560e+00 9.579353119817113349e-01
7.292117957370933823e+00 9.493700820820178965e-01
7.342117957370930981e+00 9.708402583639161865e-01
7.392117957370935244e+00 9.919392746834942987e-01
7.442117957370932402e+00 9.762649039670554529e-01
7.492117957370929560e+00 9.943946405880730310e-01
7.542117957370933823e+00 9.936523206634330085e-01
7.592117957370930981e+00 9.842591185401026177e-01
7.642117957370935244e+00 9.871712967059982358e-01
7.692117957370932402e+00 1.026143092749603358e+00
7.742117957370929560e+00 9.872569490049951657e-01
7.792117957370933823e+00 1.052609653139656043e+00
7.842117957370930981e+00 1.020290185651479442e+00
7.892117957370935244e+00 1.034908178013622893e+00
7.942117957370932402e+00 1.029740489307474416e+00
7.992117957370929560e+00 1.014009017058370876e+00
8.042117957370933823e+00 1.025514975890292613e+00
8.092117957370930981e+00 1.026885412674243492e+00
8.142117957370935244e+00 9.490274728860302877e-01
8.192117957370932402e+00 9.734383781001565428e-01
8.242117957370929560e+00 9.924246377111435313e-01
8.292117957370933823e+00 9.800050543565880234e-01
8.342117957370930981e+00 9.500553004739935581e-01
8.392117957370935244e+00 9.542808138911755833e-01
8.442117957370932402e+00 9.719251874845440398e-01
8.492117957370929560e+00 9.643021328738168307e-01
8.542117957370933823e+00 9.409761567803185400e-01
8.592117957370930981e+00 9.466292085141161383e-01
8.642117957370935244e+00 9.465150054487869724e-01
8.692117957370932402e+00 9.090564000207943529e-01
8.742117957370929560e+00 9.494557343810149375e-01
8.792117957370933823e+00 9.712114183262361422e-01
8.842117957370930981e+00 9.747517133514428389e-01
8.892117957370935244e+00 9.801763589545818833e-01
8.942117957370932402e+00 9.433458703859003425e-01
8.992117957370929560e+00 9.738951903614735395e-01
9.042117957370933823e+00 1.024401496003332301e+00
9.092117957370930981e+00 9.658438742557617918e-01
9.142117957370935244e+00 1.016264527598623513e+00
9.192117957370932402e+00 9.961076865680117409e-01
9.242117957370929560e+00 1.040018765187106675e+00
9.292117957370933823e+00 1.050097185702412617e+00
9.342117957370930981e+00 1.065543150288193130e+00
9.392117957370935244e+00 1.048526893554135420e+00
9.442117957370932402e+00 1.014294524721694124e+00
9.492117957370929560e+00 1.031282230689419377e+00
9.542117957370933823e+00 1.019604967259504003e+00
9.592117957370930981e+00 1.016835542925269786e+00
9.642117957370935244e+00 1.029683387774809944e+00
9.692117957370932402e+00 1.026342948113929454e+00
9.742117957370929560e+00 1.043758915576639357e+00
9.792117957370933823e+00 9.856581060903858438e-01
9.842117957370930981e+00 1.013752060161380086e+00
9.892117957370935244e+00 1.039990214420774217e+00
9.942117957370932402e+00 1.064458221167565277e+00
9.992117957370929560e+00 1.014009017058370876e+00
1.004211795737093382e+01 9.990198647339075810e-01
1.009211795737093098e+01 1.007870602296923934e+00
1.014211795737093524e+01 1.008784226819558150e+00
1.019211795737093240e+01 9.564221213660989429e-01
1.024211795737092956e+01 9.873711520703243316e-01
1.029211795737093382e+01 9.494842851473472845e-01
1.034211795737093098e+01 9.199056912270726638e-01
1.039211795737093524e+01 9.477997899337409216e-01
1.044211795737093240e+01 9.267578751468273923e-01
1.049211795737092956e+01 9.250733799332210294e-01
1.054211795737093382e+01 9.499410974086641701e-01
1.059211795737093098e+01 8.920972448194013360e-01
1.064211795737093524e+01 8.741673635627099648e-01
1.069211795737093240e+01 9.503979096699811668e-01
1.074211795737092956e+01 9.443736979738635018e-01
1.079211795737093382e+01 9.155945255108937086e-01
1.084211795737093098e+01 9.592486472329976310e-01
1.089211795737093524e+01 9.367791941294688618e-01
1.094211795737093240e+01 9.435457257502265493e-01
1.099211795737092956e+01 9.280141088654491055e-01
1.104211795737093382e+01 9.372931079234503304e-01
1.109211795737093098e+01 9.314687515916586502e-01
1.114211795737093524e+01 9.204481557873865905e-01
1.119211795737093240e+01 8.902699957741334602e-01
1.124211795737092956e+01 9.669573541427217700e-01
1.129211795737093382e+01 9.454300763281591191e-01
1.134211795737093098e+01 9.483708052603869731e-01
1.139211795737093524e+01 9.657296711904324038e-01
1.144211795737093240e+01 9.215616356743467907e-01
1.149211795737092956e+01 9.980776894449411296e-01
1.154211795737093382e+01 9.718966367182118038e-01
1.159211795737093098e+01 9.828030294571545866e-01
1.164211795737093524e+01 9.947943513167254448e-01
1.169211795737093240e+01 1.012524377209090831e+00
1.174211795737092956e+01 9.645590897708077316e-01
1.179211795737093382e+01 1.034251510387979689e+00
1.184211795737093098e+01 9.966501511283255565e-01
1.189211795737093524e+01 1.033280784332681002e+00
1.194211795737093240e+01 1.006785673176296081e+00
1.199211795737092956e+01 9.870285428743366118e-01
1.204211795737093382e+01 9.886559365552783918e-01
1.209211795737093098e+01 1.010582925098493678e+00
1.214211795737093524e+01 1.039904562121777509e+00
1.219211795737093240e+01 1.000961316844504623e+00
1.224211795737092956e+01 1.009612199043195213e+00
1.229211795737093382e+01 1.010839881995484246e+00
1.234211795737093098e+01 1.012181768013103111e+00
1.239211795737093524e+01 9.713827229242301131e-01
1.244211795737093240e+01 9.843162200727672007e-01
1.249211795737092956e+01 9.852012938290687361e-01
1.254211795737093382e+01 9.556512506751264624e-01
1.259211795737093098e+01 1.022345840827405761e+00
1.264211795737093524e+01 9.915966654875064679e-01
1.269211795737093240e+01 1.002188999796794100e+00
1.274211795737092956e+01 9.687846031879897568e-01
1.279211795737093382e+01 9.348948435515360700e-01
1.284211795737093098e+01 9.437741318808849922e-01
1.289211795737093524e+01 9.527390725092306223e-01
1.294211795737093240e+01 9.258442506241935099e-01
1.299211795737092956e+01 9.772070792560215713e-01
1.304211795737093382e+01 9.448876117678450814e-01
1.309211795737093098e+01 9.420325351346138243e-01
1.314211795737093524e+01 9.341239728605638115e-01
1.319211795737093240e+01 8.929823185757029824e-01
1.324211795737092956e+01 9.761792516680583010e-01
1.329211795737093382e+01 9.375215140541087733e-01
1.334211795737093098e+01 9.967358034273225975e-01
1.339211795737093524e+01 9.618182162029056403e-01
1.344211795737093240e+01 9.889699949849339866e-01
1.349211795737092956e+01 9.429176088909156928e-01
1.354211795737093382e+01 9.431174642552417886e-01
1.359211795737093098e+01 9.548803799841542039e-01
1.364211795737093524e+01 9.761221501353938290e-01
1.369211795737093240e+01 9.673856156377065307e-01
1.374211795737092956e+01 9.669573541427217700e-01
1.379211795737093382e+01 1.029055270915498976e+00
1.384211795737093098e+01 1.037249340852872237e+00
1.389211795737093524e+01 9.731243196705010590e-01
1.394211795737093240e+01 9.771785284896893353e-01
1.399211795737092956e+01 9.892840534145894704e-01
1.404211795737093382e+01 9.932240591684482478e-01
1.409211795737093098e+01 9.654156127607770310e-01
1.414211795737093524e+01 9.905973886658756555e-01
1.419211795737093240e+01 9.620180715672319582e-01
1.424211795737092956e+01 9.714112736905623491e-01
1.429211795737093382e+01 9.852012938290687361e-01
1.434211795737093098e+01 1.028370052523523759e+00
1.439211795737093524e+01 1.005301033327016036e+00
1.444211795737093240e+01 9.989627632012427760e-01
1.449211795737092956e+01 1.008784226819558150e+00
1.454211795737093382e+01 9.543093646575079303e-01
1.459211795737093098e+01 9.811185342435482237e-01
1.464211795737093524e+01 1.008612922221564290e+00
1.469211795737093240e+01 1.020518591782137996e+00
1.474211795737092956e+01 9.743805533891227721e-01
1.479211795737093382e+01 1.010668577397490608e+00
1.484211795737093098e+01 9.500838512403257941e-01
1.489211795737093524e+01 9.838308570451179680e-01
1.494211795737093240e+01 9.591344441676685761e-01
1.499211795737092956e+01 9.904831856005463786e-01
1.504211795737093382e+01 9.197914881617434979e-01
1.509211795737093098e+01 9.877423120326445094e-01
1.514211795737093524e+01 9.640451759768260409e-01
1.519211795737093240e+01 9.695554738789622373e-01
1.524211795737092956e+01 8.741673635627099648e-01
1.529211795737093382e+01 9.386349939410689736e-01
1.534211795737093098e+01 9.303838224710309079e-01
1.539211795737093524e+01 9.415471721069647026e-01
1.544211795737093240e+01 9.448876117678450814e-01
1.549211795737092956e+01 9.211619249456943770e-01
1.554211795737093382e+01 9.730672181378363650e-01
1.559211795737093098e+01 9.231033770562914187e-01
1.564211795737093524e+01 9.807188235148958100e-01
1.569211795737093240e+01 9.193917774330911952e-01
1.574211795737092956e+01 9.540809585268493764e-01
1.579211795737093382e+01 9.686704001226604799e-01
1.584211795737093098e+01 9.313545485263295953e-01
1.589211795737093524e+01 9.970498618569779703e-01
1.594211795737093240e+01 9.594770533636562959e-01
1.599211795737092956e+01 9.610758962782657289e-01
1.604211795737093382e+01 9.917108685528358558e-01
1.609211795737093098e+01 9.817466511028591913e-01
1.614211795737093524e+01 9.265865705488335324e-01
1.619211795737093240e+01 9.632743052858536714e-01
1.624211795737092956e+01 1.002360304394787960e+00
1.629211795737093382e+01 9.864575275476905603e-01
1.634211795737093098e+01 9.881705735276292701e-01
1.639211795737093524e+01 9.811470850098806817e-01
1.644211795737093240e+01 9.839165093441147869e-01
1.649211795737092956e+01 9.640451759768260409e-01
1.654211795737093382e+01 9.880849212286322292e-01
1.659211795737093098e+01 9.742377995574612592e-01
1.664211795737093524e+01 9.809472296455544749e-01
1.669211795737093240e+01 1.031710492184404027e+00
1.674211795737092956e+01 9.970784126233103173e-01
1.679211795737093382e+01 1.013580755563386226e+00
1.684211795737093098e+01 9.847444815677518504e-01
1.689211795737093524e+01 9.952797143443747885e-01
1.694211795737093240e+01 1.001161172208830719e+00
1.699211795737092956e+01 1.014836989282007940e+00
1.704211795737093382e+01 9.945944959523991269e-01
1.709211795737093098e+01 1.008184660726579418e+00
1.714211795737093524e+01 9.555655983761295325e-01
1.719211795737093240e+01 9.684990955246665090e-01
1.724211795737092956e+01 1.021032505576119576e+00
1.729211795737093382e+01 9.742377995574612592e-01
1.734211795737093098e+01 1.008955531417551787e+00
1.739211795737093524e+01 9.534528416675385198e-01
1.744211795737093240e+01 9.951655112790454005e-01
1.749211795737092956e+01 9.455728301598205210e-01
1.754211795737093382e+01 9.858008599220473567e-01
1.759211795737093098e+01 1.002617261291778750e+00
1.764211795737093524e+01 9.150520609505796710e-01
1.769211795737093240e+01 9.696125754116268203e-01
1.774211795737093667e+01 9.916823177865035088e-01
1.779211795737093382e+01 9.325822314786189615e-01
1.784211795737093098e+01 9.245880169055715747e-01
1.789211795737092814e+01 9.534528416675385198e-01
1.794211795737093240e+01 9.921676808141528525e-01
1.799211795737093667e+01 9.656725696577678208e-01
1.804211795737093382e+01 9.395771692300352029e-01
1.809211795737093098e+01 9.387491970063981395e-01
1.814211795737092814e+01 9.642735821074844837e-01
1.819211795737093240e+01 9.518539987529293089e-01
1.824211795737093667e+01 9.586490811400192324e-01
1.829211795737093382e+01 9.587347334390161624e-01
1.834211795737093098e+01 1.000732910713846291e+00
1.839211795737092814e+01 9.690415600849805466e-01
1.844211795737093240e+01 9.527961740418954273e-01
1.849211795737093667e+01 9.583350227103637486e-01
1.854211795737093382e+01 9.711828675599039062e-01
1.859211795737093098e+01 9.221897525336575363e-01
1.864211795737092814e+01 9.416899259386263266e-01
1.869211795737093240e+01 9.115403166917053213e-01
1.874211795737093667e+01 9.101698799077545532e-01
1.879211795737093382e+01 9.117687228223638751e-01
1.884211795737093098e+01 9.720393905498732057e-01
1.889211795737092814e+01 9.449161625341774284e-01
1.894211795737093240e+01 9.549374815168186759e-01
1.899211795737093667e+01 9.114832151590408493e-01
1.904211795737093382e+01 9.071720494428618942e-01
1.909211795737093098e+01 8.900986911761394893e-01
1.914211795737092814e+01 9.774925869193447081e-01
1.919211795737093240e+01 9.155088732118966677e-01
1.924211795737093667e+01 9.413473167426384958e-01
1.929211795737093382e+01 9.580780658133729588e-01
1.934211795737093098e+01 9.546234230871633031e-01
1.939211795737092814e+01 9.503693589036488198e-01
1.944211795737093240e+01 9.410332583129831230e-01
1.949211795737093667e+01 9.781207037786555647e-01
1.954211795737093382e+01 9.764076577987169658e-01
1.959211795737093098e+01 9.472002238407623009e-01
1.964211795737092814e+01 9.669002526100571870e-01
1.969211795737093240e+01 9.434029719185649254e-01
1.974211795737093667e+01 9.839736108767793699e-01
1.979211795737093382e+01 9.678424278990234164e-01
1.984211795737093098e+01 9.726389566428517153e-01
1.989211795737092814e+01 9.870856444070014168e-01
1.994211795737093240e+01 9.862862229496965893e-01
1.999211795737093667e+01 9.576498043183883091e-01
2.004211795737093382e+01 1.013637857096050920e+00
2.009211795737093098e+01 9.744376549217874661e-01
2.014211795737092814e+01 9.638167698461674870e-01
2.019211795737093240e+01 9.913968101231802610e-01
2.024211795737093667e+01 9.907972440302017514e-01
2.029211795737093382e+01 9.854868014923920949e-01
2.034211795737093098e+01 9.851441922964042641e-01
2.039211795737092814e+01 1.006385962447643889e+00
2.044211795737093240e+01 9.341525236268960475e-01
2.049211795737093667e+01 9.910542009271925412e-01
2.054211795737093382e+01 9.695554738789622373e-01
2.059211795737093098e+01 9.825460725601636858e-01
2.064211795737092814e+01 1.007927703829588628e+00
2.069211795737093240e+01 9.732099719694979889e-01
2.074211795737093667e+01 9.930813053367868459e-01
2.079211795737093382e+01 9.429747104235802757e-01
2.084211795737093098e+01 9.632743052858536714e-01
2.089211795737092814e+01 1.005500888691342132e+00
2.094211795737093240e+01 9.648160466677985214e-01
2.099211795737093667e+01 9.639595236778291110e-01
2.104211795737093382e+01 9.699551846076144290e-01
2.109211795737093098e+01 9.609331424466039939e-01
2.114211795737092814e+01 9.773212823213507372e-01
2.119211795737093240e+01 1.010268866668838195e+00
2.124211795737093667e+01 9.737524365298120266e-01
2.129211795737093382e+01 9.854296999597272899e-01
2.134211795737093098e+01 9.788059221706311153e-01
2.139211795737092814e+01 9.809186788792221279e-01
2.144211795737093240e+01 1.035878904068921358e+00
2.149211795737093667e+01 9.772070792560215713e-01
2.154211795737093382e+01 1.037477746983531013e+00
2.159211795737093098e+01 9.781778053113200366e-01
2.164211795737092814e+01 9.796053436279357207e-01
2.169211795737093240e+01 9.993910246962276478e-01
2.174211795737093667e+01 1.000304649218861419e+00
2.179211795737093382e+01 9.891127488165953885e-01
2.184211795737093098e+01 9.314973023579909972e-01
2.189211795737092814e+01 9.616754623712442385e-01
2.194211795737093240e+01 9.764076577987169658e-01
2.199211795737093667e+01 9.766646146957076446e-01
2.204211795737093382e+01 1.002331753628455502e+00
2.209211795737093098e+01 1.011325245023133812e+00
2.214211795737092814e+01 9.841734662411056878e-01
2.219211795737093240e+01 9.639309729114966530e-01
2.224211795737093667e+01 9.690701108513128936e-01
2.229211795737093382e+01 9.815753465048651094e-01
2.234211795737093098e+01 9.884275304246199489e-01
2.239211795737092814e+01 9.549660322831510229e-01
2.244211795737093240e+01 9.859436137537089806e-01
2.249211795737093667e+01 9.721250428488702466e-01
2.254211795737093382e+01 9.976494279499565909e-01
2.259211795737093098e+01 9.663006865170786774e-01
2.264211795737092814e+01 9.602479240546285544e-01
2.269211795737093240e+01 9.771499777233569883e-01
2.274211795737093667e+01 9.615041577732503786e-01
2.279211795737093382e+01 9.705261999342607027e-01
2.284211795737093098e+01 9.831170878868100704e-01
2.289211795737092814e+01 1.006956977774289941e+00
2.294211795737093240e+01 9.620751730998966522e-01
2.299211795737093667e+01 9.454015255618266611e-01
2.304211795737093382e+01 9.951940620453778585e-01
2.309211795737093098e+01 1.006871325475293233e+00
2.314211795737092814e+01 1.018291632008217595e+00
2.319211795737093240e+01 1.022973957686716728e+00
2.324211795737093667e+01 1.020118881053485582e+00
2.329211795737093382e+01 9.952797143443747885e-01
2.334211795737093098e+01 9.449447133005096644e-01
2.339211795737092814e+01 9.911684039925218181e-01
2.344211795737093240e+01 9.563364690671019019e-01
2.349211795737093667e+01 9.985916032389228203e-01
2.354211795737093382e+01 9.970784126233103173e-01
2.359211795737093098e+01 1.002588710525446514e+00
2.364211795737092814e+01 9.563364690671019019e-01
2.369211795737093240e+01 9.545377707881663731e-01
2.374211795737093667e+01 9.662721357507463305e-01
2.379211795737093382e+01 9.670144556753863530e-01
2.384211795737093098e+01 9.416613751722937575e-01
2.389211795737092814e+01 1.008041906894917794e+00
2.394211795737093240e+01 9.498839958759995872e-01
2.399211795737093667e+01 9.858294106883797037e-01
2.404211795737093382e+01 1.010925534294481398e+00
2.409211795737093098e+01 9.926815946081344322e-01
2.414211795737093524e+01 1.011839158817115392e+00
2.419211795737093240e+01 9.813754911405391246e-01
2.424211795737093667e+01 9.663577880497432604e-01
2.429211795737093382e+01 9.763220054997199249e-01
2.434211795737093098e+01 9.704119968689316478e-01
2.439211795737093524e+01 1.000618707648516903e+00
2.444211795737093240e+01 9.456870332251499089e-01
2.449211795737093667e+01 1.001246824507827871e+00
2.454211795737093382e+01 9.506834173333044147e-01
2.459211795737093098e+01 9.553657430118034366e-01
2.464211795737093524e+01 9.669288033763896451e-01
2.469211795737093240e+01 1.012552927975423067e+00
2.474211795737093667e+01 9.892555026482569014e-01
2.479211795737093382e+01 9.971926156886395942e-01
2.484211795737093098e+01 9.857152076230503157e-01
2.489211795737093524e+01 9.893697057135861783e-01
2.494211795737093240e+01 9.925102900101405723e-01
2.499211795737093667e+01 9.983631971082644885e-01
2.504211795737093382e+01 9.984488494072611964e-01
2.509211795737093098e+01 9.747802641177751859e-01
2.514211795737093524e+01 1.016721339859940620e+00
2.519211795737093240e+01 1.026428600412926384e+00
2.524211795737093667e+01 1.022145985463079665e+00
2.529211795737093382e+01 1.004501611869711208e+00
2.534211795737093098e+01 1.039362097561463472e+00
2.539211795737093524e+01 1.008241762259244112e+00
2.544211795737093240e+01 1.033309335099013460e+00
2.549211795737093667e+01 1.018234530475552901e+00
2.554211795737093382e+01 1.038277168440835618e+00
2.559211795737093098e+01 1.001132621442498483e+00
2.564211795737093524e+01 9.921676808141528525e-01
2.569211795737093240e+01 1.039048039131807988e+00
2.574211795737093667e+01 9.799765035902557875e-01
2.579211795737093382e+01 9.894839087789154553e-01
2.584211795737093098e+01 9.563079183007696660e-01
2.589211795737093524e+01 9.580209642807082648e-01
2.594211795737093240e+01 9.745518579871166320e-01
2.599211795737093667e+01 1.016264527598623513e+00
2.604211795737093382e+01 1.002760015123440374e+00
2.609211795737093098e+01 1.010440171266832055e+00
2.614211795737093524e+01 9.629887976225305346e-01
2.619211795737093240e+01 9.615612593059150726e-01
2.624211795737093667e+01 9.740950457257996353e-01
2.629211795737093382e+01 9.910542009271925412e-01
2.634211795737093098e+01 9.417184767049585625e-01
2.639211795737093524e+01 9.762934547333876889e-01
2.644211795737093240e+01 9.769501223590308925e-01
2.649211795737093667e+01 9.812041865425451537e-01
2.654211795737093382e+01 9.786060668063047974e-01
2.659211795737093098e+01 9.842305677737701597e-01
2.664211795737093524e+01 9.687560524216575208e-01
2.669211795737093240e+01 9.619038685019027923e-01
2.674211795737093667e+01 9.906259394322080025e-01
2.679211795737093382e+01 9.706975045322545625e-01
2.684211795737093098e+01 9.962218896333410179e-01
2.689211795737093524e+01 1.029369329345154682e+00
2.694211795737093240e+01 9.890270965175985696e-01
2.699211795737093667e+01 1.020946853277122646e+00
2.704211795737093382e+01 1.040818186644411503e+00
2.709211795737093098e+01 1.015036844646334036e+00
2.714211795737093524e+01 1.001104070676166247e+00
2.719211795737093240e+01 1.017435109018248518e+00
2.724211795737093667e+01 1.034108756556318065e+00
2.729211795737093382e+01 9.909399978618633753e-01
2.734211795737093098e+01 1.003416682749083355e+00
2.739211795737093524e+01 1.010725678930155302e+00
2.744211795737093240e+01 1.032881073604028810e+00
2.749211795737093667e+01 9.879707181633029522e-01
2.754211795737093382e+01 1.031510636820077931e+00
2.759211795737093098e+01 1.020804099445461022e+00
2.764211795737093524e+01 9.906830409648725855e-01
2.769211795737093240e+01 9.615612593059150726e-01
2.774211795737093667e+01 9.851441922964042641e-01
2.779211795737093382e+01 9.511402295946214114e-01
2.784211795737093098e+01 9.483137037277225012e-01
2.789211795737093524e+01 9.401196337903492406e-01
2.794211795737093240e+01 9.160227870058783584e-01
2.799211795737093667e+01 9.219613464029990935e-01
2.804211795737093382e+01 9.015475484753964208e-01
2.809211795737093098e+01 8.923542017163921258e-01
2.814211795737093524e+01 8.752808434496700540e-01
2.819211795737093240e+01 8.638890876830775944e-01
2.824211795737093667e+01 8.819617227714309227e-01
2.829211795737093382e+01 8.869010053469207344e-01
2.834211795737093098e+01 8.499848644792420416e-01
2.839211795737093524e+01 9.064582802845539966e-01
2.844211795737093240e+01 8.916975340907490333e-01
2.849211795737093667e+01 9.171077161265061006e-01
2.854211795737093382e+01 9.110835044303884356e-01
2.859211795737093098e+01 9.310404900966741115e-01
2.864211795737093524e+01 9.893126041809217064e-01
2.869211795737093240e+01 1.019662068792168697e+00
2.874211795737093667e+01 1.020918302510790410e+00
2.879211795737093382e+01 1.047270659835513706e+00
2.884211795737093098e+01 1.037334993151869611e+00
2.889211795737093524e+01 1.108569155150986418e+00
2.894211795737093240e+01 1.147569501960923555e+00
2.899211795737093667e+01 1.208896548042728281e+00
2.904211795737093382e+01 1.222058451321923922e+00
2.909211795737093098e+01 1.225827152477789284e+00
2.914211795737093524e+01 1.227311792327069551e+00
2.919211795737093240e+01 1.242129640053538875e+00
2.924211795737093667e+01 1.231879914940239074e+00
2.929211795737093382e+01 1.229710056698983145e+00
2.934211795737093098e+01 1.240473695606264748e+00
2.939211795737093524e+01 1.203757410102912262e+00
2.944211795737093240e+01 1.259945318244901413e+00
2.949211795737093667e+01 1.257118792378002281e+00
2.954211795737093382e+01 1.144343265365372453e+00
2.959211795737093098e+01 1.180231578645088097e+00
2.964211795737093524e+01 1.147826458857914345e+00
2.969211795737093240e+01 1.127812371658964086e+00
2.974211795737093667e+01 1.108797561281644750e+00
2.979211795737093382e+01 1.096349427160757006e+00
2.984211795737093098e+01 1.071396057386316603e+00
2.989211795737093524e+01 1.037477746983531013e+00
2.994211795737093240e+01 1.025514975890292613e+00
2.999211795737093667e+01 9.850870907637396812e-01
3.004211795737093382e+01 9.593342995319947830e-01
3.009211795737093098e+01 9.269862812774859462e-01
3.014211795737093524e+01 8.742530158617067837e-01
3.019211795737093240e+01 8.264019314887528500e-01
3.024211795737093667e+01 7.779512810228205177e-01
3.029211795737093382e+01 8.000781249303617892e-01
3.034211795737093098e+01 7.690434419271394706e-01
3.039211795737093524e+01 7.242758403180750149e-01
3.044211795737093240e+01 7.433763029943912803e-01
3.049211795737093667e+01 7.130839399158090952e-01
3.054211795737093382e+01 6.968100031063915178e-01
3.059211795737093098e+01 7.039191439231371472e-01
3.064211795737093524e+01 6.859321611337808600e-01
3.069211795737093240e+01 7.268454092879830242e-01
3.074211795737093667e+01 7.481728317382196902e-01
3.079211795737093382e+01 7.950531900558749365e-01
3.084211795737093098e+01 8.310842571672518719e-01
3.089211795737093524e+01 8.752808434496700540e-01
3.094211795737093240e+01 8.851879593669820245e-01
3.099211795737093667e+01 9.764647593313815488e-01
3.104211795737093382e+01 1.058976474031761539e+00
3.109211795737093098e+01 1.100546389811606796e+00
3.114211795737093524e+01 1.212979307628248904e+00
3.119211795737093240e+01 1.331893249402325896e+00
3.124211795737093667e+01 1.430964408575446267e+00
3.129211795737093382e+01 1.583368399257324421e+00
3.134211795737093098e+01 1.767320986736406585e+00
3.139211795737093524e+01 1.888547540583400686e+00
3.144211795737093240e+01 2.052257634732873814e+00
3.149211795737093667e+01 2.120779473930421766e+00
3.154211795737093382e+01 2.285745801798516830e+00
3.159211795737093098e+01 2.210771489409867119e+00
3.164211795737093524e+01 2.191385519070227605e+00
3.169211795737093240e+01 2.135054857096577052e+00
3.174211795737093667e+01 2.029988036993671585e+00
3.179211795737093382e+01 1.836299638195270978e+00
3.184211795737093098e+01 1.654888068919764477e+00
3.189211795737093524e+01 1.440443262997773699e+00
3.194211795737093240e+01 1.174235917715302557e+00
3.199211795737093667e+01 9.210477218803652111e-01
3.204211795737093382e+01 6.825060691739035512e-01
3.209211795737093098e+01 4.985249309284889851e-01
3.214211795737093524e+01 3.670486519681950832e-01
3.219211795737093240e+01 2.628669056215909294e-01
3.224211795737093667e+01 2.245803279699613020e-01
3.229211795737093382e+01 1.805264955192048548e-01
3.234211795737093098e+01 1.778427234839675686e-01
3.239211795737093524e+01 1.764151851673520233e-01
3.244211795737093240e+01 1.998268135598473827e-01
3.249211795737093667e+01 2.205261191507730811e-01
3.254211795737093382e+01 2.558434171038422855e-01
3.259211795737093098e+01 2.771993903204111875e-01
3.264211795737093524e+01 3.052076920924086112e-01
3.269211795737093240e+01 3.058929104843841063e-01
3.274211795737093667e+01 2.983269574063216467e-01
3.279211795737093382e+01 2.897331767402958613e-01
3.284211795737093098e+01 3.024668185245067420e-01
3.289211795737093524e+01 3.603677726464342701e-01
3.294211795737093240e+01 5.332426627885796799e-01
3.299211795737093667e+01 9.028037821940181340e-01
3.304211795737093382e+01 1.511648874230558270e+00
3.309211795737093098e+01 2.396722630532211351e+00
3.314211795737093524e+01 3.327791671395217143e+00
3.319211795737093240e+01 4.166127823210876713e+00
3.324211795737093667e+01 4.432420820792344784e+00
3.329211795737093382e+01 3.984002484777062314e+00
3.334211795737093098e+01 3.082540588600662268e+00
3.339211795737093524e+01 2.077239555273646676e+00
3.344211795737093240e+01 1.205584659148180249e+00
3.349211795737093667e+01 5.831494023374599323e-01
3.354211795737093382e+01 2.589268998677319300e-01
3.359211795737093098e+01 1.058376907938782807e-01
3.364211795737093524e+01 4.154136501351304855e-02
3.369211795737093240e+01 1.970002876929485142e-02
3.374211795737093667e+01 9.478854422327379764e-03
3.379211795737093382e+01 5.624500967465341505e-03
3.384211795737093098e+01 3.226236595551186005e-03
3.389211795737093524e+01 1.370436783950946310e-03
3.394211795737093240e+01 4.568122613169821214e-04
3.399211795737093667e+01 3.426091959877365775e-04
3.404211795737093382e+01 8.565229899693414437e-05
3.409211795737093098e+01 0.000000000000000000e+00
3.414211795737093524e+01 5.710153266462276517e-05
3.419211795737093240e+01 0.000000000000000000e+00
3.424211795737093667e+01 0.000000000000000000e+00
3.429211795737093382e+01 0.000000000000000000e+00
3.434211795737093098e+01 0.000000000000000000e+00
3.439211795737093524e+01 0.000000000000000000e+00
3.444211795737093240e+01 0.000000000000000000e+00
3.449211795737093667e+01 0.000000000000000000e+00
3.454211795737093382e+01 0.000000000000000000e+00
3.459211795737093098e+01 0.000000000000000000e+00
3.464211795737093524e+01 0.000000000000000000e+00
3.469211795737093240e+01 0.000000000000000000e+00
3.474211795737093667e+01 0.000000000000000000e+00
3.479211795737093382e+01 0.000000000000000000e+00
3.484211795737093098e+01 0.000000000000000000e+00
3.489211795737093524e+01 0.000000000000000000e+00
3.494211795737093240e+01 0.000000000000000000e+00
3.499211795737093667e+01 0.000000000000000000e+00
3.504211795737093382e+01 0.000000000000000000e+00
3.509211795737093098e+01 0.000000000000000000e+00
3.514211795737093524e+01 0.000000000000000000e+00
3.519211795737093240e+01 0.000000000000000000e+00
3.524211795737093667e+01 0.000000000000000000e+00
3.529211795737093382e+01 0.000000000000000000e+00
3.534211795737093098e+01 0.000000000000000000e+00
3.539211795737093524e+01 0.000000000000000000e+00
3.544211795737093240e+01 0.000000000000000000e+00
3.549211795737093667e+01 0.000000000000000000e+00
3.554211795737093382e+01 0.000000000000000000e+00
3.559211795737093098e+01 0.000000000000000000e+00
3.564211795737093524e+01 0.000000000000000000e+00
