-3.072482859261481281e+01 0.000000000000000000e+00
-3.067482859261481210e+01 0.000000000000000000e+00
-3.062482859261481138e+01 0.000000000000000000e+00
-3.057482859261481067e+01 0.000000000000000000e+00
-3.052482859261480996e+01 0.000000000000000000e+00
-3.047482859261481281e+01 0.000000000000000000e+00
-3.042482859261481210e+01 0.000000000000000000e+00
-3.037482859261481138e+01 0.000000000000000000e+00
-3.032482859261481067e+01 0.000000000000000000e+00
-3.027482859261480996e+01 0.000000000000000000e+00
-3.022482859261481281e+01 0.000000000000000000e+00
-3.017482859261481210e+01 0.000000000000000000e+00
-3.012482859261481138e+01 0.000000000000000000e+00
-3.007482859261481067e+01 0.000000000000000000e+00
-3.002482859261480996e+01 0.000000000000000000e+00
-2.997482859261481281e+01 0.000000000000000000e+00
-2.992482859261481210e+01 0.000000000000000000e+00
-2.987482859261481138e+01 0.000000000000000000e+00
-2.982482859261481067e+01 0.000000000000000000e+00
-2.977482859261480996e+01 0.000000000000000000e+00
-2.972482859261481281e+01 0.000000000000000000e+00
-2.967482859261481210e+01 0.000000000000000000e+00
-2.962482859261481138e+01 0.000000000000000000e+00
-2.957482859261481067e+01 0.000000000000000000e+00
-2.952482859261480996e+01 0.000000000000000000e+00
-2.947482859261481281e+01 0.000000000000000000e+00
-2.942482859261481210e+01 0.000000000000000000e+00
-2.937482859261481138e+01 0.000000000000000000e+00
-2.932482859261481067e+01 0.000000000000000000e+00
-2.927482859261480996e+01 0.000000000000000000e+00
-2.922482859261481281e+01 0.000000000000000000e+00
-2.917482859261481210e+01 0.000000000000000000e+00
-2.912482859261481138e+01 0.000000000000000000e+00
-2.907482859261481067e+01 0.000000000000000000e+00
-2.902482859261480996e+01 0.000000000000000000e+00
-2.897482859261481281e+01 0.000000000000000000e+00
-2.892482859261481210e+01 0.000000000000000000e+00
-2.887482859261481138e+01 0.000000000000000000e+00
-2.882482859261481067e+01 0.000000000000000000e+00
-2.877482859261480996e+01 0.000000000000000000e+00
-2.872482859261481281e+01 0.000000000000000000e+00
-2.867482859261481210e+01 0.000000000000000000e+00
-2.862482859261481138e+01 0.000000000000000000e+00
-2.857482859261481067e+01 0.000000000000000000e+00
-2.852482859261480996e+01 0.000000000000000000e+00
-2.847482859261481281e+01 0.000000000000000000e+00
-2.842482859261481210e+01 0.000000000000000000e+00
-2.837482859261481138e+01 0.000000000000000000e+00
-2.832482859261481067e+01 0.000000000000000000e+00
-2.827482859261480996e+01 0.000000000000000000e+00
-2.822482859261481281e+01 0.000000000000000000e+00
-2.817482859261481210e+01 0.000000000000000000e+00
-2.812482859261481138e+01 0.000000000000000000e+00
-2.807482859261481067e+01 0.000000000000000000e+00
-2.802482859261480996e+01 0.000000000000000000e+00
-2.797482859261481281e+01 0.000000000000000000e+00
-2.792482859261481210e+01 0.000000000000000000e+00
-2.787482859261481138e+01 0.000000000000000000e+00
-2.782482859261481067e+01 0.000000000000000000e+00
-2.777482859261480996e+01 0.000000000000000000e+00
-2.772482859261481281e+01 0.000000000000000000e+00
-2.767482859261481210e+01 0.000000000000000000e+00
-2.762482859261481138e+01 0.000000000000000000e+00
-2.757482859261481067e+01 0.000000000000000000e+00
-2.752482859261480996e+01 0.000000000000000000e+00
-2.747482859261481281e+01 0.000000000000000000e+00
-2.742482859261481210e+01 0.000000000000000000e+00
-2.737482859261481138e+01 0.000000000000000000e+00
-2.732482859261481067e+01 0.000000000000000000e+00
-2.727482859261480996e+01 0.000000000000000000e+00
-2.722482859261481281e+01 0.000000000000000000e+00
-2.717482859261481210e+01 0.000000000000000000e+00
-2.712482859261481138e+01 0.000000000000000000e+00
-2.707482859261481067e+01 0.000000000000000000e+00
-2.702482859261480996e+01 0.000000000000000000e+00
-2.697482859261481281e+01 0.000000000000000000e+00
-2.692482859261481210e+01 0.000000000000000000e+00
-2.687482859261481138e+01 0.000000000000000000e+00
-2.682482859261481067e+01 0.000000000000000000e+00
-2.677482859261480996e+01 0.000000000000000000e+00
-2.672482859261481281e+01 0.000000000000000000e+00
-2.667482859261481210e+01 0.000000000000000000e+00
-2.662482859261481138e+01 0.000000000000000000e+00
-2.657482859261481067e+01 0.000000000000000000e+00
-2.652482859261480996e+01 0.000000000000000000e+00
-2.647482859261481281e+01 0.000000000000000000e+00
-2.642482859261481210e+01 0.000000000000000000e+00
-2.637482859261481138e+01 0.000000000000000000e+00
-2.632482859261481067e+01 0.000000000000000000e+00
-2.627482859261480996e+01 0.000000000000000000e+00
-2.622482859261481281e+01 0.000000000000000000e+00
-2.617482859261481210e+01 0.000000000000000000e+00
-2.612482859261481138e+01 0.000000000000000000e+00
-2.607482859261481067e+01 0.000000000000000000e+00
-2.602482859261480996e+01 0.000000000000000000e+00
-2.597482859261481281e+01 0.000000000000000000e+00
-2.592482859261480854e+01 0.000000000000000000e+00
-2.587482859261481138e+01 0.000000000000000000e+00
-2.582482859261481067e+01 0.000000000000000000e+00
-2.577482859261480996e+01 0.000000000000000000e+00
-2.572482859261481281e+01 0.000000000000000000e+00
-2.567482859261480854e+01 0.000000000000000000e+00
-2.562482859261481138e+01 0.000000000000000000e+00
-2.557482859261481067e+01 0.000000000000000000e+00
-2.552482859261480996e+01 0.000000000000000000e+00
-2.547482859261481281e+01 0.000000000000000000e+00
-2.542482859261480854e+01 0.000000000000000000e+00
-2.537482859261481138e+01 0.000000000000000000e+00
-2.532482859261481067e+01 0.000000000000000000e+00
-2.527482859261480996e+01 0.000000000000000000e+00
-2.522482859261481281e+01 0.000000000000000000e+00
-2.517482859261480854e+01 0.000000000000000000e+00
-2.512482859261481138e+01 0.000000000000000000e+00
-2.507482859261481067e+01 0.000000000000000000e+00
-2.502482859261480996e+01 0.000000000000000000e+00
-2.497482859261481281e+01 0.000000000000000000e+00
-2.492482859261480854e+01 0.000000000000000000e+00
-2.487482859261481138e+01 0.000000000000000000e+00
-2.482482859261481067e+01 0.000000000000000000e+00
-2.477482859261480996e+01 0.000000000000000000e+00
-2.472482859261481281e+01 0.000000000000000000e+00
-2.467482859261480854e+01 0.000000000000000000e+00
-2.462482859261481138e+01 0.000000000000000000e+00
-2.457482859261481067e+01 0.000000000000000000e+00
-2.452482859261480996e+01 0.000000000000000000e+00
-2.447482859261481281e+01 0.000000000000000000e+00
-2.442482859261480854e+01 0.000000000000000000e+00
-2.437482859261481138e+01 0.000000000000000000e+00
-2.432482859261481067e+01 0.000000000000000000e+00
-2.427482859261480996e+01 0.000000000000000000e+00
-2.422482859261481281e+01 0.000000000000000000e+00
-2.417482859261480854e+01 0.000000000000000000e+00
-2.412482859261481138e+01 0.000000000000000000e+00
-2.407482859261481067e+01 0.000000000000000000e+00
-2.402482859261480996e+01 0.000000000000000000e+00
-2.397482859261481281e+01 0.000000000000000000e+00
-2.392482859261480854e+01 0.000000000000000000e+00
-2.387482859261481138e+01 0.000000000000000000e+00
-2.382482859261481067e+01 0.000000000000000000e+00
-2.377482859261480996e+01 0.000000000000000000e+00
-2.372482859261481281e+01 0.000000000000000000e+00
-2.367482859261480854e+01 0.000000000000000000e+00
-2.362482859261481138e+01 0.000000000000000000e+00
-2.357482859261481067e+01 0.000000000000000000e+00
-2.352482859261480996e+01 0.000000000000000000e+00
-2.347482859261481281e+01 0.000000000000000000e+00
-2.342482859261480854e+01 0.000000000000000000e+00
-2.337482859261481138e+01 0.000000000000000000e+00
-2.332482859261481067e+01 0.000000000000000000e+00
-2.327482859261480996e+01 0.000000000000000000e+00
-2.322482859261481281e+01 0.000000000000000000e+00
-2.317482859261480854e+01 0.000000000000000000e+00
-2.312482859261481138e+01 0.000000000000000000e+00
-2.307482859261481067e+01 0.000000000000000000e+00
-2.302482859261480996e+01 0.000000000000000000e+00
-2.297482859261481281e+01 0.000000000000000000e+00
-2.292482859261480854e+01 0.000000000000000000e+00
-2.287482859261481138e+01 0.000000000000000000e+00
-2.282482859261481067e+01 0.000000000000000000e+00
-2.277482859261480996e+01 0.000000000000000000e+00
-2.272482859261481281e+01 0.000000000000000000e+00
-2.267482859261481210e+01 0.000000000000000000e+00
-2.262482859261481138e+01 0.000000000000000000e+00
-2.257482859261481067e+01 0.000000000000000000e+00
-2.252482859261480996e+01 0.000000000000000000e+00
-2.247482859261481281e+01 0.000000000000000000e+00
-2.242482859261481210e+01 0.000000000000000000e+00
-2.237482859261481138e+01 0.000000000000000000e+00
-2.232482859261481067e+01 0.000000000000000000e+00
-2.227482859261480996e+01 0.000000000000000000e+00
-2.222482859261481281e+01 0.000000000000000000e+00
-2.217482859261481210e+01 0.000000000000000000e+00
-2.212482859261481138e+01 0.000000000000000000e+00
-2.207482859261481067e+01 0.000000000000000000e+00
-2.202482859261480996e+01 0.000000000000000000e+00
-2.197482859261481281e+01 0.000000000000000000e+00
-2.192482859261481210e+01 0.000000000000000000e+00
-2.187482859261481138e+01 0.000000000000000000e+00
-2.182482859261481067e+01 0.000000000000000000e+00
-2.177482859261480996e+01 0.000000000000000000e+00
-2.172482859261481281e+01 0.000000000000000000e+00
-2.167482859261481210e+01 0.000000000000000000e+00
-2.162482859261481138e+01 0.000000000000000000e+00
-2.157482859261481067e+01 0.000000000000000000e+00
-2.152482859261480996e+01 0.000000000000000000e+00
-2.147482859261481281e+01 0.000000000000000000e+00
-2.142482859261481210e+01 0.000000000000000000e+00
-2.137482859261481138e+01 0.000000000000000000e+00
-2.132482859261481067e+01 0.000000000000000000e+00
-2.127482859261480996e+01 0.000000000000000000e+00
-2.122482859261481281e+01 0.000000000000000000e+00
-2.117482859261480854e+01 0.000000000000000000e+00
-2.112482859261481138e+01 0.000000000000000000e+00
-2.107482859261481067e+01 0.000000000000000000e+00
-2.102482859261480996e+01 0.000000000000000000e+00
-2.097482859261481281e+01 0.000000000000000000e+00
-2.092482859261480854e+01 0.000000000000000000e+00
-2.087482859261481138e+01 0.000000000000000000e+00
-2.082482859261481067e+01 0.000000000000000000e+00
-2.077482859261480996e+01 0.000000000000000000e+00
-2.072482859261481281e+01 0.000000000000000000e+00
-2.067482859261480854e+01 0.000000000000000000e+00
-2.062482859261481138e+01 0.000000000000000000e+00
-2.057482859261481067e+01 0.000000000000000000e+00
-2.052482859261480996e+01 0.000000000000000000e+00
-2.047482859261481281e+01 0.000000000000000000e+00
-2.042482859261480854e+01 0.000000000000000000e+00
-2.037482859261481138e+01 0.000000000000000000e+00
-2.032482859261481067e+01 0.000000000000000000e+00
-2.027482859261480996e+01 0.000000000000000000e+00
-2.022482859261481281e+01 0.000000000000000000e+00
-2.017482859261480854e+01 0.000000000000000000e+00
-2.012482859261481138e+01 0.000000000000000000e+00
-2.007482859261481067e+01 0.000000000000000000e+00
-2.002482859261480996e+01 0.000000000000000000e+00
-1.997482859261481281e+01 0.000000000000000000e+00
-1.992482859261480854e+01 0.000000000000000000e+00
-1.987482859261481138e+01 0.000000000000000000e+00
-1.982482859261481067e+01 0.000000000000000000e+00
-1.977482859261480996e+01 0.000000000000000000e+00
-1.972482859261481281e+01 0.000000000000000000e+00
-1.967482859261480854e+01 0.000000000000000000e+00
-1.962482859261481138e+01 0.000000000000000000e+00
-1.957482859261481067e+01 0.000000000000000000e+00
-1.952482859261480996e+01 0.000000000000000000e+00
-1.947482859261481281e+01 0.000000000000000000e+00
-1.942482859261480854e+01 0.000000000000000000e+00
-1.937482859261481138e+01 0.000000000000000000e+00
-1.932482859261481067e+01 0.000000000000000000e+00
-1.927482859261480996e+01 0.000000000000000000e+00
-1.922482859261481281e+01 0.000000000000000000e+00
-1.917482859261480854e+01 0.000000000000000000e+00
-1.912482859261481138e+01 0.000000000000000000e+00
-1.907482859261481067e+01 0.000000000000000000e+00
-1.902482859261480996e+01 0.000000000000000000e+00
-1.897482859261481281e+01 0.000000000000000000e+00
-1.892482859261480854e+01 0.000000000000000000e+00
-1.887482859261481138e+01 0.000000000000000000e+00
-1.882482859261481067e+01 0.000000000000000000e+00
-1.877482859261480996e+01 0.000000000000000000e+00
-1.872482859261481281e+01 0.000000000000000000e+00
-1.867482859261480854e+01 0.000000000000000000e+00
-1.862482859261481138e+01 0.000000000000000000e+00
-1.857482859261481067e+01 0.000000000000000000e+00
-1.852482859261480996e+01 0.000000000000000000e+00
-1.847482859261481281e+01 0.000000000000000000e+00
-1.842482859261480854e+01 0.000000000000000000e+00
-1.837482859261481138e+01 0.000000000000000000e+00
-1.832482859261481067e+01 0.000000000000000000e+00
-1.827482859261480996e+01 0.000000000000000000e+00
-1.822482859261481281e+01 0.000000000000000000e+00
-1.817482859261480854e+01 0.000000000000000000e+00
-1.812482859261481138e+01 0.000000000000000000e+00
-1.807482859261481067e+01 0.000000000000000000e+00
-1.802482859261480996e+01 0.000000000000000000e+00
-1.797482859261481281e+01 0.000000000000000000e+00
-1.792482859261480854e+01 0.000000000000000000e+00
-1.787482859261481138e+01 0.000000000000000000e+00
-1.782482859261481067e+01 0.000000000000000000e+00
-1.777482859261480996e+01 0.000000000000000000e+00
-1.772482859261481281e+01 0.000000000000000000e+00
-1.767482859261480854e+01 0.000000000000000000e+00
-1.762482859261481138e+01 0.000000000000000000e+00
-1.757482859261481067e+01 0.000000000000000000e+00
-1.752482859261480996e+01 0.000000000000000000e+00
-1.747482859261481281e+01 0.000000000000000000e+00
-1.742482859261480854e+01 0.000000000000000000e+00
-1.737482859261481138e+01 0.000000000000000000e+00
-1.732482859261481067e+01 0.000000000000000000e+00
-1.727482859261480996e+01 0.000000000000000000e+00
-1.722482859261481281e+01 0.000000000000000000e+00
-1.717482859261480854e+01 0.000000000000000000e+00
-1.712482859261481138e+01 0.000000000000000000e+00
-1.707482859261481067e+01 0.000000000000000000e+00
-1.702482859261480996e+01 0.000000000000000000e+00
-1.697482859261481281e+01 0.000000000000000000e+00
-1.692482859261480854e+01 0.000000000000000000e+00
-1.687482859261481138e+01 0.000000000000000000e+00
-1.682482859261481067e+01 0.000000000000000000e+00
-1.677482859261480996e+01 0.000000000000000000e+00
-1.672482859261481281e+01 0.000000000000000000e+00
-1.667482859261480854e+01 0.000000000000000000e+00
-1.662482859261481138e+01 0.000000000000000000e+00
-1.657482859261481067e+01 0.000000000000000000e+00
-1.652482859261480996e+01 0.000000000000000000e+00
-1.647482859261481281e+01 0.000000000000000000e+00
-1.642482859261480854e+01 0.000000000000000000e+00
-1.637482859261481138e+01 0.000000000000000000e+00
-1.632482859261481067e+01 0.000000000000000000e+00
-1.627482859261480996e+01 0.000000000000000000e+00
-1.622482859261481281e+01 0.000000000000000000e+00
-1.617482859261480854e+01 0.000000000000000000e+00
-1.612482859261481138e+01 0.000000000000000000e+00
-1.607482859261481067e+01 0.000000000000000000e+00
-1.602482859261480996e+01 0.000000000000000000e+00
-1.597482859261481103e+01 0.000000000000000000e+00
-1.592482859261481032e+01 0.000000000000000000e+00
-1.587482859261481138e+01 0.000000000000000000e+00
-1.582482859261481067e+01 0.000000000000000000e+00
-1.577482859261480996e+01 0.000000000000000000e+00
-1.572482859261481103e+01 0.000000000000000000e+00
-1.567482859261481032e+01 0.000000000000000000e+00
-1.562482859261481138e+01 0.000000000000000000e+00
-1.557482859261481067e+01 0.000000000000000000e+00
-1.552482859261480996e+01 0.000000000000000000e+00
-1.547482859261481103e+01 0.000000000000000000e+00
-1.542482859261481032e+01 0.000000000000000000e+00
-1.537482859261481138e+01 0.000000000000000000e+00
-1.532482859261481067e+01 0.000000000000000000e+00
-1.527482859261480996e+01 0.000000000000000000e+00
-1.522482859261481103e+01 0.000000000000000000e+00
-1.517482859261481032e+01 0.000000000000000000e+00
-1.512482859261481138e+01 0.000000000000000000e+00
-1.507482859261481067e+01 0.000000000000000000e+00
-1.502482859261480996e+01 0.000000000000000000e+00
-1.497482859261481103e+01 0.000000000000000000e+00
-1.492482859261481032e+01 0.000000000000000000e+00
-1.487482859261481138e+01 0.000000000000000000e+00
-1.482482859261481067e+01 0.000000000000000000e+00
-1.477482859261480996e+01 0.000000000000000000e+00
-1.472482859261481281e+01 0.000000000000000000e+00
-1.467482859261480854e+01 0.000000000000000000e+00
-1.462482859261481138e+01 0.000000000000000000e+00
-1.457482859261481067e+01 0.000000000000000000e+00
-1.452482859261480996e+01 0.000000000000000000e+00
-1.447482859261481281e+01 0.000000000000000000e+00
-1.442482859261480854e+01 0.000000000000000000e+00
-1.437482859261481138e+01 0.000000000000000000e+00
-1.432482859261481067e+01 0.000000000000000000e+00
-1.427482859261480996e+01 0.000000000000000000e+00
-1.422482859261481281e+01 0.000000000000000000e+00
-1.417482859261480854e+01 0.000000000000000000e+00
-1.412482859261481138e+01 0.000000000000000000e+00
-1.407482859261481067e+01 0.000000000000000000e+00
-1.402482859261480996e+01 0.000000000000000000e+00
-1.397482859261481281e+01 0.000000000000000000e+00
-1.392482859261480854e+01 0.000000000000000000e+00
-1.387482859261481138e+01 0.000000000000000000e+00
-1.382482859261481067e+01 0.000000000000000000e+00
-1.377482859261480996e+01 0.000000000000000000e+00
-1.372482859261481281e+01 0.000000000000000000e+00
-1.367482859261480854e+01 0.000000000000000000e+00
-1.362482859261481138e+01 0.000000000000000000e+00
-1.357482859261481067e+01 0.000000000000000000e+00
-1.352482859261480996e+01 0.000000000000000000e+00
-1.347482859261481281e+01 0.000000000000000000e+00
-1.342482859261480854e+01 0.000000000000000000e+00
-1.337482859261481138e+01 0.000000000000000000e+00
-1.332482859261481067e+01 0.000000000000000000e+00
-1.327482859261480996e+01 0.000000000000000000e+00
-1.322482859261481281e+01 0.000000000000000000e+00
-1.317482859261480854e+01 0.000000000000000000e+00
-1.312482859261481138e+01 0.000000000000000000e+00
-1.307482859261481067e+01 0.000000000000000000e+00
-1.302482859261480996e+01 0.000000000000000000e+00
-1.297482859261481281e+01 0.000000000000000000e+00
-1.292482859261480854e+01 0.000000000000000000e+00
-1.287482859261481138e+01 0.000000000000000000e+00
-1.282482859261481067e+01 0.000000000000000000e+00
-1.277482859261480996e+01 0.000000000000000000e+00
-1.272482859261481281e+01 0.000000000000000000e+00
-1.267482859261480854e+01 0.000000000000000000e+00
-1.262482859261481138e+01 0.000000000000000000e+00
-1.257482859261481067e+01 0.000000000000000000e+00
-1.252482859261480996e+01 0.000000000000000000e+00
-1.247482859261481281e+01 0.000000000000000000e+00
-1.242482859261480854e+01 0.000000000000000000e+00
-1.237482859261481138e+01 0.000000000000000000e+00
-1.232482859261481067e+01 0.000000000000000000e+00
-1.227482859261480996e+01 0.000000000000000000e+00
-1.222482859261481281e+01 0.000000000000000000e+00
-1.217482859261480854e+01 0.000000000000000000e+00
-1.212482859261481138e+01 0.000000000000000000e+00
-1.207482859261481067e+01 0.000000000000000000e+00
-1.202482859261480996e+01 0.000000000000000000e+00
-1.197482859261481281e+01 0.000000000000000000e+00
-1.192482859261480854e+01 0.000000000000000000e+00
-1.187482859261481138e+01 0.000000000000000000e+00
-1.182482859261481067e+01 0.000000000000000000e+00
-1.177482859261480996e+01 0.000000000000000000e+00
-1.172482859261481281e+01 0.000000000000000000e+00
-1.167482859261480854e+01 0.000000000000000000e+00
-1.162482859261481138e+01 0.000000000000000000e+00
-1.157482859261480712e+01 0.000000000000000000e+00
-1.152482859261480996e+01 0.000000000000000000e+00
-1.147482859261481281e+01 0.000000000000000000e+00
-1.142482859261480854e+01 0.000000000000000000e+00
-1.137482859261481138e+01 0.000000000000000000e+00
-1.132482859261480712e+01 0.000000000000000000e+00
-1.127482859261480996e+01 0.000000000000000000e+00
-1.122482859261481281e+01 0.000000000000000000e+00
-1.117482859261480854e+01 0.000000000000000000e+00
-1.112482859261481138e+01 0.000000000000000000e+00
-1.107482859261480712e+01 0.000000000000000000e+00
-1.102482859261480996e+01 0.000000000000000000e+00
-1.097482859261481281e+01 0.000000000000000000e+00
-1.092482859261480854e+01 0.000000000000000000e+00
-1.087482859261481138e+01 0.000000000000000000e+00
-1.082482859261480712e+01 0.000000000000000000e+00
-1.077482859261480996e+01 0.000000000000000000e+00
-1.072482859261481281e+01 0.000000000000000000e+00
-1.067482859261480854e+01 0.000000000000000000e+00
-1.062482859261481138e+01 0.000000000000000000e+00
-1.057482859261480712e+01 0.000000000000000000e+00
-1.052482859261480996e+01 0.000000000000000000e+00
-1.047482859261481281e+01 0.000000000000000000e+00
-1.042482859261480854e+01 0.000000000000000000e+00
-1.037482859261481138e+01 0.000000000000000000e+00
-1.032482859261480712e+01 0.000000000000000000e+00
-1.027482859261480996e+01 0.000000000000000000e+00
-1.022482859261481281e+01 0.000000000000000000e+00
-1.017482859261480854e+01 0.000000000000000000e+00
-1.012482859261481138e+01 0.000000000000000000e+00
-1.007482859261480712e+01 0.000000000000000000e+00
-1.002482859261480996e+01 0.000000000000000000e+00
-9.974828592614812806e+00 0.000000000000000000e+00
-9.924828592614808542e+00 0.000000000000000000e+00
-9.874828592614811384e+00 0.000000000000000000e+00
-9.824828592614807121e+00 0.000000000000000000e+00
-9.774828592614809963e+00 0.000000000000000000e+00
-9.724828592614812806e+00 0.000000000000000000e+00
-9.674828592614808542e+00 0.000000000000000000e+00
-9.624828592614811384e+00 0.000000000000000000e+00
-9.574828592614807121e+00 0.000000000000000000e+00
-9.524828592614809963e+00 0.000000000000000000e+00
-9.474828592614812806e+00 0.000000000000000000e+00
-9.424828592614808542e+00 0.000000000000000000e+00
-9.374828592614811384e+00 0.000000000000000000e+00
-9.324828592614807121e+00 0.000000000000000000e+00
-9.274828592614809963e+00 0.000000000000000000e+00
-9.224828592614812806e+00 0.000000000000000000e+00
-9.174828592614808542e+00 0.000000000000000000e+00
-9.124828592614811384e+00 0.000000000000000000e+00
-9.074828592614807121e+00 0.000000000000000000e+00
-9.024828592614809963e+00 0.000000000000000000e+00
-8.974828592614812806e+00 0.000000000000000000e+00
-8.924828592614808542e+00 0.000000000000000000e+00
-8.874828592614811384e+00 0.000000000000000000e+00
-8.824828592614807121e+00 0.000000000000000000e+00
-8.774828592614809963e+00 0.000000000000000000e+00
-8.724828592614812806e+00 0.000000000000000000e+00
-8.674828592614808542e+00 0.000000000000000000e+00
-8.624828592614811384e+00 0.000000000000000000e+00
-8.574828592614807121e+00 0.000000000000000000e+00
-8.524828592614809963e+00 0.000000000000000000e+00
-8.474828592614812806e+00 0.000000000000000000e+00
-8.424828592614808542e+00 0.000000000000000000e+00
-8.374828592614811384e+00 0.000000000000000000e+00
-8.324828592614807121e+00 0.000000000000000000e+00
-8.274828592614809963e+00 0.000000000000000000e+00
-8.224828592614812806e+00 0.000000000000000000e+00
-8.174828592614808542e+00 0.000000000000000000e+00
-8.124828592614811384e+00 0.000000000000000000e+00
-8.074828592614807121e+00 0.000000000000000000e+00
-8.024828592614809963e+00 0.000000000000000000e+00
-7.974828592614812806e+00 0.000000000000000000e+00
-7.924828592614808542e+00 0.000000000000000000e+00
-7.874828592614811384e+00 0.000000000000000000e+00
-7.824828592614807121e+00 0.000000000000000000e+00
-7.774828592614809963e+00 0.000000000000000000e+00
-7.724828592614812806e+00 0.000000000000000000e+00
-7.674828592614808542e+00 0.000000000000000000e+00
-7.624828592614811384e+00 0.000000000000000000e+00
-7.574828592614807121e+00 0.000000000000000000e+00
-7.524828592614809963e+00 0.000000000000000000e+00
-7.474828592614812806e+00 0.000000000000000000e+00
-7.424828592614808542e+00 0.000000000000000000e+00
-7.374828592614811384e+00 0.000000000000000000e+00
-7.324828592614807121e+00 0.000000000000000000e+00
-7.274828592614809963e+00 0.000000000000000000e+00
-7.224828592614812806e+00 0.000000000000000000e+00
-7.174828592614808542e+00 0.000000000000000000e+00
-7.124828592614811384e+00 0.000000000000000000e+00
-7.074828592614807121e+00 0.000000000000000000e+00
-7.024828592614809963e+00 0.000000000000000000e+00
-6.974828592614812806e+00 0.000000000000000000e+00
-6.924828592614808542e+00 0.000000000000000000e+00
-6.874828592614811384e+00 0.000000000000000000e+00
-6.824828592614807121e+00 0.000000000000000000e+00
-6.774828592614809963e+00 0.000000000000000000e+00
-6.724828592614812806e+00 0.000000000000000000e+00
-6.674828592614808542e+00 0.000000000000000000e+00
-6.624828592614811384e+00 0.000000000000000000e+00
-6.574828592614807121e+00 0.000000000000000000e+00
-6.524828592614809963e+00 0.000000000000000000e+00
-6.474828592614812806e+00 0.000000000000000000e+00
-6.424828592614808542e+00 0.000000000000000000e+00
-6.374828592614811384e+00 0.000000000000000000e+00
-6.324828592614807121e+00 0.000000000000000000e+00
-6.274828592614809963e+00 0.000000000000000000e+00
-6.224828592614812806e+00 0.000000000000000000e+00
-6.174828592614808542e+00 0.000000000000000000e+00
-6.124828592614811384e+00 0.000000000000000000e+00
-6.074828592614807121e+00 0.000000000000000000e+00
-6.024828592614809963e+00 0.000000000000000000e+00
-5.974828592614812806e+00 0.000000000000000000e+00
-5.924828592614808542e+00 0.000000000000000000e+00
-5.874828592614811384e+00 0.000000000000000000e+00
-5.824828592614807121e+00 0.000000000000000000e+00
-5.774828592614809963e+00 0.000000000000000000e+00
-5.724828592614812806e+00 0.000000000000000000e+00
-5.674828592614808542e+00 0.000000000000000000e+00
-5.624828592614811384e+00 0.000000000000000000e+00
-5.574828592614807121e+00 0.000000000000000000e+00
-5.524828592614809963e+00 0.000000000000000000e+00
-5.474828592614812806e+00 0.000000000000000000e+00
-5.424828592614808542e+00 0.000000000000000000e+00
-5.374828592614811384e+00 0.000000000000000000e+00
-5.324828592614807121e+00 0.000000000000000000e+00
-5.274828592614809963e+00 0.000000000000000000e+00
-5.224828592614812806e+00 0.000000000000000000e+00
-5.174828592614808542e+00 0.000000000000000000e+00
-5.124828592614811384e+00 0.000000000000000000e+00
-5.074828592614807121e+00 0.000000000000000000e+00
-5.024828592614809963e+00 0.000000000000000000e+00
-4.974828592614812806e+00 0.000000000000000000e+00
-4.924828592614808542e+00 0.000000000000000000e+00
-4.874828592614811384e+00 0.000000000000000000e+00
-4.824828592614807121e+00 0.000000000000000000e+00
-4.774828592614809963e+00 0.000000000000000000e+00
-4.724828592614812806e+00 0.000000000000000000e+00
-4.674828592614808542e+00 0.000000000000000000e+00
-4.624828592614811384e+00 0.000000000000000000e+00
-4.574828592614807121e+00 0.000000000000000000e+00
-4.524828592614809963e+00 0.000000000000000000e+00
-4.474828592614812806e+00 0.000000000000000000e+00
-4.424828592614808542e+00 0.000000000000000000e+00
-4.374828592614811384e+00 0.000000000000000000e+00
-4.324828592614807121e+00 0.000000000000000000e+00
-4.274828592614809963e+00 0.000000000000000000e+00
-4.224828592614812806e+00 0.000000000000000000e+00
-4.174828592614808542e+00 0.000000000000000000e+00
-4.124828592614811384e+00 0.000000000000000000e+00
-4.074828592614807121e+00 0.000000000000000000e+00
-4.024828592614809963e+00 0.000000000000000000e+00
-3.974828592614812806e+00 0.000000000000000000e+00
-3.924828592614808542e+00 0.000000000000000000e+00
-3.874828592614811384e+00 0.000000000000000000e+00
-3.824828592614807121e+00 0.000000000000000000e+00
-3.774828592614809963e+00 0.000000000000000000e+00
-3.724828592614812806e+00 0.000000000000000000e+00
-3.674828592614808542e+00 0.000000000000000000e+00
-3.624828592614811384e+00 0.000000000000000000e+00
-3.574828592614807121e+00 0.000000000000000000e+00
-3.524828592614809963e+00 0.000000000000000000e+00
-3.474828592614812806e+00 0.000000000000000000e+00
-3.424828592614808542e+00 0.000000000000000000e+00
-3.374828592614811384e+00 0.000000000000000000e+00
-3.324828592614807121e+00 0.000000000000000000e+00
-3.274828592614809963e+00 0.000000000000000000e+00
-3.224828592614812806e+00 0.000000000000000000e+00
-3.174828592614808542e+00 0.000000000000000000e+00
-3.124828592614811384e+00 0.000000000000000000e+00
-3.074828592614807121e+00 0.000000000000000000e+00
-3.024828592614809963e+00 0.000000000000000000e+00
-2.974828592614812806e+00 0.000000000000000000e+00
-2.924828592614808542e+00 0.000000000000000000e+00
-2.874828592614811384e+00 0.000000000000000000e+00
-2.824828592614807121e+00 0.000000000000000000e+00
-2.774828592614809963e+00 0.000000000000000000e+00
-2.724828592614812806e+00 0.000000000000000000e+00
-2.674828592614808542e+00 0.000000000000000000e+00
-2.624828592614811384e+00 0.000000000000000000e+00
-2.574828592614807121e+00 0.000000000000000000e+00
-2.524828592614809963e+00 0.000000000000000000e+00
-2.474828592614812806e+00 0.000000000000000000e+00
-2.424828592614808542e+00 0.000000000000000000e+00
-2.374828592614811384e+00 0.000000000000000000e+00
-2.324828592614807121e+00 0.000000000000000000e+00
-2.274828592614809963e+00 0.000000000000000000e+00
-2.224828592614812806e+00 0.000000000000000000e+00
-2.174828592614808542e+00 0.000000000000000000e+00
-2.124828592614811384e+00 0.000000000000000000e+00
-2.074828592614807121e+00 0.000000000000000000e+00
-2.024828592614809963e+00 0.000000000000000000e+00
-1.974828592614812806e+00 0.000000000000000000e+00
-1.924828592614808542e+00 0.000000000000000000e+00
-1.874828592614811384e+00 0.000000000000000000e+00
-1.824828592614807121e+00 0.000000000000000000e+00
-1.774828592614809963e+00 0.000000000000000000e+00
-1.724828592614812806e+00 0.000000000000000000e+00
-1.674828592614808542e+00 0.000000000000000000e+00
-1.624828592614811384e+00 0.000000000000000000e+00
-1.574828592614807121e+00 0.000000000000000000e+00
-1.524828592614809963e+00 0.000000000000000000e+00
-1.474828592614812806e+00 0.000000000000000000e+00
-1.424828592614808542e+00 0.000000000000000000e+00
-1.374828592614811384e+00 0.000000000000000000e+00
-1.324828592614807121e+00 0.000000000000000000e+00
-1.274828592614809963e+00 0.000000000000000000e+00
-1.224828592614812806e+00 0.000000000000000000e+00
-1.174828592614808542e+00 0.000000000000000000e+00
-1.124828592614811384e+00 0.000000000000000000e+00
-1.074828592614807121e+00 0.000000000000000000e+00
-1.024828592614809963e+00 0.000000000000000000e+00
-9.748285926148128056e-01 0.000000000000000000e+00
-9.248285926148085423e-01 0.000000000000000000e+00
-8.748285926148113845e-01 0.000000000000000000e+00
-8.248285926148071212e-01 0.000000000000000000e+00
-7.748285926148099634e-01 0.000000000000000000e+00
-7.248285926148128056e-01 0.000000000000000000e+00
-6.748285926148085423e-01 0.000000000000000000e+00
-6.248285926148113845e-01 0.000000000000000000e+00
-5.748285926148071212e-01 0.000000000000000000e+00
-5.248285926148099634e-01 0.000000000000000000e+00
-4.748285926148128056e-01 0.000000000000000000e+00
-4.248285926148085423e-01 0.000000000000000000e+00
-3.748285926148113845e-01 0.000000000000000000e+00
-3.248285926148071212e-01 0.000000000000000000e+00
-2.748285926148099634e-01 0.000000000000000000e+00
-2.248285926148128056e-01 0.000000000000000000e+00
-1.748285926148085423e-01 0.000000000000000000e+00
-1.248285926148113845e-01 0.000000000000000000e+00
-7.482859261480712121e-02 0.000000000000000000e+00
-2.482859261480996338e-02 0.000000000000000000e+00
2.517140738518719445e-02 0.000000000000000000e+00
7.517140738519145771e-02 0.000000000000000000e+00
1.251714073851886155e-01 0.000000000000000000e+00
1.751714073851928788e-01 0.000000000000000000e+00
2.251714073851900366e-01 0.000000000000000000e+00
2.751714073851871944e-01 0.000000000000000000e+00
3.251714073851914577e-01 0.000000000000000000e+00
3.751714073851886155e-01 0.000000000000000000e+00
4.251714073851928788e-01 0.000000000000000000e+00
4.751714073851900366e-01 0.000000000000000000e+00
5.251714073851871944e-01 0.000000000000000000e+00
5.751714073851914577e-01 0.000000000000000000e+00
6.251714073851886155e-01 0.000000000000000000e+00
6.751714073851928788e-01 0.000000000000000000e+00
7.251714073851900366e-01 0.000000000000000000e+00
7.751714073851871944e-01 0.000000000000000000e+00
8.251714073851914577e-01 0.000000000000000000e+00
8.751714073851886155e-01 0.000000000000000000e+00
9.251714073851928788e-01 0.000000000000000000e+00
9.751714073851900366e-01 0.000000000000000000e+00
1.025171407385187194e+00 0.000000000000000000e+00
1.075171407385191458e+00 0.000000000000000000e+00
1.125171407385188616e+00 0.000000000000000000e+00
1.175171407385192879e+00 0.000000000000000000e+00
1.225171407385190037e+00 0.000000000000000000e+00
1.275171407385194300e+00 0.000000000000000000e+00
1.325171407385191458e+00 0.000000000000000000e+00
1.375171407385188616e+00 0.000000000000000000e+00
1.425171407385185773e+00 0.000000000000000000e+00
1.475171407385190037e+00 0.000000000000000000e+00
1.525171407385194300e+00 1.141916473063171814e-04
1.575171407385191458e+00 5.709582365315859072e-05
1.625171407385188616e+00 2.283832946126343629e-04
1.675171407385185773e+00 2.340928769779502226e-03
1.725171407385190037e+00 6.052157307234810359e-03
1.775171407385194300e+00 3.043207400713353328e-02
1.825171407385191458e+00 9.734837932863539545e-02
1.875171407385188616e+00 3.952172913271637111e-01
1.925171407385185773e+00 1.073116005561115749e+00
1.975171407385190037e+00 2.293596331971033742e+00
2.025171407385194300e+00 3.587901558364485766e+00
2.075171407385191458e+00 4.480309282063354104e+00
2.125171407385188616e+00 4.789083496379636706e+00
2.175171407385185773e+00 4.148582546638502677e+00
2.225171407385190037e+00 3.071526929245319337e+00
2.275171407385194300e+00 2.043745007664811819e+00
2.325171407385191458e+00 1.182797082798833443e+00
2.375171407385188616e+00 7.409325035470388787e-01
2.425171407385185773e+00 5.012442358510792451e-01
2.475171407385190037e+00 3.746627948120266893e-01
2.525171407385194300e+00 3.405765880910909815e-01
2.575171407385191458e+00 3.397201507362936912e-01
2.625171407385188616e+00 3.393775757943746640e-01
2.675171407385185773e+00 3.397772465599467884e-01
2.725171407385190037e+00 3.296712857733377078e-01
2.775171407385194300e+00 3.116290054989395153e-01
2.825171407385191458e+00 2.848510642056081843e-01
2.875171407385188616e+00 2.452836584139692633e-01
2.925171407385185773e+00 2.193050586517821254e-01
2.975171407385190037e+00 2.042888570310014418e-01
3.025171407385194300e+00 1.966951124851313293e-01
3.075171407385191458e+00 2.062301150352088275e-01
3.125171407385188616e+00 2.464255748870324836e-01
3.175171407385185773e+00 3.082603519034032291e-01
3.225171407385190037e+00 4.285041565169552813e-01
3.275171407385194300e+00 6.065860304911570022e-01
3.325171407385191458e+00 8.503281016664909764e-01
3.375171407385188616e+00 1.066150315075430344e+00
3.425171407385185773e+00 1.296132292750353354e+00
3.475171407385190037e+00 1.596113750224048333e+00
3.525171407385194300e+00 1.845051541351819813e+00
3.575171407385191458e+00 2.034381292585693668e+00
3.625171407385188616e+00 2.238555957969388999e+00
3.675171407385185773e+00 2.149543568894114909e+00
3.725171407385190037e+00 2.050425219032231627e+00
3.775171407385194300e+00 2.088964899998113189e+00
3.825171407385191458e+00 1.964496004434227450e+00
3.875171407385188616e+00 1.914308775443100963e+00
3.925171407385185773e+00 1.860581605385478898e+00
3.975171407385190037e+00 1.759579093343041745e+00
4.025171407385194300e+00 1.610444801960990935e+00
4.075171407385191458e+00 1.360821860949381845e+00
4.125171407385188616e+00 1.292820734978470165e+00
4.175171407385185773e+00 1.096582389082563891e+00
4.225171407385190037e+00 1.024470363808624551e+00
4.275171407385194300e+00 9.012575763651082816e-01
4.325171407385191458e+00 8.099042585200545430e-01
4.375171407385188616e+00 7.776451181560201098e-01
4.425171407385185773e+00 7.608589460019912210e-01
4.475171407385190037e+00 6.908594662032190303e-01
4.525171407385194300e+00 6.572300260715084885e-01
4.575171407385191458e+00 6.551174805963416725e-01
4.625171407385188616e+00 6.451828072806919945e-01
4.675171407385185773e+00 7.179799824384691664e-01
4.725171407385190037e+00 7.020502476392380675e-01
4.775171407385194300e+00 7.334529506484752659e-01
4.825171407385191458e+00 7.410466951943452951e-01
4.875171407385188616e+00 7.892355703576113823e-01
4.925171407385185773e+00 8.084197671050724621e-01
4.975171407385190037e+00 9.247810557102097428e-01
5.025171407385194300e+00 9.557840879538749279e-01
5.075171407385191458e+00 1.075171455212629468e+00
5.125171407385188616e+00 1.096525293258910683e+00
5.175171407385185773e+00 1.149167642667122902e+00
5.225171407385190037e+00 1.198098763537879918e+00
5.275171407385194300e+00 1.205692508083749948e+00
5.325171407385191458e+00 1.282714774191860974e+00
5.375171407385188616e+00 1.313889093906485339e+00
5.425171407385185773e+00 1.343864401324393665e+00
5.475171407385190037e+00 1.333872632185091112e+00
5.525171407385194300e+00 1.395764505025114621e+00
5.575171407385191458e+00 1.388284952126551008e+00
5.625171407385188616e+00 1.334158111303356709e+00
5.675171407385185773e+00 1.321939605041580812e+00
5.725171407385190037e+00 1.311034302723827816e+00
5.775171407385194300e+00 1.287510823378726021e+00
5.825171407385191458e+00 1.293905555627880011e+00
5.875171407385188616e+00 1.302926695765079135e+00
5.925171407385185773e+00 1.290251422914078017e+00
5.975171407385190037e+00 1.237723265153171992e+00
6.025171407385194300e+00 1.255594257956610393e+00
6.075171407385191458e+00 1.147283480486568807e+00
6.125171407385188616e+00 1.236067486267230287e+00
6.175171407385185773e+00 1.207462478616998069e+00
6.225171407385190037e+00 1.097324634790055153e+00
6.275171407385194300e+00 1.088588973771121848e+00
6.325171407385191458e+00 1.051990550809446923e+00
6.375171407385188616e+00 9.714283436348403189e-01
6.425171407385185773e+00 9.815343044214495105e-01
6.475171407385190037e+00 9.805065795956925401e-01
6.525171407385194300e+00 9.533860633604420709e-01
6.575171407385191458e+00 8.964044313545899145e-01
6.625171407385188616e+00 9.541854048915864306e-01
6.675171407385185773e+00 8.668858905259069214e-01
6.725171407385190037e+00 9.393975865654181634e-01
6.775171407385194300e+00 8.825301462068723124e-01
6.825171407385191458e+00 8.877258661593097067e-01
6.875171407385188616e+00 8.976034436513060655e-01
6.925171407385185773e+00 9.093080875002036434e-01
6.975171407385190037e+00 9.300909673099534425e-01
7.025171407385194300e+00 9.443078273995898497e-01
7.075171407385191458e+00 9.206701564071821942e-01
7.125171407385188616e+00 9.581821125473075629e-01
7.175171407385185773e+00 9.867300243738867938e-01
7.225171407385190037e+00 1.026811292578404089e+00
7.275171407385194300e+00 9.852455329589047128e-01
7.325171407385191458e+00 1.058899145471479120e+00
7.375171407385188616e+00 1.034747612066193145e+00
7.425171407385185773e+00 1.132552757984053970e+00
7.475171407385190037e+00 1.097838497202933583e+00
7.525171407385194300e+00 1.157846207862402999e+00
7.575171407385191458e+00 1.185594778157838203e+00
7.625171407385188616e+00 1.184452861684775149e+00
7.675171407385192879e+00 1.239207756568153851e+00
7.725171407385190037e+00 1.220822901351837020e+00
7.775171407385194300e+00 1.190961785581234889e+00
7.825171407385191458e+00 1.179028758437725033e+00
7.875171407385188616e+00 1.262502852618642812e+00
7.925171407385192879e+00 1.193074331056401816e+00
7.975171407385190037e+00 1.229387274899810700e+00
8.025171407385194300e+00 1.240235481393910932e+00
8.075171407385191458e+00 1.196442984651938435e+00
8.125171407385188616e+00 1.118050418776151522e+00
8.175171407385192879e+00 1.102463258918839228e+00
8.225171407385190037e+00 1.068548339668862868e+00
8.275171407385194300e+00 1.185309299039572384e+00
8.325171407385191458e+00 1.104518708570352947e+00
8.375171407385188616e+00 1.107887362165889344e+00
8.425171407385192879e+00 1.046223872620478001e+00
8.475171407385190037e+00 1.069233489552700922e+00
8.525171407385194300e+00 1.042512644083022577e+00
8.575171407385191458e+00 1.082593912287539872e+00
8.625171407385188616e+00 9.947234396853289473e-01
8.675171407385192879e+00 1.002374280054852074e+00
8.725171407385190037e+00 1.021672668449619792e+00
8.775171407385194300e+00 1.006827754299798539e+00
8.825171407385191458e+00 1.005057783766550639e+00
8.875171407385188616e+00 1.004372633882712806e+00
8.925171407385192879e+00 1.046452255915090834e+00
8.975171407385190037e+00 1.026811292578404089e+00
9.025171407385194300e+00 1.006599371005185928e+00
9.075171407385191458e+00 1.050791538512730661e+00
9.125171407385188616e+00 1.040628481902468483e+00
9.175171407385192879e+00 1.038230457309035737e+00
9.225171407385190037e+00 1.032806354061985621e+00
9.275171407385194300e+00 1.060669116004727019e+00
9.325171407385191458e+00 1.072088280735358889e+00
9.375171407385188616e+00 1.089730890244184680e+00
9.425171407385192879e+00 1.104632900217659364e+00
9.475171407385190037e+00 1.062039415772402906e+00
9.525171407385194300e+00 1.082422624816580470e+00
9.575171407385191458e+00 1.104804187688618766e+00
9.625171407385188616e+00 1.131296649863684278e+00
9.675171407385192879e+00 1.097153347319095529e+00
9.725171407385190037e+00 1.148025726194059626e+00
9.775171407385194300e+00 1.151337283965943037e+00
9.825171407385191458e+00 1.146655426426383961e+00
9.875171407385188616e+00 1.120962305782462698e+00
9.925171407385192879e+00 1.121533264018994336e+00
9.975171407385190037e+00 1.089673794420531916e+00
1.002517140738519430e+01 1.093099543839721077e+00
1.007517140738519146e+01 1.080652654283332792e+00
1.012517140738518862e+01 1.093670502076252937e+00
1.017517140738519288e+01 1.056900791643618609e+00
1.022517140738519004e+01 1.062210703243362531e+00
1.027517140738519430e+01 1.090530231775328929e+00
1.032517140738519146e+01 1.099951042678100288e+00
1.037517140738518862e+01 1.072316664029971278e+00
1.042517140738519288e+01 1.058727858000519717e+00
1.047517140738519004e+01 1.099893946854447080e+00
1.052517140738519430e+01 1.096639484906217099e+00
1.057517140738519146e+01 1.036917253365013281e+00
1.062517140738518862e+01 1.036803061717706864e+00
1.067517140738519288e+01 1.078996875397391086e+00
1.072517140738519004e+01 1.024013597219399330e+00
1.077517140738519430e+01 1.064437440365835430e+00
1.082517140738519146e+01 1.086990290708833351e+00
1.087517140738518862e+01 1.078140438042593630e+00
1.092517140738519288e+01 1.101892300682307813e+00
1.097517140738519004e+01 1.069461872847313533e+00
1.102517140738519430e+01 1.092186010661270856e+00
1.107517140738519146e+01 1.103833558686515115e+00
1.112517140738518862e+01 1.033548599769476661e+00
1.117517140738519288e+01 1.116223352419250414e+00
1.122517140738519004e+01 1.070546693496723600e+00
1.127517140738519430e+01 1.037944978190770140e+00
1.132517140738519146e+01 1.099094605323302831e+00
1.137517140738518862e+01 1.082194241521967859e+00
1.142517140738519288e+01 1.065693548486205122e+00
1.147517140738519004e+01 1.104061941981127504e+00
1.152517140738519430e+01 1.098752030381383804e+00
1.157517140738519146e+01 1.094698226902009575e+00
1.162517140738518862e+01 1.139004586056860502e+00
1.167517140738519288e+01 1.110799249172200298e+00
1.172517140738519004e+01 1.109428949404524634e+00
1.177517140738519430e+01 1.089045740360346848e+00
1.182517140738519146e+01 1.132438566336747332e+00
1.187517140738518862e+01 1.038801415545567375e+00
1.192517140738519288e+01 1.074828880270710441e+00
1.197517140738519004e+01 1.060554924357420825e+00
1.202517140738519430e+01 1.077912054747981019e+00
1.207517140738519146e+01 1.122618084668403959e+00
1.212517140738518862e+01 1.064094865423916625e+00
1.217517140738519288e+01 1.121818743137259933e+00
1.222517140738519004e+01 1.102520354742492437e+00
1.227517140738519430e+01 1.032121204178147789e+00
1.232517140738519146e+01 1.097096251495442099e+00
1.237517140738518862e+01 1.108172841284154941e+00
1.242517140738519288e+01 1.086647715766914324e+00
1.247517140738519004e+01 1.079053971221044295e+00
1.252517140738519430e+01 1.100407809267325510e+00
1.257517140738519146e+01 1.059755582826276576e+00
1.262517140738518862e+01 1.111769878174304171e+00
1.267517140738519288e+01 1.018817877266961824e+00
1.272517140738519004e+01 1.060098157768195382e+00
1.277517140738519430e+01 1.024812938750543578e+00
1.282517140738519146e+01 1.042798123201288396e+00
1.287517140738518862e+01 1.055644683523249139e+00
1.292517140738519288e+01 1.025726471928994021e+00
1.297517140738519004e+01 1.034462132947927326e+00
1.302517140738519430e+01 1.050848634336384091e+00
1.307517140738519146e+01 9.869584076684994045e-01
1.312517140738518862e+01 1.042855219024941604e+00
1.317517140738519288e+01 1.084021307878868745e+00
1.322517140738519004e+01 1.077341096511449381e+00
1.327517140738519430e+01 1.057814324822069274e+00
1.332517140738519146e+01 1.061811032477790295e+00
1.337517140738518862e+01 1.061468457535871490e+00
1.342517140738519288e+01 1.052447317398672366e+00
1.347517140738519004e+01 1.078939779573737878e+00
1.352517140738519430e+01 1.097781401379280153e+00
1.357517140738519146e+01 1.091615052424738996e+00
1.362517140738518862e+01 1.083279062171377927e+00
1.367517140738519288e+01 1.120905209958809712e+00
1.372517140738519004e+01 1.117593652186926301e+00
1.377517140738519430e+01 1.075628221801854689e+00
1.382517140738519146e+01 1.129012816917557949e+00
1.387517140738518862e+01 1.112169548939876185e+00
1.392517140738519288e+01 1.049249951274095594e+00
1.397517140738519004e+01 1.153107254499190715e+00
1.402517140738519430e+01 1.093385022957986896e+00
1.407517140738519146e+01 1.129469583506783170e+00
1.412517140738518862e+01 1.067577710666759438e+00
1.417517140738519288e+01 1.135293357519405522e+00
1.422517140738519004e+01 1.112283740587182379e+00
1.427517140738519430e+01 1.088417686300162224e+00
1.432517140738519146e+01 1.047251597446234861e+00
1.437517140738518862e+01 1.109086374462605606e+00
1.442517140738519288e+01 1.095725951727766434e+00
1.447517140738519004e+01 1.091215381659166983e+00
1.452517140738519430e+01 1.094298556136437561e+00
1.457517140738519146e+01 1.062381990714321933e+00
1.462517140738518862e+01 1.092985352192415105e+00
1.467517140738519288e+01 1.062324894890668947e+00
1.472517140738519004e+01 1.028467071464345572e+00
1.477517140738519430e+01 1.063923577952957000e+00
1.482517140738519146e+01 1.050277676099852453e+00
1.487517140738518862e+01 1.132666949631359943e+00
1.492517140738519288e+01 1.043426177261473242e+00
1.497517140738519004e+01 1.042398452435716383e+00
1.502517140738519430e+01 1.095326280962194421e+00
1.507517140738519146e+01 1.069119297905394506e+00
1.512517140738518862e+01 1.113539848707552071e+00
1.517517140738519288e+01 1.107944457989542331e+00
1.522517140738519004e+01 1.066435794193696163e+00
1.527517140738519430e+01 1.095783047551419642e+00
1.532517140738519146e+01 1.061582649183177685e+00
1.537517140738518862e+01 1.054160192108267058e+00
1.542517140738519288e+01 1.105889008338028834e+00
1.547517140738519004e+01 1.087218674003445962e+00
1.552517140738519430e+01 1.096982059848136126e+00
1.557517140738519146e+01 1.076370467509345730e+00
1.562517140738518862e+01 1.084820649410013438e+00
1.567517140738519288e+01 1.076827234098570951e+00
1.572517140738519004e+01 1.049135759626789177e+00
1.577517140738519430e+01 1.048507705566604331e+00
1.582517140738519146e+01 1.091386669130126386e+00
1.587517140738518862e+01 1.081223612519864208e+00
1.592517140738519288e+01 1.036232103481175226e+00
1.597517140738519004e+01 1.049192855450442385e+00
1.602517140738519430e+01 1.047651268211806874e+00
1.607517140738519146e+01 1.037602403248851335e+00
1.612517140738518862e+01 1.072887622266503138e+00
1.617517140738519288e+01 1.075057263565323051e+00
1.622517140738519004e+01 1.099322988617915442e+00
1.627517140738519430e+01 1.049249951274095594e+00
1.632517140738519146e+01 1.044168422968964283e+00
1.637517140738518862e+01 1.102177779800573187e+00
1.642517140738519288e+01 1.057814324822069274e+00
1.647517140738519004e+01 1.100750384209244315e+00
1.652517140738519430e+01 1.063352619716425806e+00
1.657517140738519146e+01 1.081509091638130027e+00
1.662517140738518862e+01 1.045253243618374350e+00
1.667517140738519288e+01 1.106288679103600625e+00
1.672517140738519004e+01 1.115595298359065790e+00
1.677517140738519430e+01 1.121818743137259933e+00
1.682517140738519146e+01 1.087903823887283794e+00
1.687517140738518862e+01 1.071403130851521057e+00
1.692517140738519288e+01 1.030065754526634070e+00
1.697517140738519004e+01 1.081851666580049054e+00
1.702517140738519430e+01 1.125644163322021774e+00
1.707517140738519146e+01 1.075742413449161106e+00
1.712517140738518862e+01 1.126500600676819008e+00
1.717517140738519288e+01 1.083678732936949940e+00
1.722517140738519004e+01 1.056672408349005998e+00
1.727517140738519430e+01 1.137862669583797448e+00
1.732517140738519146e+01 1.088132207181896405e+00
1.737517140738518862e+01 1.049535430392361190e+00
1.742517140738519288e+01 1.040685577726121691e+00
1.747517140738519004e+01 1.093156639663374508e+00
1.752517140738519430e+01 1.093270831310680702e+00
1.757517140738519146e+01 1.097838497202933583e+00
1.762517140738518862e+01 1.092528585603189661e+00
1.767517140738519288e+01 1.037202732483279100e+00
1.772517140738519004e+01 1.124273863554345665e+00
1.777517140738519430e+01 1.113768232002164682e+00
1.782517140738519146e+01 1.034347941300620910e+00
1.787517140738518862e+01 1.132666949631359943e+00
1.792517140738519288e+01 1.069119297905394506e+00
1.797517140738519004e+01 1.087618344769017975e+00
1.802517140738519430e+01 1.087332865650752156e+00
1.807517140738519146e+01 1.070032831083845171e+00
1.812517140738518862e+01 1.056558216701699804e+00
1.817517140738519288e+01 1.035318570302724783e+00
1.822517140738519004e+01 1.086476428295954699e+00
1.827517140738519430e+01 1.087846728063630808e+00
1.832517140738519146e+01 1.032920545709292259e+00
1.837517140738518862e+01 1.046452255915090834e+00
1.842517140738519288e+01 1.026811292578404089e+00
1.847517140738519004e+01 1.111484399056038352e+00
1.852517140738519430e+01 1.061011690946646047e+00
1.857517140738519146e+01 1.103091312979023852e+00
1.862517140738518862e+01 1.076598850803958562e+00
1.867517140738519288e+01 1.030065754526634070e+00
1.872517140738519004e+01 1.069005106258088311e+00
1.877517140738519430e+01 1.055187916934024139e+00
1.882517140738519146e+01 1.025954855223606632e+00
1.887517140738518862e+01 1.070603789320376809e+00
1.892517140738519288e+01 1.070375406025764198e+00
1.897517140738519004e+01 1.081794570756395846e+00
1.902517140738519430e+01 1.128727337799292130e+00
1.907517140738519146e+01 1.037259828306932086e+00
1.912517140738518862e+01 1.084934841057319410e+00
1.917517140738519288e+01 1.080481366812373389e+00
