-3.073692804105845866e+01 0.000000000000000000e+00
-3.068692804105845795e+01 0.000000000000000000e+00
-3.063692804105845724e+01 0.000000000000000000e+00
-3.058692804105845653e+01 0.000000000000000000e+00
-3.053692804105845582e+01 0.000000000000000000e+00
-3.048692804105845866e+01 0.000000000000000000e+00
-3.043692804105845795e+01 0.000000000000000000e+00
-3.038692804105845724e+01 0.000000000000000000e+00
-3.033692804105845653e+01 0.000000000000000000e+00
-3.028692804105845582e+01 0.000000000000000000e+00
-3.023692804105845866e+01 0.000000000000000000e+00
-3.018692804105845795e+01 0.000000000000000000e+00
-3.013692804105845724e+01 0.000000000000000000e+00
-3.008692804105845653e+01 0.000000000000000000e+00
-3.003692804105845582e+01 0.000000000000000000e+00
-2.998692804105845866e+01 0.000000000000000000e+00
-2.993692804105845795e+01 0.000000000000000000e+00
-2.988692804105845724e+01 0.000000000000000000e+00
-2.983692804105845653e+01 0.000000000000000000e+00
-2.978692804105845582e+01 0.000000000000000000e+00
-2.973692804105845866e+01 0.000000000000000000e+00
-2.968692804105845795e+01 0.000000000000000000e+00
-2.963692804105845724e+01 0.000000000000000000e+00
-2.958692804105845653e+01 0.000000000000000000e+00
-2.953692804105845582e+01 0.000000000000000000e+00
-2.948692804105845866e+01 0.000000000000000000e+00
-2.943692804105845795e+01 0.000000000000000000e+00
-2.938692804105845724e+01 0.000000000000000000e+00
-2.933692804105845653e+01 0.000000000000000000e+00
-2.928692804105845582e+01 0.000000000000000000e+00
-2.923692804105845866e+01 0.000000000000000000e+00
-2.918692804105845795e+01 0.000000000000000000e+00
-2.913692804105845724e+01 0.000000000000000000e+00
-2.908692804105845653e+01 0.000000000000000000e+00
-2.903692804105845582e+01 0.000000000000000000e+00
-2.898692804105845866e+01 0.000000000000000000e+00
-2.893692804105845795e+01 0.000000000000000000e+00
-2.888692804105845724e+01 0.000000000000000000e+00
-2.883692804105845653e+01 0.000000000000000000e+00
-2.878692804105845582e+01 0.000000000000000000e+00
-2.873692804105845511e+01 0.000000000000000000e+00
-2.868692804105845795e+01 0.000000000000000000e+00
-2.863692804105845724e+01 0.000000000000000000e+00
-2.858692804105845653e+01 0.000000000000000000e+00
-2.853692804105845582e+01 0.000000000000000000e+00
-2.848692804105845511e+01 0.000000000000000000e+00
-2.843692804105845795e+01 0.000000000000000000e+00
-2.838692804105845724e+01 0.000000000000000000e+00
-2.833692804105845653e+01 0.000000000000000000e+00
-2.828692804105845582e+01 0.000000000000000000e+00
-2.823692804105845511e+01 0.000000000000000000e+00
-2.818692804105845795e+01 0.000000000000000000e+00
-2.813692804105845724e+01 0.000000000000000000e+00
-2.808692804105845653e+01 0.000000000000000000e+00
-2.803692804105845582e+01 0.000000000000000000e+00
-2.798692804105845511e+01 0.000000000000000000e+00
-2.793692804105845795e+01 0.000000000000000000e+00
-2.788692804105845724e+01 0.000000000000000000e+00
-2.783692804105845653e+01 0.000000000000000000e+00
-2.778692804105845582e+01 0.000000000000000000e+00
-2.773692804105845511e+01 0.000000000000000000e+00
-2.768692804105845795e+01 0.000000000000000000e+00
-2.763692804105845724e+01 0.000000000000000000e+00
-2.758692804105845653e+01 0.000000000000000000e+00
-2.753692804105845582e+01 0.000000000000000000e+00
-2.748692804105845511e+01 0.000000000000000000e+00
-2.743692804105845795e+01 0.000000000000000000e+00
-2.738692804105845724e+01 0.000000000000000000e+00
-2.733692804105845653e+01 0.000000000000000000e+00
-2.728692804105845582e+01 0.000000000000000000e+00
-2.723692804105845511e+01 0.000000000000000000e+00
-2.718692804105845795e+01 0.000000000000000000e+00
-2.713692804105845724e+01 0.000000000000000000e+00
-2.708692804105845653e+01 0.000000000000000000e+00
-2.703692804105845582e+01 0.000000000000000000e+00
-2.698692804105845511e+01 0.000000000000000000e+00
-2.693692804105845795e+01 0.000000000000000000e+00
-2.688692804105845724e+01 0.000000000000000000e+00
-2.683692804105845653e+01 0.000000000000000000e+00
-2.678692804105845582e+01 0.000000000000000000e+00
-2.673692804105845511e+01 0.000000000000000000e+00
-2.668692804105845795e+01 0.000000000000000000e+00
-2.663692804105845724e+01 0.000000000000000000e+00
-2.658692804105845653e+01 0.000000000000000000e+00
-2.653692804105845937e+01 0.000000000000000000e+00
-2.648692804105845511e+01 0.000000000000000000e+00
-2.643692804105845795e+01 0.000000000000000000e+00
-2.638692804105845724e+01 0.000000000000000000e+00
-2.633692804105845653e+01 0.000000000000000000e+00
-2.628692804105845937e+01 0.000000000000000000e+00
-2.623692804105845511e+01 0.000000000000000000e+00
-2.618692804105845795e+01 0.000000000000000000e+00
-2.613692804105845724e+01 0.000000000000000000e+00
-2.608692804105845653e+01 0.000000000000000000e+00
-2.603692804105845937e+01 0.000000000000000000e+00
-2.598692804105845511e+01 0.000000000000000000e+00
-2.593692804105845795e+01 0.000000000000000000e+00
-2.588692804105845724e+01 0.000000000000000000e+00
-2.583692804105845653e+01 0.000000000000000000e+00
-2.578692804105845937e+01 0.000000000000000000e+00
-2.573692804105845511e+01 0.000000000000000000e+00
-2.568692804105845795e+01 0.000000000000000000e+00
-2.563692804105845724e+01 0.000000000000000000e+00
-2.558692804105845653e+01 0.000000000000000000e+00
-2.553692804105845937e+01 0.000000000000000000e+00
-2.548692804105845511e+01 0.000000000000000000e+00
-2.543692804105845795e+01 0.000000000000000000e+00
-2.538692804105845724e+01 0.000000000000000000e+00
-2.533692804105845653e+01 0.000000000000000000e+00
-2.528692804105845937e+01 0.000000000000000000e+00
-2.523692804105845511e+01 0.000000000000000000e+00
-2.518692804105845795e+01 0.000000000000000000e+00
-2.513692804105845724e+01 0.000000000000000000e+00
-2.508692804105845653e+01 0.000000000000000000e+00
-2.503692804105845937e+01 0.000000000000000000e+00
-2.498692804105845511e+01 0.000000000000000000e+00
-2.493692804105845795e+01 0.000000000000000000e+00
-2.488692804105845724e+01 0.000000000000000000e+00
-2.483692804105845653e+01 0.000000000000000000e+00
-2.478692804105845937e+01 0.000000000000000000e+00
-2.473692804105845511e+01 0.000000000000000000e+00
-2.468692804105845795e+01 0.000000000000000000e+00
-2.463692804105845724e+01 0.000000000000000000e+00
-2.458692804105845653e+01 0.000000000000000000e+00
-2.453692804105845937e+01 0.000000000000000000e+00
-2.448692804105845511e+01 0.000000000000000000e+00
-2.443692804105845795e+01 0.000000000000000000e+00
-2.438692804105845724e+01 0.000000000000000000e+00
-2.433692804105845653e+01 0.000000000000000000e+00
-2.428692804105845937e+01 0.000000000000000000e+00
-2.423692804105845511e+01 0.000000000000000000e+00
-2.418692804105845795e+01 0.000000000000000000e+00
-2.413692804105845724e+01 0.000000000000000000e+00
-2.408692804105845653e+01 0.000000000000000000e+00
-2.403692804105845937e+01 0.000000000000000000e+00
-2.398692804105845511e+01 0.000000000000000000e+00
-2.393692804105845795e+01 0.000000000000000000e+00
-2.388692804105845724e+01 0.000000000000000000e+00
-2.383692804105845653e+01 0.000000000000000000e+00
-2.378692804105845937e+01 0.000000000000000000e+00
-2.373692804105845511e+01 0.000000000000000000e+00
-2.368692804105845795e+01 0.000000000000000000e+00
-2.363692804105845724e+01 0.000000000000000000e+00
-2.358692804105845653e+01 0.000000000000000000e+00
-2.353692804105845937e+01 0.000000000000000000e+00
-2.348692804105845511e+01 0.000000000000000000e+00
-2.343692804105845795e+01 0.000000000000000000e+00
-2.338692804105845724e+01 0.000000000000000000e+00
-2.333692804105845653e+01 0.000000000000000000e+00
-2.328692804105845937e+01 0.000000000000000000e+00
-2.323692804105845511e+01 0.000000000000000000e+00
-2.318692804105845795e+01 0.000000000000000000e+00
-2.313692804105845724e+01 0.000000000000000000e+00
-2.308692804105845653e+01 0.000000000000000000e+00
-2.303692804105845937e+01 0.000000000000000000e+00
-2.298692804105845511e+01 0.000000000000000000e+00
-2.293692804105845795e+01 0.000000000000000000e+00
-2.288692804105845724e+01 0.000000000000000000e+00
-2.283692804105845653e+01 0.000000000000000000e+00
-2.278692804105845937e+01 0.000000000000000000e+00
-2.273692804105845511e+01 0.000000000000000000e+00
-2.268692804105845795e+01 0.000000000000000000e+00
-2.263692804105845724e+01 0.000000000000000000e+00
-2.258692804105845653e+01 0.000000000000000000e+00
-2.253692804105845582e+01 0.000000000000000000e+00
-2.248692804105845511e+01 0.000000000000000000e+00
-2.243692804105845795e+01 0.000000000000000000e+00
-2.238692804105845724e+01 0.000000000000000000e+00
-2.233692804105845653e+01 0.000000000000000000e+00
-2.228692804105845582e+01 0.000000000000000000e+00
-2.223692804105845511e+01 0.000000000000000000e+00
-2.218692804105845795e+01 0.000000000000000000e+00
-2.213692804105845724e+01 0.000000000000000000e+00
-2.208692804105845653e+01 0.000000000000000000e+00
-2.203692804105845582e+01 0.000000000000000000e+00
-2.198692804105845511e+01 0.000000000000000000e+00
-2.193692804105845795e+01 0.000000000000000000e+00
-2.188692804105845724e+01 0.000000000000000000e+00
-2.183692804105845653e+01 0.000000000000000000e+00
-2.178692804105845582e+01 0.000000000000000000e+00
-2.173692804105845511e+01 0.000000000000000000e+00
-2.168692804105845795e+01 0.000000000000000000e+00
-2.163692804105845724e+01 0.000000000000000000e+00
-2.158692804105845653e+01 0.000000000000000000e+00
-2.153692804105845582e+01 0.000000000000000000e+00
-2.148692804105845511e+01 0.000000000000000000e+00
-2.143692804105845795e+01 0.000000000000000000e+00
-2.138692804105845724e+01 0.000000000000000000e+00
-2.133692804105845653e+01 0.000000000000000000e+00
-2.128692804105845582e+01 0.000000000000000000e+00
-2.123692804105845511e+01 0.000000000000000000e+00
-2.118692804105845795e+01 0.000000000000000000e+00
-2.113692804105845724e+01 0.000000000000000000e+00
-2.108692804105845653e+01 0.000000000000000000e+00
-2.103692804105845582e+01 0.000000000000000000e+00
-2.098692804105845511e+01 0.000000000000000000e+00
-2.093692804105845795e+01 0.000000000000000000e+00
-2.088692804105845724e+01 0.000000000000000000e+00
-2.083692804105845653e+01 0.000000000000000000e+00
-2.078692804105845582e+01 0.000000000000000000e+00
-2.073692804105845511e+01 0.000000000000000000e+00
-2.068692804105845795e+01 0.000000000000000000e+00
-2.063692804105845724e+01 0.000000000000000000e+00
-2.058692804105845653e+01 0.000000000000000000e+00
-2.053692804105845582e+01 0.000000000000000000e+00
-2.048692804105845511e+01 0.000000000000000000e+00
-2.043692804105845795e+01 0.000000000000000000e+00
-2.038692804105845724e+01 0.000000000000000000e+00
-2.033692804105845653e+01 0.000000000000000000e+00
-2.028692804105845582e+01 0.000000000000000000e+00
-2.023692804105845511e+01 0.000000000000000000e+00
-2.018692804105845795e+01 0.000000000000000000e+00
-2.013692804105845724e+01 0.000000000000000000e+00
-2.008692804105845653e+01 0.000000000000000000e+00
-2.003692804105845582e+01 0.000000000000000000e+00
-1.998692804105845511e+01 0.000000000000000000e+00
-1.993692804105845795e+01 0.000000000000000000e+00
-1.988692804105845724e+01 0.000000000000000000e+00
-1.983692804105845653e+01 0.000000000000000000e+00
-1.978692804105845582e+01 0.000000000000000000e+00
-1.973692804105845511e+01 0.000000000000000000e+00
-1.968692804105845795e+01 0.000000000000000000e+00
-1.963692804105845724e+01 0.000000000000000000e+00
-1.958692804105845653e+01 0.000000000000000000e+00
-1.953692804105845582e+01 0.000000000000000000e+00
-1.948692804105845511e+01 0.000000000000000000e+00
-1.943692804105845795e+01 0.000000000000000000e+00
-1.938692804105845724e+01 0.000000000000000000e+00
-1.933692804105845653e+01 0.000000000000000000e+00
-1.928692804105845582e+01 0.000000000000000000e+00
-1.923692804105845511e+01 0.000000000000000000e+00
-1.918692804105845795e+01 0.000000000000000000e+00
-1.913692804105845724e+01 0.000000000000000000e+00
-1.908692804105845653e+01 0.000000000000000000e+00
-1.903692804105845582e+01 0.000000000000000000e+00
-1.898692804105845511e+01 0.000000000000000000e+00
-1.893692804105845795e+01 0.000000000000000000e+00
-1.888692804105845724e+01 0.000000000000000000e+00
-1.883692804105845653e+01 0.000000000000000000e+00
-1.878692804105845582e+01 0.000000000000000000e+00
-1.873692804105845511e+01 0.000000000000000000e+00
-1.868692804105845795e+01 0.000000000000000000e+00
-1.863692804105845724e+01 0.000000000000000000e+00
-1.858692804105845653e+01 0.000000000000000000e+00
-1.853692804105845582e+01 0.000000000000000000e+00
-1.848692804105845511e+01 0.000000000000000000e+00
-1.843692804105845795e+01 0.000000000000000000e+00
-1.838692804105845724e+01 0.000000000000000000e+00
-1.833692804105845653e+01 0.000000000000000000e+00
-1.828692804105845582e+01 0.000000000000000000e+00
-1.823692804105845511e+01 0.000000000000000000e+00
-1.818692804105845795e+01 0.000000000000000000e+00
-1.813692804105845724e+01 0.000000000000000000e+00
-1.808692804105845653e+01 0.000000000000000000e+00
-1.803692804105845582e+01 0.000000000000000000e+00
-1.798692804105845511e+01 0.000000000000000000e+00
-1.793692804105845795e+01 0.000000000000000000e+00
-1.788692804105845724e+01 0.000000000000000000e+00
-1.783692804105845653e+01 0.000000000000000000e+00
-1.778692804105845582e+01 0.000000000000000000e+00
-1.773692804105845511e+01 0.000000000000000000e+00
-1.768692804105845795e+01 0.000000000000000000e+00
-1.763692804105845724e+01 0.000000000000000000e+00
-1.758692804105845653e+01 0.000000000000000000e+00
-1.753692804105845582e+01 0.000000000000000000e+00
-1.748692804105845511e+01 0.000000000000000000e+00
-1.743692804105845795e+01 0.000000000000000000e+00
-1.738692804105845724e+01 0.000000000000000000e+00
-1.733692804105845653e+01 0.000000000000000000e+00
-1.728692804105845582e+01 0.000000000000000000e+00
-1.723692804105845511e+01 0.000000000000000000e+00
-1.718692804105845795e+01 0.000000000000000000e+00
-1.713692804105845724e+01 0.000000000000000000e+00
-1.708692804105845653e+01 0.000000000000000000e+00
-1.703692804105845582e+01 0.000000000000000000e+00
-1.698692804105845511e+01 0.000000000000000000e+00
-1.693692804105845795e+01 0.000000000000000000e+00
-1.688692804105845724e+01 0.000000000000000000e+00
-1.683692804105845653e+01 0.000000000000000000e+00
-1.678692804105845582e+01 0.000000000000000000e+00
-1.673692804105845511e+01 0.000000000000000000e+00
-1.668692804105845795e+01 0.000000000000000000e+00
-1.663692804105845724e+01 0.000000000000000000e+00
-1.658692804105845653e+01 0.000000000000000000e+00
-1.653692804105845582e+01 0.000000000000000000e+00
-1.648692804105845511e+01 0.000000000000000000e+00
-1.643692804105845795e+01 0.000000000000000000e+00
-1.638692804105845724e+01 0.000000000000000000e+00
-1.633692804105845653e+01 0.000000000000000000e+00
-1.628692804105845582e+01 0.000000000000000000e+00
-1.623692804105845511e+01 0.000000000000000000e+00
-1.618692804105845795e+01 0.000000000000000000e+00
-1.613692804105845724e+01 0.000000000000000000e+00
-1.608692804105845653e+01 0.000000000000000000e+00
-1.603692804105845582e+01 0.000000000000000000e+00
-1.598692804105845688e+01 0.000000000000000000e+00
-1.593692804105845617e+01 0.000000000000000000e+00
-1.588692804105845724e+01 0.000000000000000000e+00
-1.583692804105845653e+01 0.000000000000000000e+00
-1.578692804105845582e+01 0.000000000000000000e+00
-1.573692804105845688e+01 0.000000000000000000e+00
-1.568692804105845617e+01 0.000000000000000000e+00
-1.563692804105845724e+01 0.000000000000000000e+00
-1.558692804105845653e+01 0.000000000000000000e+00
-1.553692804105845582e+01 0.000000000000000000e+00
-1.548692804105845688e+01 0.000000000000000000e+00
-1.543692804105845617e+01 0.000000000000000000e+00
-1.538692804105845724e+01 0.000000000000000000e+00
-1.533692804105845653e+01 0.000000000000000000e+00
-1.528692804105845582e+01 0.000000000000000000e+00
-1.523692804105845688e+01 0.000000000000000000e+00
-1.518692804105845617e+01 0.000000000000000000e+00
-1.513692804105845724e+01 0.000000000000000000e+00
-1.508692804105845653e+01 0.000000000000000000e+00
-1.503692804105845582e+01 0.000000000000000000e+00
-1.498692804105845688e+01 0.000000000000000000e+00
-1.493692804105845617e+01 0.000000000000000000e+00
-1.488692804105845724e+01 0.000000000000000000e+00
-1.483692804105845653e+01 0.000000000000000000e+00
-1.478692804105845582e+01 0.000000000000000000e+00
-1.473692804105845866e+01 0.000000000000000000e+00
-1.468692804105845440e+01 0.000000000000000000e+00
-1.463692804105845724e+01 0.000000000000000000e+00
-1.458692804105845653e+01 0.000000000000000000e+00
-1.453692804105845582e+01 0.000000000000000000e+00
-1.448692804105845866e+01 0.000000000000000000e+00
-1.443692804105845440e+01 0.000000000000000000e+00
-1.438692804105845724e+01 0.000000000000000000e+00
-1.433692804105845653e+01 0.000000000000000000e+00
-1.428692804105845582e+01 0.000000000000000000e+00
-1.423692804105845866e+01 0.000000000000000000e+00
-1.418692804105845440e+01 0.000000000000000000e+00
-1.413692804105845724e+01 0.000000000000000000e+00
-1.408692804105845653e+01 0.000000000000000000e+00
-1.403692804105845582e+01 0.000000000000000000e+00
-1.398692804105845866e+01 0.000000000000000000e+00
-1.393692804105845440e+01 0.000000000000000000e+00
-1.388692804105845724e+01 0.000000000000000000e+00
-1.383692804105845653e+01 0.000000000000000000e+00
-1.378692804105845582e+01 0.000000000000000000e+00
-1.373692804105845866e+01 0.000000000000000000e+00
-1.368692804105845440e+01 0.000000000000000000e+00
-1.363692804105845724e+01 0.000000000000000000e+00
-1.358692804105845653e+01 0.000000000000000000e+00
-1.353692804105845582e+01 0.000000000000000000e+00
-1.348692804105845866e+01 0.000000000000000000e+00
-1.343692804105845440e+01 0.000000000000000000e+00
-1.338692804105845724e+01 0.000000000000000000e+00
-1.333692804105845653e+01 0.000000000000000000e+00
-1.328692804105845582e+01 0.000000000000000000e+00
-1.323692804105845866e+01 0.000000000000000000e+00
-1.318692804105845440e+01 0.000000000000000000e+00
-1.313692804105845724e+01 0.000000000000000000e+00
-1.308692804105845653e+01 0.000000000000000000e+00
-1.303692804105845582e+01 0.000000000000000000e+00
-1.298692804105845866e+01 0.000000000000000000e+00
-1.293692804105845440e+01 0.000000000000000000e+00
-1.288692804105845724e+01 0.000000000000000000e+00
-1.283692804105845653e+01 0.000000000000000000e+00
-1.278692804105845582e+01 0.000000000000000000e+00
-1.273692804105845866e+01 0.000000000000000000e+00
-1.268692804105845440e+01 0.000000000000000000e+00
-1.263692804105845724e+01 0.000000000000000000e+00
-1.258692804105845653e+01 0.000000000000000000e+00
-1.253692804105845582e+01 0.000000000000000000e+00
-1.248692804105845866e+01 0.000000000000000000e+00
-1.243692804105845440e+01 0.000000000000000000e+00
-1.238692804105845724e+01 0.000000000000000000e+00
-1.233692804105845653e+01 0.000000000000000000e+00
-1.228692804105845582e+01 0.000000000000000000e+00
-1.223692804105845866e+01 0.000000000000000000e+00
-1.218692804105845440e+01 0.000000000000000000e+00
-1.213692804105845724e+01 0.000000000000000000e+00
-1.208692804105845653e+01 0.000000000000000000e+00
-1.203692804105845582e+01 0.000000000000000000e+00
-1.198692804105845866e+01 0.000000000000000000e+00
-1.193692804105845440e+01 0.000000000000000000e+00
-1.188692804105845724e+01 0.000000000000000000e+00
-1.183692804105845653e+01 0.000000000000000000e+00
-1.178692804105845582e+01 0.000000000000000000e+00
-1.173692804105845866e+01 0.000000000000000000e+00
-1.168692804105845440e+01 0.000000000000000000e+00
-1.163692804105845724e+01 0.000000000000000000e+00
-1.158692804105845298e+01 0.000000000000000000e+00
-1.153692804105845582e+01 0.000000000000000000e+00
-1.148692804105845866e+01 0.000000000000000000e+00
-1.143692804105845440e+01 0.000000000000000000e+00
-1.138692804105845724e+01 0.000000000000000000e+00
-1.133692804105845298e+01 0.000000000000000000e+00
-1.128692804105845582e+01 0.000000000000000000e+00
-1.123692804105845866e+01 0.000000000000000000e+00
-1.118692804105845440e+01 0.000000000000000000e+00
-1.113692804105845724e+01 0.000000000000000000e+00
-1.108692804105845298e+01 0.000000000000000000e+00
-1.103692804105845582e+01 0.000000000000000000e+00
-1.098692804105845866e+01 0.000000000000000000e+00
-1.093692804105845440e+01 0.000000000000000000e+00
-1.088692804105845724e+01 0.000000000000000000e+00
-1.083692804105845298e+01 0.000000000000000000e+00
-1.078692804105845582e+01 0.000000000000000000e+00
-1.073692804105845866e+01 0.000000000000000000e+00
-1.068692804105845440e+01 0.000000000000000000e+00
-1.063692804105845724e+01 0.000000000000000000e+00
-1.058692804105845298e+01 0.000000000000000000e+00
-1.053692804105845582e+01 0.000000000000000000e+00
-1.048692804105845866e+01 0.000000000000000000e+00
-1.043692804105845440e+01 0.000000000000000000e+00
-1.038692804105845724e+01 0.000000000000000000e+00
-1.033692804105845298e+01 0.000000000000000000e+00
-1.028692804105845582e+01 0.000000000000000000e+00
-1.023692804105845866e+01 0.000000000000000000e+00
-1.018692804105845440e+01 0.000000000000000000e+00
-1.013692804105845724e+01 0.000000000000000000e+00
-1.008692804105845298e+01 0.000000000000000000e+00
-1.003692804105845582e+01 0.000000000000000000e+00
-9.986928041058458660e+00 0.000000000000000000e+00
-9.936928041058454397e+00 0.000000000000000000e+00
-9.886928041058457239e+00 0.000000000000000000e+00
-9.836928041058452976e+00 0.000000000000000000e+00
-9.786928041058455818e+00 0.000000000000000000e+00
-9.736928041058458660e+00 0.000000000000000000e+00
-9.686928041058454397e+00 0.000000000000000000e+00
-9.636928041058457239e+00 0.000000000000000000e+00
-9.586928041058452976e+00 0.000000000000000000e+00
-9.536928041058455818e+00 0.000000000000000000e+00
-9.486928041058458660e+00 0.000000000000000000e+00
-9.436928041058454397e+00 0.000000000000000000e+00
-9.386928041058457239e+00 0.000000000000000000e+00
-9.336928041058452976e+00 0.000000000000000000e+00
-9.286928041058455818e+00 0.000000000000000000e+00
-9.236928041058458660e+00 0.000000000000000000e+00
-9.186928041058454397e+00 0.000000000000000000e+00
-9.136928041058457239e+00 0.000000000000000000e+00
-9.086928041058452976e+00 0.000000000000000000e+00
-9.036928041058455818e+00 0.000000000000000000e+00
-8.986928041058458660e+00 0.000000000000000000e+00
-8.936928041058454397e+00 0.000000000000000000e+00
-8.886928041058457239e+00 0.000000000000000000e+00
-8.836928041058452976e+00 0.000000000000000000e+00
-8.786928041058455818e+00 0.000000000000000000e+00
-8.736928041058458660e+00 0.000000000000000000e+00
-8.686928041058454397e+00 0.000000000000000000e+00
-8.636928041058457239e+00 0.000000000000000000e+00
-8.586928041058452976e+00 0.000000000000000000e+00
-8.536928041058455818e+00 0.000000000000000000e+00
-8.486928041058458660e+00 0.000000000000000000e+00
-8.436928041058454397e+00 0.000000000000000000e+00
-8.386928041058457239e+00 0.000000000000000000e+00
-8.336928041058452976e+00 0.000000000000000000e+00
-8.286928041058455818e+00 0.000000000000000000e+00
-8.236928041058458660e+00 0.000000000000000000e+00
-8.186928041058454397e+00 0.000000000000000000e+00
-8.136928041058457239e+00 0.000000000000000000e+00
-8.086928041058452976e+00 0.000000000000000000e+00
-8.036928041058455818e+00 0.000000000000000000e+00
-7.986928041058458660e+00 0.000000000000000000e+00
-7.936928041058454397e+00 0.000000000000000000e+00
-7.886928041058457239e+00 0.000000000000000000e+00
-7.836928041058452976e+00 0.000000000000000000e+00
-7.786928041058455818e+00 0.000000000000000000e+00
-7.736928041058458660e+00 0.000000000000000000e+00
-7.686928041058454397e+00 0.000000000000000000e+00
-7.636928041058457239e+00 0.000000000000000000e+00
-7.586928041058452976e+00 0.000000000000000000e+00
-7.536928041058455818e+00 0.000000000000000000e+00
-7.486928041058458660e+00 0.000000000000000000e+00
-7.436928041058454397e+00 0.000000000000000000e+00
-7.386928041058457239e+00 0.000000000000000000e+00
-7.336928041058452976e+00 0.000000000000000000e+00
-7.286928041058455818e+00 0.000000000000000000e+00
-7.236928041058458660e+00 0.000000000000000000e+00
-7.186928041058454397e+00 0.000000000000000000e+00
-7.136928041058457239e+00 0.000000000000000000e+00
-7.086928041058452976e+00 0.000000000000000000e+00
-7.036928041058455818e+00 0.000000000000000000e+00
-6.986928041058458660e+00 0.000000000000000000e+00
-6.936928041058454397e+00 0.000000000000000000e+00
-6.886928041058457239e+00 0.000000000000000000e+00
-6.836928041058452976e+00 0.000000000000000000e+00
-6.786928041058455818e+00 0.000000000000000000e+00
-6.736928041058458660e+00 0.000000000000000000e+00
-6.686928041058454397e+00 0.000000000000000000e+00
-6.636928041058457239e+00 0.000000000000000000e+00
-6.586928041058452976e+00 0.000000000000000000e+00
-6.536928041058455818e+00 0.000000000000000000e+00
-6.486928041058458660e+00 0.000000000000000000e+00
-6.436928041058454397e+00 0.000000000000000000e+00
-6.386928041058457239e+00 0.000000000000000000e+00
-6.336928041058452976e+00 0.000000000000000000e+00
-6.286928041058455818e+00 0.000000000000000000e+00
-6.236928041058458660e+00 0.000000000000000000e+00
-6.186928041058454397e+00 0.000000000000000000e+00
-6.136928041058457239e+00 0.000000000000000000e+00
-6.086928041058452976e+00 0.000000000000000000e+00
-6.036928041058455818e+00 0.000000000000000000e+00
-5.986928041058458660e+00 0.000000000000000000e+00
-5.936928041058454397e+00 0.000000000000000000e+00
-5.886928041058457239e+00 0.000000000000000000e+00
-5.836928041058452976e+00 0.000000000000000000e+00
-5.786928041058455818e+00 0.000000000000000000e+00
-5.736928041058458660e+00 0.000000000000000000e+00
-5.686928041058454397e+00 0.000000000000000000e+00
-5.636928041058457239e+00 0.000000000000000000e+00
-5.586928041058452976e+00 0.000000000000000000e+00
-5.536928041058455818e+00 0.000000000000000000e+00
-5.486928041058458660e+00 0.000000000000000000e+00
-5.436928041058454397e+00 0.000000000000000000e+00
-5.386928041058457239e+00 0.000000000000000000e+00
-5.336928041058452976e+00 0.000000000000000000e+00
-5.286928041058455818e+00 0.000000000000000000e+00
-5.236928041058458660e+00 0.000000000000000000e+00
-5.186928041058454397e+00 0.000000000000000000e+00
-5.136928041058457239e+00 0.000000000000000000e+00
-5.086928041058452976e+00 0.000000000000000000e+00
-5.036928041058455818e+00 0.000000000000000000e+00
-4.986928041058458660e+00 0.000000000000000000e+00
-4.936928041058454397e+00 0.000000000000000000e+00
-4.886928041058457239e+00 0.000000000000000000e+00
-4.836928041058452976e+00 0.000000000000000000e+00
-4.786928041058455818e+00 0.000000000000000000e+00
-4.736928041058458660e+00 0.000000000000000000e+00
-4.686928041058454397e+00 0.000000000000000000e+00
-4.636928041058457239e+00 0.000000000000000000e+00
-4.586928041058452976e+00 0.000000000000000000e+00
-4.536928041058455818e+00 0.000000000000000000e+00
-4.486928041058458660e+00 0.000000000000000000e+00
-4.436928041058454397e+00 0.000000000000000000e+00
-4.386928041058457239e+00 0.000000000000000000e+00
-4.336928041058452976e+00 0.000000000000000000e+00
-4.286928041058455818e+00 0.000000000000000000e+00
-4.236928041058458660e+00 0.000000000000000000e+00
-4.186928041058454397e+00 0.000000000000000000e+00
-4.136928041058457239e+00 0.000000000000000000e+00
-4.086928041058452976e+00 0.000000000000000000e+00
-4.036928041058455818e+00 0.000000000000000000e+00
-3.986928041058458660e+00 0.000000000000000000e+00
-3.936928041058454397e+00 0.000000000000000000e+00
-3.886928041058457239e+00 0.000000000000000000e+00
-3.836928041058452976e+00 0.000000000000000000e+00
-3.786928041058455818e+00 0.000000000000000000e+00
-3.736928041058458660e+00 0.000000000000000000e+00
-3.686928041058454397e+00 0.000000000000000000e+00
-3.636928041058457239e+00 0.000000000000000000e+00
-3.586928041058452976e+00 0.000000000000000000e+00
-3.536928041058455818e+00 0.000000000000000000e+00
-3.486928041058458660e+00 0.000000000000000000e+00
-3.436928041058454397e+00 0.000000000000000000e+00
-3.386928041058457239e+00 0.000000000000000000e+00
-3.336928041058452976e+00 0.000000000000000000e+00
-3.286928041058455818e+00 0.000000000000000000e+00
-3.236928041058458660e+00 0.000000000000000000e+00
-3.186928041058454397e+00 0.000000000000000000e+00
-3.136928041058457239e+00 0.000000000000000000e+00
-3.086928041058452976e+00 0.000000000000000000e+00
-3.036928041058455818e+00 0.000000000000000000e+00
-2.986928041058458660e+00 0.000000000000000000e+00
-2.936928041058454397e+00 0.000000000000000000e+00
-2.886928041058457239e+00 0.000000000000000000e+00
-2.836928041058452976e+00 0.000000000000000000e+00
-2.786928041058455818e+00 0.000000000000000000e+00
-2.736928041058458660e+00 0.000000000000000000e+00
-2.686928041058454397e+00 0.000000000000000000e+00
-2.636928041058457239e+00 0.000000000000000000e+00
-2.586928041058452976e+00 0.000000000000000000e+00
-2.536928041058455818e+00 0.000000000000000000e+00
-2.486928041058458660e+00 0.000000000000000000e+00
-2.436928041058454397e+00 0.000000000000000000e+00
-2.386928041058457239e+00 0.000000000000000000e+00
-2.336928041058452976e+00 0.000000000000000000e+00
-2.286928041058455818e+00 0.000000000000000000e+00
-2.236928041058458660e+00 0.000000000000000000e+00
-2.186928041058454397e+00 0.000000000000000000e+00
-2.136928041058457239e+00 0.000000000000000000e+00
-2.086928041058452976e+00 0.000000000000000000e+00
-2.036928041058455818e+00 0.000000000000000000e+00
-1.986928041058458660e+00 0.000000000000000000e+00
-1.936928041058454397e+00 0.000000000000000000e+00
-1.886928041058457239e+00 0.000000000000000000e+00
-1.836928041058452976e+00 0.000000000000000000e+00
-1.786928041058455818e+00 0.000000000000000000e+00
-1.736928041058458660e+00 0.000000000000000000e+00
-1.686928041058454397e+00 0.000000000000000000e+00
-1.636928041058457239e+00 0.000000000000000000e+00
-1.586928041058452976e+00 0.000000000000000000e+00
-1.536928041058455818e+00 0.000000000000000000e+00
-1.486928041058458660e+00 0.000000000000000000e+00
-1.436928041058454397e+00 0.000000000000000000e+00
-1.386928041058457239e+00 0.000000000000000000e+00
-1.336928041058452976e+00 0.000000000000000000e+00
-1.286928041058455818e+00 0.000000000000000000e+00
-1.236928041058458660e+00 0.000000000000000000e+00
-1.186928041058454397e+00 0.000000000000000000e+00
-1.136928041058457239e+00 0.000000000000000000e+00
-1.086928041058452976e+00 0.000000000000000000e+00
-1.036928041058455818e+00 0.000000000000000000e+00
-9.869280410584586605e-01 0.000000000000000000e+00
-9.369280410584543972e-01 0.000000000000000000e+00
-8.869280410584572394e-01 0.000000000000000000e+00
-8.369280410584529761e-01 0.000000000000000000e+00
-7.869280410584558183e-01 0.000000000000000000e+00
-7.369280410584586605e-01 0.000000000000000000e+00
-6.869280410584543972e-01 0.000000000000000000e+00
-6.369280410584572394e-01 0.000000000000000000e+00
-5.869280410584529761e-01 0.000000000000000000e+00
-5.369280410584558183e-01 0.000000000000000000e+00
-4.869280410584586605e-01 0.000000000000000000e+00
-4.369280410584543972e-01 0.000000000000000000e+00
-3.869280410584572394e-01 0.000000000000000000e+00
-3.369280410584529761e-01 0.000000000000000000e+00
-2.869280410584558183e-01 0.000000000000000000e+00
-2.369280410584586605e-01 0.000000000000000000e+00
-1.869280410584543972e-01 0.000000000000000000e+00
-1.369280410584572394e-01 0.000000000000000000e+00
-8.692804105845297613e-02 0.000000000000000000e+00
-3.692804105845581830e-02 0.000000000000000000e+00
1.307195894154133953e-02 0.000000000000000000e+00
6.307195894154560278e-02 0.000000000000000000e+00
1.130719589415427606e-01 0.000000000000000000e+00
1.630719589415470239e-01 0.000000000000000000e+00
2.130719589415441817e-01 0.000000000000000000e+00
2.630719589415413395e-01 0.000000000000000000e+00
3.130719589415456028e-01 0.000000000000000000e+00
3.630719589415427606e-01 0.000000000000000000e+00
4.130719589415470239e-01 0.000000000000000000e+00
4.630719589415441817e-01 0.000000000000000000e+00
5.130719589415413395e-01 0.000000000000000000e+00
5.630719589415456028e-01 0.000000000000000000e+00
6.130719589415427606e-01 0.000000000000000000e+00
6.630719589415470239e-01 0.000000000000000000e+00
7.130719589415441817e-01 0.000000000000000000e+00
7.630719589415413395e-01 0.000000000000000000e+00
8.130719589415456028e-01 0.000000000000000000e+00
8.630719589415427606e-01 0.000000000000000000e+00
9.130719589415470239e-01 0.000000000000000000e+00
9.630719589415441817e-01 0.000000000000000000e+00
1.013071958941541340e+00 0.000000000000000000e+00
1.063071958941545603e+00 0.000000000000000000e+00
1.113071958941542761e+00 0.000000000000000000e+00
1.163071958941547024e+00 0.000000000000000000e+00
1.213071958941544182e+00 0.000000000000000000e+00
1.263071958941548445e+00 0.000000000000000000e+00
1.313071958941545603e+00 0.000000000000000000e+00
1.363071958941542761e+00 0.000000000000000000e+00
1.413071958941539918e+00 5.709582365315859072e-05
1.463071958941544182e+00 5.709582365315859072e-05
1.513071958941548445e+00 1.712874709594757925e-04
1.563071958941545603e+00 3.996707655721101283e-04
1.613071958941542761e+00 1.084820649410013190e-03
1.663071958941539918e+00 2.112545475166867619e-03
1.713071958941544182e+00 5.538294894356383252e-03
1.763071958941548445e+00 1.964096333668655450e-02
1.813071958941545603e+00 8.969753895911215802e-02
1.863071958941542761e+00 3.257316739412697837e-01
1.913071958941539918e+00 8.922364362279093797e-01
1.963071958941544182e+00 1.889186613035711337e+00
2.013071958941548445e+00 3.264910483958567866e+00
2.063071958941545603e+00 4.405056986488490978e+00
2.113071958941542761e+00 4.696131495472293693e+00
2.163071958941539918e+00 4.265800272598437637e+00
2.213071958941544182e+00 3.277585756809568984e+00
2.263071958941548445e+00 2.312609241247535863e+00
2.313071958941545603e+00 1.445266584132403498e+00
2.363071958941542761e+00 8.357686666349355420e-01
2.413071958941539918e+00 5.749549441873069711e-01
2.463071958941544182e+00 3.956740579163889882e-01
2.513071958941548445e+00 3.551360231226464159e-01
2.563071958941545603e+00 3.264739196487608797e-01
2.613071958941542761e+00 3.255032906466570619e-01
2.663071958941539918e+00 3.437168583920147125e-01
2.713071958941544182e+00 3.366940720826761546e-01
2.763071958941548445e+00 3.324689811323424671e-01
2.813071958941545603e+00 2.875916637409598464e-01
2.863071958941542761e+00 2.676652212860075042e-01
2.913071958941539918e+00 2.345496435671755031e-01
2.963071958941544182e+00 2.012627783773840440e-01
3.013071958941548445e+00 1.767686700301790148e-01
3.063071958941545603e+00 1.808224735095532720e-01
3.113071958941542761e+00 1.875597807006259832e-01
3.163071958941539918e+00 2.080571813921099078e-01
3.213071958941544182e+00 3.177953544534807273e-01
3.263071958941548445e+00 4.419216750754474399e-01
3.313071958941545603e+00 6.050444432525216021e-01
3.363071958941542761e+00 9.200991981706506673e-01
3.413071958941539918e+00 1.186850886278207673e+00
3.463071958941544182e+00 1.499964383192129214e+00
3.513071958941548445e+00 1.807254106093428847e+00
3.563071958941545603e+00 2.056420280515812937e+00
3.613071958941542761e+00 2.219143377927315086e+00
3.663071958941539918e+00 2.365936740539585248e+00
3.713071958941544182e+00 2.393114352598489258e+00
3.763071958941548445e+00 2.354289192514341433e+00
3.813071958941545603e+00 2.335733049827064978e+00
3.863071958941542761e+00 2.160905637801093349e+00
3.913071958941539918e+00 2.140294045462302730e+00
3.963071958941544182e+00 1.915336500268858044e+00
4.013071958941548445e+00 1.778477810972236783e+00
4.063071958941545603e+00 1.524173012421068618e+00
4.113071958941542761e+00 1.328391433114387787e+00
4.163071958941539918e+00 1.226304100422540344e+00
4.213071958941544182e+00 1.074086634563219400e+00
4.263071958941548445e+00 9.825049334235530507e-01
4.313071958941545603e+00 8.784763427274979719e-01
4.363071958941542761e+00 8.063072216299056461e-01
4.413071958941539918e+00 7.771883515667947773e-01
4.463071958941544182e+00 7.309407344077362145e-01
4.513071958941548445e+00 6.483801734052689891e-01
4.563071958941545603e+00 6.240002567053702931e-01
4.613071958941542761e+00 6.362758587907991759e-01
4.663071958941539918e+00 6.379887335003940896e-01
4.713071958941544182e+00 6.383313084423130057e-01
4.763071958941548445e+00 6.283966351266635497e-01
4.813071958941545603e+00 6.562023012457517401e-01
4.863071958941542761e+00 6.971971026287195894e-01
4.913071958941539918e+00 7.340239088850066818e-01
4.963071958941544182e+00 7.904345826543274223e-01
5.013071958941548445e+00 8.517554972578199601e-01
5.063071958941545603e+00 8.337703128070750314e-01
5.113071958941542761e+00 9.774234051184218508e-01
5.163071958941539918e+00 9.530434884185232658e-01
5.213071958941544182e+00 1.025612280281687605e+00
5.263071958941548445e+00 1.091786339895698621e+00
5.313071958941545603e+00 1.117936227128845106e+00
5.363071958941542761e+00 1.106631254045519874e+00
5.413071958941539918e+00 1.198098763537879918e+00
5.463071958941544182e+00 1.206149274672975169e+00
5.513071958941548445e+00 1.315373585321467642e+00
5.563071958941545603e+00 1.283685403193964625e+00
5.613071958941542761e+00 1.259762253083291483e+00
5.663071958941539918e+00 1.258677432433881194e+00
5.713071958941544182e+00 1.324794396224238557e+00
5.763071958941548445e+00 1.337241285780627287e+00
5.813071958941545603e+00 1.262160277676724007e+00
5.863071958941542761e+00 1.321482838452355590e+00
5.913071958941539918e+00 1.302355737528547497e+00
5.963071958941544182e+00 1.313717806435525937e+00
6.013071958941548445e+00 1.384345340294483417e+00
6.063071958941545603e+00 1.342322814085758598e+00
6.113071958941542761e+00 1.289680464677546157e+00
6.163071958941539918e+00 1.264272823151890490e+00
6.213071958941544182e+00 1.250741112946092137e+00
6.263071958941548445e+00 1.216483618754196971e+00
6.313071958941545603e+00 1.174004325956246930e+00
6.363071958941542761e+00 1.164983185819048028e+00
6.413071958941539918e+00 1.111027632466812909e+00
6.463071958941544182e+00 1.036803061717706864e+00
6.513071958941548445e+00 1.096810772377176724e+00
6.563071958941545603e+00 9.738834640519260510e-01
6.613071958941542761e+00 9.903270612640358017e-01
6.663071958941539918e+00 9.715425352821465133e-01
6.713071958941544182e+00 9.293487216024625130e-01
6.763071958941548445e+00 1.034290845476968146e+00
6.813071958941545603e+00 9.448787856361215987e-01
6.863071958941542761e+00 9.184434192847090728e-01
6.913071958941539918e+00 9.620646285557221677e-01
6.963071958941544182e+00 9.419668986298104230e-01
7.013071958941548445e+00 9.590956457257581169e-01
7.063071958941545603e+00 9.920970317972838126e-01
7.113071958941542761e+00 9.362002204408415018e-01
7.163071958941539918e+00 9.827333167181656615e-01
7.213071958941544182e+00 1.063295523892772376e+00
7.263071958941548445e+00 9.873009826104183206e-01
7.313071958941545603e+00 1.009625449658803298e+00
7.363071958941542761e+00 1.097895593026586347e+00
7.413071958941539918e+00 1.086876099061526935e+00
7.463071958941544182e+00 1.075913700920120508e+00
7.513071958941548445e+00 1.130497308332540030e+00
7.563071958941545603e+00 1.104575804394006155e+00
7.613071958941542761e+00 1.193416905998320843e+00
7.663071958941547024e+00 1.106459966574560250e+00
7.713071958941544182e+00 1.119934580956705616e+00
7.763071958941548445e+00 1.203237387666664215e+00
7.813071958941545603e+00 1.077226904864143187e+00
7.863071958941542761e+00 1.115880777477331387e+00
7.913071958941547024e+00 1.140374885824536388e+00
7.963071958941544182e+00 1.116109160771943998e+00
8.013071958941548445e+00 1.146027372366199115e+00
8.063071958941545603e+00 1.073001813913809332e+00
8.113071958941542761e+00 1.110856344995853506e+00
8.163071958941547024e+00 1.108287032931461358e+00
8.213071958941544182e+00 1.017733056617551757e+00
8.263071958941548445e+00 1.048736088861216942e+00
8.313071958941545603e+00 1.131810512276562930e+00
8.363071958941542761e+00 1.118507185365376966e+00
8.413071958941547024e+00 1.065579356838898928e+00
8.463071958941544182e+00 1.026868388402057297e+00
8.513071958941548445e+00 1.065350973544286095e+00
8.563071958941545603e+00 1.029608987937408848e+00
8.613071958941542761e+00 9.955798770401264042e-01
8.663071958941547024e+00 1.016191469378916690e+00
8.713071958941544182e+00 1.045595818560293377e+00
8.763071958941548445e+00 9.966646976895363608e-01
8.813071958941545603e+00 1.051476688396568493e+00
8.863071958941542761e+00 1.067178039901187425e+00
8.913071958941547024e+00 1.050448963570811856e+00
8.963071958941544182e+00 9.757676262324803673e-01
9.013071958941548445e+00 1.093385022957986896e+00
9.063071958941545603e+00 1.074600496976097830e+00
9.113071958941542761e+00 1.033206024827557856e+00
9.163071958941547024e+00 1.044910668676455545e+00
9.213071958941544182e+00 1.115024340122534152e+00
9.263071958941548445e+00 1.085163224351932243e+00
9.313071958941545603e+00 1.076598850803958562e+00
9.363071958941542761e+00 1.072602143148237541e+00
9.413071958941547024e+00 1.105260954277843766e+00
9.463071958941544182e+00 1.180741633147319503e+00
9.513071958941548445e+00 1.143743539420072786e+00
9.563071958941545603e+00 1.084877745233666202e+00
9.613071958941542761e+00 1.131125362392724876e+00
9.663071958941547024e+00 1.110970536643159701e+00
9.713071958941544182e+00 1.124787725967224317e+00
9.763071958941548445e+00 1.133409195338851205e+00
9.813071958941545603e+00 1.163955460993290947e+00
9.863071958941542761e+00 1.156704291389339945e+00
9.913071958941547024e+00 1.160301328279488953e+00
9.963071958941544182e+00 1.124502246848958276e+00
1.001307195894154844e+01 1.154249170972253991e+00
1.006307195894154560e+01 1.099322988617915442e+00
1.011307195894154276e+01 1.064665823660448263e+00
1.016307195894154702e+01 1.137063328052653421e+00
1.021307195894154418e+01 1.078996875397391086e+00
1.026307195894154844e+01 1.044625189558189504e+00
1.031307195894154560e+01 1.138547819467635502e+00
1.036307195894154276e+01 1.110970536643159701e+00
1.041307195894154702e+01 1.023442638982867692e+00
1.046307195894154418e+01 1.075571125978201703e+00
1.051307195894154844e+01 1.052732796516937963e+00
1.056307195894154560e+01 1.048450609742951123e+00
1.061307195894154276e+01 1.036688870070400670e+00
1.066307195894154702e+01 1.036631774246747462e+00
1.071307195894154418e+01 1.017333385851979743e+00
1.076307195894154844e+01 1.073801155444953581e+00
1.081307195894154560e+01 1.046280968444131210e+00
1.086307195894154276e+01 1.033320216474864051e+00
1.091307195894154702e+01 1.080652654283332792e+00
1.096307195894154418e+01 1.021330093507700987e+00
1.101307195894154844e+01 1.081280708343517416e+00
1.106307195894154560e+01 1.030351233644899889e+00
1.111307195894154276e+01 1.031321862647003540e+00
1.116307195894154702e+01 1.055416300228636528e+00
1.121307195894154418e+01 1.019560122974453087e+00
1.126307195894154844e+01 1.084363882820787772e+00
1.131307195894154560e+01 1.084478074468094411e+00
1.136307195894154276e+01 1.083279062171377927e+00
1.141307195894154702e+01 1.060326541062807992e+00
1.146307195894154418e+01 1.011966378428582836e+00
1.151307195894154844e+01 1.042112973317450786e+00
1.156307195894154560e+01 1.040799769373428107e+00
1.161307195894154276e+01 1.031835725059882192e+00
1.166307195894154702e+01 1.139061681880513710e+00
1.171307195894154418e+01 1.093042448016067869e+00
1.176307195894154844e+01 1.037944978190770140e+00
1.181307195894154560e+01 1.113825327825817890e+00
1.186307195894154276e+01 1.108001553813195539e+00
1.191307195894154702e+01 1.073686963797647387e+00
1.196307195894154418e+01 1.099893946854447080e+00
1.201307195894154844e+01 1.122047126431872766e+00
1.206307195894154560e+01 1.141459706473946456e+00
1.211307195894154276e+01 1.051191209278302896e+00
1.216307195894154702e+01 1.088132207181896405e+00
1.221307195894154418e+01 1.064266152894876027e+00
1.226307195894154844e+01 1.040742673549774899e+00
1.231307195894154560e+01 1.131011170745418237e+00
1.236307195894154276e+01 1.106003199985335028e+00
1.241307195894154702e+01 1.136378178168815367e+00
1.246307195894154418e+01 1.063181332245466182e+00
1.251307195894154844e+01 1.052504413222325574e+00
1.256307195894154560e+01 1.048336418095644929e+00
1.261307195894154276e+01 1.063238428069119390e+00
1.266307195894154702e+01 1.091329573306473399e+00
1.271307195894154418e+01 1.113596944531205279e+00
1.276307195894154844e+01 1.071916993264399487e+00
1.281307195894154560e+01 1.084592266115400827e+00
1.286307195894154276e+01 1.136549465639775214e+00
1.291307195894154702e+01 1.049364142921401788e+00
1.296307195894154418e+01 1.048050938977379110e+00
1.301307195894154844e+01 1.109885715993749855e+00
1.306307195894154560e+01 1.072031184911705681e+00
1.311307195894154276e+01 1.073915347092259998e+00
1.316307195894154702e+01 1.066549985841002579e+00
1.321307195894154418e+01 1.077512383982408783e+00
1.326307195894154844e+01 1.082936487229459122e+00
1.331307195894154560e+01 1.149681505080001553e+00
1.336307195894154276e+01 1.109200566109912023e+00
1.341307195894154702e+01 1.103433887920942880e+00
1.346307195894154418e+01 9.990627222829689957e-01
1.351307195894154844e+01 1.071745705793440084e+00
1.356307195894154560e+01 1.052961179811550796e+00
1.361307195894154276e+01 1.034519228771580313e+00
1.366307195894154702e+01 1.081566187461783013e+00
1.371307195894154418e+01 1.045024860323761740e+00
1.376307195894154844e+01 1.061068786770299255e+00
1.381307195894154560e+01 1.098181072144852166e+00
1.386307195894154276e+01 1.070432501849417406e+00
1.391307195894154702e+01 1.044967764500108531e+00
1.396307195894154418e+01 1.038344648956342153e+00
1.401307195894154844e+01 1.051191209278302896e+00
1.406307195894154560e+01 1.077226904864143187e+00
1.411307195894154276e+01 1.059755582826276576e+00
1.416307195894154702e+01 1.103776462862861907e+00
1.421307195894154418e+01 1.055473396052289736e+00
1.426307195894154844e+01 1.091158285835513775e+00
1.431307195894154560e+01 1.071117651733255016e+00
1.436307195894154276e+01 1.070775076791336211e+00
1.441307195894154702e+01 1.022015243391538819e+00
1.446307195894154418e+01 1.050506059394465064e+00
1.451307195894154844e+01 1.100807480032897523e+00
1.456307195894154560e+01 1.077455288158755575e+00
1.461307195894154276e+01 1.065065494426020276e+00
1.466307195894154702e+01 1.087903823887283794e+00
1.471307195894154418e+01 1.090929902540901164e+00
1.476307195894154844e+01 1.139803927588005195e+00
1.481307195894154560e+01 1.118849760307295771e+00
1.486307195894154276e+01 1.098123976321198958e+00
1.491307195894154702e+01 1.107316403929357485e+00
1.496307195894154418e+01 1.083678732936949940e+00
1.501307195894154844e+01 1.072602143148237541e+00
1.506307195894154560e+01 1.155790758210889280e+00
1.511307195894154276e+01 1.145056743364095464e+00
1.516307195894154702e+01 1.057072079114578012e+00
1.521307195894154418e+01 1.074828880270710441e+00
1.526307195894154844e+01 1.080195887694107348e+00
1.531307195894154560e+01 1.055530491875942944e+00
1.536307195894154276e+01 1.136663657287081186e+00
1.541307195894154702e+01 1.096182718316991878e+00
1.546307195894154418e+01 1.099722659383487677e+00
1.551307195894154844e+01 1.040400098607855872e+00
1.556307195894154560e+01 1.056329833407087193e+00
1.561307195894154276e+01 1.080709750106985556e+00
1.566307195894154702e+01 1.067120944077533995e+00
1.571307195894154418e+01 1.069518968670966741e+00
1.576307195894154844e+01 1.121647455666300530e+00
1.581307195894154560e+01 1.116680119008475636e+00
1.586307195894154276e+01 1.076256275862039535e+00
1.591307195894154702e+01 1.043483273085126450e+00
1.596307195894154418e+01 1.063010044774506779e+00
1.601307195894154844e+01 1.042512644083022577e+00
1.606307195894154560e+01 1.097724305555627167e+00
1.611307195894154276e+01 1.068434148021556895e+00
1.616307195894154702e+01 1.093385022957986896e+00
1.621307195894154418e+01 1.045196147794721142e+00
1.626307195894154844e+01 1.144257401832951437e+00
1.631307195894154560e+01 1.057985612293028677e+00
1.636307195894154276e+01 1.094983706020275394e+00
1.641307195894154702e+01 1.082422624816580470e+00
1.646307195894154418e+01 1.090130561009756915e+00
1.651307195894154844e+01 1.084991936880972840e+00
1.656307195894154560e+01 1.054559862873839071e+00
1.661307195894154276e+01 1.115366915064452957e+00
1.666307195894154702e+01 1.078254629689900046e+00
1.671307195894154418e+01 1.003230717409649531e+00
1.676307195894154844e+01 1.110285386759321868e+00
1.681307195894154560e+01 1.106574158221866666e+00
1.686307195894154276e+01 1.064380344542182222e+00
1.691307195894154702e+01 1.097667209731973958e+00
1.696307195894154418e+01 1.076941425745877368e+00
1.701307195894154844e+01 1.039086894663833194e+00
1.706307195894154560e+01 1.017105002557367133e+00
1.711307195894154276e+01 1.028923838053571016e+00
1.716307195894154702e+01 1.117022693950394663e+00
1.721307195894154418e+01 1.040171715313243261e+00
1.726307195894154844e+01 1.095326280962194421e+00
1.731307195894154560e+01 1.130896979098112265e+00
1.736307195894154276e+01 1.030865096057778318e+00
1.741307195894154702e+01 1.117993322952498314e+00
1.746307195894154418e+01 1.017733056617551757e+00
1.751307195894154844e+01 1.049878005334279996e+00
1.756307195894154560e+01 1.052504413222325574e+00
1.761307195894154276e+01 1.104119037804780712e+00
1.766307195894154702e+01 1.067120944077533995e+00
1.771307195894154418e+01 1.040971056844387510e+00
1.776307195894154844e+01 1.094983706020275394e+00
1.781307195894154560e+01 1.062838757303547155e+00
1.786307195894154276e+01 1.040114619489590053e+00
1.791307195894154702e+01 1.014193115551055957e+00
1.796307195894154418e+01 1.097895593026586347e+00
1.801307195894154844e+01 1.057700133174762858e+00
1.806307195894154560e+01 1.097610113908320750e+00
1.811307195894154276e+01 1.087846728063630808e+00
1.816307195894154702e+01 1.091672148248392205e+00
1.821307195894154418e+01 1.068434148021556895e+00
1.826307195894154844e+01 1.119306526896520992e+00
1.831307195894154560e+01 1.049592526216014399e+00
1.836307195894154276e+01 1.086190949177689102e+00
1.841307195894154702e+01 1.058842049647826133e+00
1.846307195894154418e+01 1.123246138728589028e+00
1.851307195894154844e+01 1.133295003691545233e+00
1.856307195894154560e+01 1.116623023184822650e+00
1.861307195894154276e+01 1.134893686753833286e+00
1.866307195894154702e+01 1.127299942207963035e+00
1.871307195894154418e+01 1.134151441046342246e+00
1.876307195894154844e+01 1.048907376332176566e+00
1.881307195894154560e+01 1.158017495333362845e+00
1.886307195894154276e+01 1.047651268211806874e+00
1.891307195894154702e+01 1.144200306009298229e+00
1.896307195894154418e+01 1.137177519699959616e+00
1.901307195894154844e+01 1.166125102292110860e+00
1.906307195894154560e+01 1.050391867747158425e+00
1.911307195894154276e+01 1.060440732710114631e+00
1.916307195894154702e+01 1.089959273538797291e+00
