-1.276020595273806002e+01 2.691792064219993656e-05
-1.271020595273806109e+01 2.691792064219993656e-05
-1.266020595273806038e+01 2.691792064219993656e-05
-1.261020595273805966e+01 8.075376192659980629e-05
-1.256020595273806073e+01 8.075376192659980629e-05
-1.251020595273806002e+01 1.076716825687997462e-04
-1.246020595273806109e+01 1.076716825687997462e-04
-1.241020595273806038e+01 1.615075238531996126e-04
-1.236020595273805966e+01 3.499329683485991787e-04
-1.231020595273806073e+01 5.383584128439987312e-05
-1.226020595273806002e+01 3.768508889907991322e-04
-1.221020595273806109e+01 2.153433651375994925e-04
-1.216020595273806038e+01 2.153433651375994925e-04
-1.211020595273805966e+01 2.422612857797993918e-04
-1.206020595273806073e+01 1.345896032109996862e-04
-1.201020595273806002e+01 2.691792064219993656e-05
-1.196020595273806109e+01 2.691792064219993656e-05
-1.191020595273806038e+01 8.075376192659980629e-05
-1.186020595273805966e+01 2.691792064219993656e-05
-1.181020595273806073e+01 0.000000000000000000e+00
-1.176020595273806002e+01 0.000000000000000000e+00
-1.171020595273806109e+01 0.000000000000000000e+00
-1.166020595273806038e+01 0.000000000000000000e+00
-1.161020595273805966e+01 0.000000000000000000e+00
-1.156020595273806073e+01 0.000000000000000000e+00
-1.151020595273806002e+01 0.000000000000000000e+00
-1.146020595273806109e+01 0.000000000000000000e+00
-1.141020595273806038e+01 0.000000000000000000e+00
-1.136020595273805966e+01 0.000000000000000000e+00
-1.131020595273806073e+01 0.000000000000000000e+00
-1.126020595273806002e+01 0.000000000000000000e+00
-1.121020595273806109e+01 0.000000000000000000e+00
-1.116020595273806038e+01 0.000000000000000000e+00
-1.111020595273805966e+01 0.000000000000000000e+00
-1.106020595273806073e+01 0.000000000000000000e+00
-1.101020595273806002e+01 0.000000000000000000e+00
-1.096020595273806109e+01 0.000000000000000000e+00
-1.091020595273806038e+01 0.000000000000000000e+00
-1.086020595273805966e+01 0.000000000000000000e+00
-1.081020595273806073e+01 0.000000000000000000e+00
-1.076020595273806002e+01 0.000000000000000000e+00
-1.071020595273806109e+01 0.000000000000000000e+00
-1.066020595273806038e+01 0.000000000000000000e+00
-1.061020595273805966e+01 0.000000000000000000e+00
-1.056020595273806073e+01 0.000000000000000000e+00
-1.051020595273806002e+01 0.000000000000000000e+00
-1.046020595273806109e+01 0.000000000000000000e+00
-1.041020595273806038e+01 0.000000000000000000e+00
-1.036020595273805966e+01 0.000000000000000000e+00
-1.031020595273806073e+01 0.000000000000000000e+00
-1.026020595273806002e+01 0.000000000000000000e+00
-1.021020595273806109e+01 0.000000000000000000e+00
-1.016020595273806038e+01 0.000000000000000000e+00
-1.011020595273805966e+01 0.000000000000000000e+00
-1.006020595273806073e+01 0.000000000000000000e+00
-1.001020595273806002e+01 0.000000000000000000e+00
-9.960205952738061086e+00 0.000000000000000000e+00
-9.910205952738060375e+00 0.000000000000000000e+00
-9.860205952738059665e+00 0.000000000000000000e+00
-9.810205952738060731e+00 0.000000000000000000e+00
-9.760205952738060020e+00 0.000000000000000000e+00
-9.710205952738061086e+00 0.000000000000000000e+00
-9.660205952738060375e+00 0.000000000000000000e+00
-9.610205952738059665e+00 0.000000000000000000e+00
-9.560205952738060731e+00 0.000000000000000000e+00
-9.510205952738060020e+00 0.000000000000000000e+00
-9.460205952738061086e+00 0.000000000000000000e+00
-9.410205952738060375e+00 0.000000000000000000e+00
-9.360205952738059665e+00 0.000000000000000000e+00
-9.310205952738060731e+00 0.000000000000000000e+00
-9.260205952738060020e+00 0.000000000000000000e+00
-9.210205952738061086e+00 0.000000000000000000e+00
-9.160205952738060375e+00 0.000000000000000000e+00
-9.110205952738059665e+00 0.000000000000000000e+00
-9.060205952738060731e+00 0.000000000000000000e+00
-9.010205952738060020e+00 0.000000000000000000e+00
-8.960205952738061086e+00 0.000000000000000000e+00
-8.910205952738060375e+00 0.000000000000000000e+00
-8.860205952738059665e+00 0.000000000000000000e+00
-8.810205952738060731e+00 0.000000000000000000e+00
-8.760205952738060020e+00 0.000000000000000000e+00
-8.710205952738061086e+00 0.000000000000000000e+00
-8.660205952738060375e+00 0.000000000000000000e+00
-8.610205952738059665e+00 0.000000000000000000e+00
-8.560205952738060731e+00 0.000000000000000000e+00
-8.510205952738060020e+00 0.000000000000000000e+00
-8.460205952738061086e+00 0.000000000000000000e+00
-8.410205952738060375e+00 0.000000000000000000e+00
-8.360205952738059665e+00 0.000000000000000000e+00
-8.310205952738060731e+00 0.000000000000000000e+00
-8.260205952738060020e+00 0.000000000000000000e+00
-8.210205952738061086e+00 0.000000000000000000e+00
-8.160205952738060375e+00 0.000000000000000000e+00
-8.110205952738059665e+00 0.000000000000000000e+00
-8.060205952738060731e+00 0.000000000000000000e+00
-8.010205952738060020e+00 0.000000000000000000e+00
-7.960205952738059310e+00 0.000000000000000000e+00
-7.910205952738060375e+00 0.000000000000000000e+00
-7.860205952738059665e+00 0.000000000000000000e+00
-7.810205952738060731e+00 0.000000000000000000e+00
-7.760205952738060020e+00 0.000000000000000000e+00
-7.710205952738059310e+00 0.000000000000000000e+00
-7.660205952738060375e+00 0.000000000000000000e+00
-7.610205952738059665e+00 0.000000000000000000e+00
-7.560205952738060731e+00 0.000000000000000000e+00
-7.510205952738060020e+00 0.000000000000000000e+00
-7.460205952738059310e+00 0.000000000000000000e+00
-7.410205952738060375e+00 0.000000000000000000e+00
-7.360205952738059665e+00 0.000000000000000000e+00
-7.310205952738060731e+00 0.000000000000000000e+00
-7.260205952738060020e+00 0.000000000000000000e+00
-7.210205952738059310e+00 0.000000000000000000e+00
-7.160205952738060375e+00 0.000000000000000000e+00
-7.110205952738059665e+00 0.000000000000000000e+00
-7.060205952738060731e+00 0.000000000000000000e+00
-7.010205952738060020e+00 0.000000000000000000e+00
-6.960205952738059310e+00 0.000000000000000000e+00
-6.910205952738060375e+00 0.000000000000000000e+00
-6.860205952738059665e+00 0.000000000000000000e+00
-6.810205952738060731e+00 0.000000000000000000e+00
-6.760205952738060020e+00 0.000000000000000000e+00
-6.710205952738059310e+00 0.000000000000000000e+00
-6.660205952738060375e+00 0.000000000000000000e+00
-6.610205952738059665e+00 0.000000000000000000e+00
-6.560205952738060731e+00 0.000000000000000000e+00
-6.510205952738060020e+00 0.000000000000000000e+00
-6.460205952738059310e+00 0.000000000000000000e+00
-6.410205952738060375e+00 0.000000000000000000e+00
-6.360205952738059665e+00 0.000000000000000000e+00
-6.310205952738060731e+00 0.000000000000000000e+00
-6.260205952738060020e+00 0.000000000000000000e+00
-6.210205952738059310e+00 0.000000000000000000e+00
-6.160205952738060375e+00 0.000000000000000000e+00
-6.110205952738059665e+00 0.000000000000000000e+00
-6.060205952738060731e+00 0.000000000000000000e+00
-6.010205952738060020e+00 0.000000000000000000e+00
-5.960205952738059310e+00 0.000000000000000000e+00
-5.910205952738060375e+00 0.000000000000000000e+00
-5.860205952738059665e+00 0.000000000000000000e+00
-5.810205952738060731e+00 0.000000000000000000e+00
-5.760205952738060020e+00 0.000000000000000000e+00
-5.710205952738059310e+00 0.000000000000000000e+00
-5.660205952738060375e+00 0.000000000000000000e+00
-5.610205952738059665e+00 0.000000000000000000e+00
-5.560205952738060731e+00 0.000000000000000000e+00
-5.510205952738060020e+00 0.000000000000000000e+00
-5.460205952738059310e+00 0.000000000000000000e+00
-5.410205952738060375e+00 0.000000000000000000e+00
-5.360205952738059665e+00 0.000000000000000000e+00
-5.310205952738060731e+00 0.000000000000000000e+00
-5.260205952738060020e+00 0.000000000000000000e+00
-5.210205952738059310e+00 0.000000000000000000e+00
-5.160205952738060375e+00 0.000000000000000000e+00
-5.110205952738059665e+00 0.000000000000000000e+00
-5.060205952738060731e+00 0.000000000000000000e+00
-5.010205952738060020e+00 0.000000000000000000e+00
-4.960205952738059310e+00 0.000000000000000000e+00
-4.910205952738060375e+00 0.000000000000000000e+00
-4.860205952738059665e+00 0.000000000000000000e+00
-4.810205952738060731e+00 0.000000000000000000e+00
-4.760205952738060020e+00 0.000000000000000000e+00
-4.710205952738061086e+00 0.000000000000000000e+00
-4.660205952738060375e+00 0.000000000000000000e+00
-4.610205952738059665e+00 0.000000000000000000e+00
-4.560205952738058954e+00 0.000000000000000000e+00
-4.510205952738060020e+00 0.000000000000000000e+00
-4.460205952738061086e+00 0.000000000000000000e+00
-4.410205952738060375e+00 0.000000000000000000e+00
-4.360205952738059665e+00 0.000000000000000000e+00
-4.310205952738058954e+00 0.000000000000000000e+00
-4.260205952738060020e+00 0.000000000000000000e+00
-4.210205952738061086e+00 0.000000000000000000e+00
-4.160205952738060375e+00 0.000000000000000000e+00
-4.110205952738059665e+00 0.000000000000000000e+00
-4.060205952738058954e+00 0.000000000000000000e+00
-4.010205952738060020e+00 0.000000000000000000e+00
-3.960205952738061086e+00 0.000000000000000000e+00
-3.910205952738060375e+00 0.000000000000000000e+00
-3.860205952738059665e+00 0.000000000000000000e+00
-3.810205952738058954e+00 0.000000000000000000e+00
-3.760205952738060020e+00 0.000000000000000000e+00
-3.710205952738061086e+00 0.000000000000000000e+00
-3.660205952738060375e+00 0.000000000000000000e+00
-3.610205952738059665e+00 0.000000000000000000e+00
-3.560205952738058954e+00 0.000000000000000000e+00
-3.510205952738060020e+00 0.000000000000000000e+00
-3.460205952738061086e+00 0.000000000000000000e+00
-3.410205952738060375e+00 0.000000000000000000e+00
-3.360205952738059665e+00 0.000000000000000000e+00
-3.310205952738058954e+00 0.000000000000000000e+00
-3.260205952738060020e+00 0.000000000000000000e+00
-3.210205952738059310e+00 0.000000000000000000e+00
-3.160205952738060375e+00 0.000000000000000000e+00
-3.110205952738059665e+00 0.000000000000000000e+00
-3.060205952738058954e+00 0.000000000000000000e+00
-3.010205952738060020e+00 0.000000000000000000e+00
-2.960205952738059310e+00 0.000000000000000000e+00
-2.910205952738060375e+00 0.000000000000000000e+00
-2.860205952738059665e+00 0.000000000000000000e+00
-2.810205952738058954e+00 0.000000000000000000e+00
-2.760205952738060020e+00 0.000000000000000000e+00
-2.710205952738059310e+00 0.000000000000000000e+00
-2.660205952738060375e+00 0.000000000000000000e+00
-2.610205952738059665e+00 0.000000000000000000e+00
-2.560205952738058954e+00 0.000000000000000000e+00
-2.510205952738060020e+00 0.000000000000000000e+00
-2.460205952738059310e+00 0.000000000000000000e+00
-2.410205952738060375e+00 0.000000000000000000e+00
-2.360205952738059665e+00 0.000000000000000000e+00
-2.310205952738058954e+00 0.000000000000000000e+00
-2.260205952738060020e+00 0.000000000000000000e+00
-2.210205952738059310e+00 0.000000000000000000e+00
-2.160205952738060375e+00 0.000000000000000000e+00
-2.110205952738059665e+00 0.000000000000000000e+00
-2.060205952738058954e+00 0.000000000000000000e+00
-2.010205952738060020e+00 0.000000000000000000e+00
-1.960205952738059310e+00 0.000000000000000000e+00
-1.910205952738060375e+00 0.000000000000000000e+00
-1.860205952738059665e+00 0.000000000000000000e+00
-1.810205952738058954e+00 0.000000000000000000e+00
-1.760205952738060020e+00 0.000000000000000000e+00
-1.710205952738059310e+00 0.000000000000000000e+00
-1.660205952738060375e+00 0.000000000000000000e+00
-1.610205952738059665e+00 0.000000000000000000e+00
-1.560205952738058954e+00 0.000000000000000000e+00
-1.510205952738060020e+00 0.000000000000000000e+00
-1.460205952738059310e+00 0.000000000000000000e+00
-1.410205952738060375e+00 0.000000000000000000e+00
-1.360205952738059665e+00 0.000000000000000000e+00
-1.310205952738058954e+00 0.000000000000000000e+00
-1.260205952738060020e+00 0.000000000000000000e+00
-1.210205952738059310e+00 0.000000000000000000e+00
-1.160205952738060375e+00 0.000000000000000000e+00
-1.110205952738059665e+00 0.000000000000000000e+00
-1.060205952738058954e+00 0.000000000000000000e+00
-1.010205952738060020e+00 0.000000000000000000e+00
-9.602059527380593096e-01 0.000000000000000000e+00
-9.102059527380603754e-01 0.000000000000000000e+00
-8.602059527380596649e-01 0.000000000000000000e+00
-8.102059527380589543e-01 0.000000000000000000e+00
-7.602059527380600201e-01 0.000000000000000000e+00
-7.102059527380593096e-01 0.000000000000000000e+00
-6.602059527380603754e-01 0.000000000000000000e+00
-6.102059527380596649e-01 0.000000000000000000e+00
-5.602059527380589543e-01 0.000000000000000000e+00
-5.102059527380600201e-01 0.000000000000000000e+00
-4.602059527380593096e-01 0.000000000000000000e+00
-4.102059527380603754e-01 0.000000000000000000e+00
-3.602059527380596649e-01 0.000000000000000000e+00
-3.102059527380589543e-01 0.000000000000000000e+00
-2.602059527380600201e-01 0.000000000000000000e+00
-2.102059527380593096e-01 0.000000000000000000e+00
-1.602059527380603754e-01 0.000000000000000000e+00
-1.102059527380596649e-01 0.000000000000000000e+00
-6.020595273805895431e-02 0.000000000000000000e+00
-1.020595273806002012e-02 0.000000000000000000e+00
3.979404726194069042e-02 0.000000000000000000e+00
8.979404726193962460e-02 0.000000000000000000e+00
1.397940472619403351e-01 0.000000000000000000e+00
1.897940472619410457e-01 2.691792064219993656e-05
2.397940472619399799e-01 0.000000000000000000e+00
2.897940472619406904e-01 5.383584128439987312e-05
3.397940472619396246e-01 0.000000000000000000e+00
3.897940472619403351e-01 2.691792064219993656e-05
4.397940472619410457e-01 2.691792064219993656e-05
4.897940472619399799e-01 5.383584128439987312e-05
5.397940472619406904e-01 2.691792064219993656e-05
5.897940472619396246e-01 5.383584128439987312e-05
6.397940472619403351e-01 1.615075238531996126e-04
6.897940472619410457e-01 1.076716825687997462e-04
7.397940472619399799e-01 6.191121747705984968e-04
7.897940472619406904e-01 1.318978111467796963e-03
8.397940472619396246e-01 2.476448699082393987e-03
8.897940472619403351e-01 5.248994525228988656e-03
9.397940472619410457e-01 1.092867578073317483e-02
9.897940472619399799e-01 2.242262789495254316e-02
1.039794047261940690e+00 3.983852255045591123e-02
1.089794047261939625e+00 7.224769900366462272e-02
1.139794047261940335e+00 1.209691353660465041e-01
1.189794047261941046e+00 2.161778206775076816e-01
1.239794047261939980e+00 3.877257289302478149e-01
1.289794047261940690e+00 6.672952527201363448e-01
1.339794047261939625e+00 1.116851445365517392e+00
1.389794047261940335e+00 1.758924606443912353e+00
1.439794047261941046e+00 2.565654688090644342e+00
1.489794047261939980e+00 3.261375265008944702e+00
1.539794047261940690e+00 4.011523877465771548e+00
1.589794047261939625e+00 4.378388217898313783e+00
1.639794047261940335e+00 4.288778460080431287e+00
1.689794047261941046e+00 3.891039264671285025e+00
1.739794047261939980e+00 3.275237994139676978e+00
1.789794047261940690e+00 2.507377389900281806e+00
1.839794047261939625e+00 1.839624532529228196e+00
1.889794047261940335e+00 1.282692754442111394e+00
1.939794047261941046e+00 8.380087054329683482e-01
1.989794047261939980e+00 5.572009572935386901e-01
2.039794047261940690e+00 3.576584115729105617e-01
2.089794047261939625e+00 2.410768972715426339e-01
2.139794047261940335e+00 1.851952940183355656e-01
2.189794047261941046e+00 1.459758836426502393e-01
2.239794047261939980e+00 1.295290341302660631e-01
2.289794047261940690e+00 1.325438412421924839e-01
2.339794047261939625e+00 1.337013118298070735e-01
2.389794047261940335e+00 1.453836893885218362e-01
2.439794047261941046e+00 1.723285279513639690e-01
2.489794047261939980e+00 1.817228822554917689e-01
2.539794047261940690e+00 1.738359315073271794e-01
2.589794047261939625e+00 1.796502023660423719e-01
2.639794047261940335e+00 1.735129164596207751e-01
2.689794047261941046e+00 1.625842406788876038e-01
2.739794047261939980e+00 1.529476250889800215e-01
2.789794047261940690e+00 1.484792502623748511e-01
2.839794047261939625e+00 1.422612105940266325e-01
2.889794047261940335e+00 1.277793692885231258e-01
2.939794047261941046e+00 1.234186661444867106e-01
2.989794047261939980e+00 1.237685991128353036e-01
3.039794047261940690e+00 1.237416811921930870e-01
3.089794047261939625e+00 1.247107263353122997e-01
3.139794047261940335e+00 1.318978111467797032e-01
3.189794047261941046e+00 1.417497701018248513e-01
3.239794047261938204e+00 1.514133036123746223e-01
3.289794047261942467e+00 2.030149574834719250e-01
3.339794047261939625e+00 2.685331763265865757e-01
3.389794047261940335e+00 3.816961147063950843e-01
3.439794047261941046e+00 5.098792528045511530e-01
3.489794047261938204e+00 7.165819654160044960e-01
3.539794047261942467e+00 1.002719461842589643e+00
3.589794047261939625e+00 1.237928252414132846e+00
3.639794047261940335e+00 1.542154591512276740e+00
3.689794047261941046e+00 1.799005390280148386e+00
3.739794047261938204e+00 1.960566749974632428e+00
3.789794047261942467e+00 2.100593773155356558e+00
3.839794047261939625e+00 2.279786370870481527e+00
3.889794047261940335e+00 2.264631581548922412e+00
3.939794047261941046e+00 2.305035380432865377e+00
3.989794047261938204e+00 2.323231894786992324e+00
4.039794047261942467e+00 2.199840146563147414e+00
4.089794047261939625e+00 2.213352942725531847e+00
4.139794047261940335e+00 2.046327245140681317e+00
4.189794047261941046e+00 1.902800892276471423e+00
4.239794047261938204e+00 1.811037700807211603e+00
4.289794047261942467e+00 1.626084668074656125e+00
4.339794047261939625e+00 1.546703720100808255e+00
4.389794047261940335e+00 1.397066999250818897e+00
4.439794047261941046e+00 1.301508380971009071e+00
4.489794047261938204e+00 1.174859564349458374e+00
4.539794047261942467e+00 1.134105832497167787e+00
4.589794047261939625e+00 1.070148853051300808e+00
4.639794047261940335e+00 1.068829874939832836e+00
4.689794047261941046e+00 1.107510926902674164e+00
4.739794047261938204e+00 1.078816423498088817e+00
4.789794047261942467e+00 1.079462453593501792e+00
4.839794047261939625e+00 1.106757225124692656e+00
4.889794047261940335e+00 1.096582251121941187e+00
4.939794047261941046e+00 1.100916036345335414e+00
4.989794047261938204e+00 1.084011582182033528e+00
5.039794047261942467e+00 1.090148868088455014e+00
5.089794047261939625e+00 1.094321145787996219e+00
5.139794047261940335e+00 1.061965805176071642e+00
5.189794047261941046e+00 1.010364151304974589e+00
5.239794047261938204e+00 1.017847333243506291e+00
5.289794047261942467e+00 9.621003195935101671e-01
5.339794047261939625e+00 9.362860336976402964e-01
5.389794047261940335e+00 9.195969228994762545e-01
5.439794047261941046e+00 9.123021664054402624e-01
5.489794047261938204e+00 8.906332402884693522e-01
5.539794047261942467e+00 8.849266411123228870e-01
5.589794047261939625e+00 8.791931240155342886e-01
5.639794047261940335e+00 8.310369639866386215e-01
5.689794047261941046e+00 8.255995440169143773e-01
5.739794047261938204e+00 7.909830980710451653e-01
5.789794047261942467e+00 7.899871350072835696e-01
5.839794047261939625e+00 7.480220967260939879e-01
5.889794047261940335e+00 7.686143060173769026e-01
5.939794047261941046e+00 7.658148422705880476e-01
5.989794047261938204e+00 7.593276233958179411e-01
6.039794047261942467e+00 7.493141569169197158e-01
6.089794047261939625e+00 7.471876411861857470e-01
6.139794047261940335e+00 7.162858682889401418e-01
6.189794047261941046e+00 7.256802225930680805e-01
6.239794047261938204e+00 7.503101199806809785e-01
6.289794047261942467e+00 7.492064852343509607e-01
6.339794047261939625e+00 7.784931828930643505e-01
6.389794047261943888e+00 7.735402854948996154e-01
6.439794047261941046e+00 7.699063662082026305e-01
6.489794047261938204e+00 7.701486274939823851e-01
6.539794047261942467e+00 7.928942704366412908e-01
6.589794047261939625e+00 8.074837834247137192e-01
6.639794047261943888e+00 8.076991267898512294e-01
6.689794047261941046e+00 8.291796274623268737e-01
6.739794047261938204e+00 8.953707943214965770e-01
6.789794047261942467e+00 8.859495220967263940e-01
6.839794047261939625e+00 9.501218449077311057e-01
6.889794047261943888e+00 9.644152607687392909e-01
6.939794047261941046e+00 9.923560623953429083e-01
6.989794047261938204e+00 1.034240346914605757e+00
7.039794047261942467e+00 1.075451683417814053e+00
7.089794047261939625e+00 1.128641494606801077e+00
7.139794047261943888e+00 1.194778825624686291e+00
7.189794047261941046e+00 1.209395256533400742e+00
7.239794047261938204e+00 1.197120684720557771e+00
7.289794047261942467e+00 1.266488166215507194e+00
7.339794047261939625e+00 1.253863661434315269e+00
7.389794047261943888e+00 1.346568980126051862e+00
7.439794047261941046e+00 1.291844847460459356e+00
7.489794047261938204e+00 1.286299755808166356e+00
7.539794047261942467e+00 1.353190788604032857e+00
7.589794047261939625e+00 1.383392695564581443e+00
7.639794047261943888e+00 1.334105982868713181e+00
7.689794047261941046e+00 1.304307844717797815e+00
7.739794047261938204e+00 1.315801796832017256e+00
7.789794047261942467e+00 1.294482803683394856e+00
7.839794047261939625e+00 1.262638903563672255e+00
7.889794047261943888e+00 1.261346843372846749e+00
7.939794047261941046e+00 1.170875712094412657e+00
7.989794047261938204e+00 1.186999546559090568e+00
8.039794047261942467e+00 1.164469246981569173e+00
8.089794047261939625e+00 1.140916066419644270e+00
8.139794047261943888e+00 1.097685885868271205e+00
8.189794047261941046e+00 1.122907977510012367e+00
8.239794047261938204e+00 1.070229606813227319e+00
8.289794047261942467e+00 1.057901199159099637e+00
8.339794047261939625e+00 1.078762587656804772e+00
8.389794047261943888e+00 1.021615842133414054e+00
8.439794047261941046e+00 1.023500096578368268e+00
8.489794047261938204e+00 1.008452978939378353e+00
8.539794047261942467e+00 1.027753128039835984e+00
8.589794047261939625e+00 9.821003346306645954e-01
8.639794047261943888e+00 9.293681280925949473e-01
8.689794047261941046e+00 9.572012580366296985e-01
8.739794047261938204e+00 9.567974892269965892e-01
8.789794047261942467e+00 9.549401527026848413e-01
8.839794047261939625e+00 9.318176588710352926e-01
8.889794047261943888e+00 9.643883428480970466e-01
8.939794047261941046e+00 9.244152306944303232e-01
8.989794047261938204e+00 9.262456492980998268e-01
9.039794047261942467e+00 9.203506246774579846e-01
9.089794047261939625e+00 9.055188504036058017e-01
9.139794047261943888e+00 9.133788832311282579e-01
9.189794047261941046e+00 8.990047136081934509e-01
9.239794047261938204e+00 8.893680980182859797e-01
9.289794047261942467e+00 9.173088996448894861e-01
9.339794047261939625e+00 9.457073059224103684e-01
9.389794047261943888e+00 9.006197888467253332e-01
9.439794047261941046e+00 9.266494181077328252e-01
9.489794047261938204e+00 9.334596520302094191e-01
9.539794047261942467e+00 9.154515631205775161e-01
9.589794047261939625e+00 9.481299187802083583e-01
9.639794047261943888e+00 9.368243921104844052e-01
9.689794047261941046e+00 9.727598161678212563e-01
9.739794047261938204e+00 9.704179570719497772e-01
9.789794047261942467e+00 9.563937204173638129e-01
9.839794047261939625e+00 1.009422024082497593e+00
9.889794047261943888e+00 1.013271286734332310e+00
9.939794047261941046e+00 9.994623934448836344e-01
9.989794047261938204e+00 9.857342539173616913e-01
1.003979404726194247e+01 1.016447601370111808e+00
1.008979404726193962e+01 1.005330500144883343e+00
1.013979404726194389e+01 1.014967115734790815e+00
1.018979404726194105e+01 1.061777379731576598e+00
1.023979404726193820e+01 1.028560665659101980e+00
1.028979404726194247e+01 1.055505504221943891e+00
1.033979404726193962e+01 1.044442238837999692e+00
1.038979404726194389e+01 1.069206725828823590e+00
1.043979404726194105e+01 1.058439557571943634e+00
1.048979404726193820e+01 1.072921398877447086e+00
1.053979404726194247e+01 1.073379003528364573e+00
1.058979404726193962e+01 1.059597028159558141e+00
1.063979404726194389e+01 1.065007530208640363e+00
1.068979404726194105e+01 1.116340004873315639e+00
1.073979404726193820e+01 1.113486705285242628e+00
1.078979404726194247e+01 1.086730292166895762e+00
1.083979404726193962e+01 1.066191918716897336e+00
1.088979404726194389e+01 1.105707426219646683e+00
1.093979404726194105e+01 1.129449032226067073e+00
1.098979404726193820e+01 1.099031781900381199e+00
1.103979404726194247e+01 1.131575547956800820e+00
1.108979404726193962e+01 1.084926791483868502e+00
1.113979404726194389e+01 1.123069485033865611e+00
1.118979404726194105e+01 1.126703404320562818e+00
1.123979404726193820e+01 1.107376337299463165e+00
1.128979404726194247e+01 1.122208111573315348e+00
1.133979404726193962e+01 1.134105832497167787e+00
1.138979404726194389e+01 1.081642805165520027e+00
1.143979404726194105e+01 1.097416706661849206e+00
1.148979404726193820e+01 1.121454409795333618e+00
1.153979404726194247e+01 1.096339989836161211e+00
1.158979404726193962e+01 1.085007545245795013e+00
1.163979404726194389e+01 1.060485319540751092e+00
1.168979404726194105e+01 1.064872940605429363e+00
1.173979404726193820e+01 1.054967145809099893e+00
1.178979404726194247e+01 1.072625301750383064e+00
1.183979404726193962e+01 1.047053277140293170e+00
1.188979404726194389e+01 1.045868888632036198e+00
1.193979404726194105e+01 1.002827133525158620e+00
1.198979404726193820e+01 9.969321089045167783e-01
1.203979404726194247e+01 1.009637367447635325e+00
1.208979404726193962e+01 1.020485289466441792e+00
1.213979404726194389e+01 1.026111134880661524e+00
1.218979404726194105e+01 1.005761186875158364e+00
1.223979404726193820e+01 1.009745039130204081e+00
1.228979404726194247e+01 1.010148807939837079e+00
1.233979404726193962e+01 9.486951951136946004e-01
1.238979404726194389e+01 9.637692306733265379e-01
1.243979404726194105e+01 9.696911732146106244e-01
1.248979404726193820e+01 9.683991130237850076e-01
1.253979404726194247e+01 9.396507737779152825e-01
1.258979404726193962e+01 9.638769023558952931e-01
1.263979404726194389e+01 9.400814605081906361e-01
1.268979404726194105e+01 9.476184782880064938e-01
1.273979404726193820e+01 9.764744892164449741e-01
1.278979404726194247e+01 9.926252416017649072e-01
1.283979404726193962e+01 9.795969680109400946e-01
1.288979404726194389e+01 9.910909201251594247e-01
1.293979404726194105e+01 9.718715247866287488e-01
1.298979404726193820e+01 9.847652087742424509e-01
1.303979404726194247e+01 1.000539110270571630e+00
1.308979404726193962e+01 9.913600993315813126e-01
1.313979404726194389e+01 1.003957686192131105e+00
1.318979404726194105e+01 1.005276664303598633e+00
1.323979404726193820e+01 1.044361485076073182e+00
1.328979404726194247e+01 1.020189192339377549e+00
1.333979404726193962e+01 1.058143460444879613e+00
1.338979404726194389e+01 1.019650833926533551e+00
1.343979404726194105e+01 1.025142089737542284e+00
1.348979404726193820e+01 1.047780060997632434e+00
1.353979404726194247e+01 1.028049225166900005e+00
1.358979404726193962e+01 1.023984619149927777e+00
1.363979404726194389e+01 1.046837933775155660e+00
1.368979404726194105e+01 1.014940197814148792e+00
1.373979404726193820e+01 1.030444920104055750e+00
1.378979404726194247e+01 1.072652219671025087e+00
1.383979404726193962e+01 1.036474534327908481e+00
1.388979404726194389e+01 1.051494734046255930e+00
1.393979404726194105e+01 1.069906591765521053e+00
1.398979404726193820e+01 1.056097698476072377e+00
1.403979404726194247e+01 1.032436846231578498e+00
1.408979404726193962e+01 1.027160933785707275e+00
1.413979404726194389e+01 1.002827133525158620e+00
1.418979404726194105e+01 1.043177096567816209e+00
1.423979404726193820e+01 1.029368203278367755e+00
1.428979404726194247e+01 1.072625301750383064e+00
1.433979404726193962e+01 1.011629293575157851e+00
1.438979404726194389e+01 1.016070750481121054e+00
1.443979404726194105e+01 1.009825792892130591e+00
1.448979404726193820e+01 1.023419342816441535e+00
1.453979404726194247e+01 1.047457045949926169e+00
1.458979404726193962e+01 1.045034433092128179e+00
1.463979404726194389e+01 1.032383010390294009e+00
1.468979404726194105e+01 1.007457015875616868e+00
1.473979404726193820e+01 1.028210732690753249e+00
1.478979404726194247e+01 1.000862125318277895e+00
1.483979404726193962e+01 1.042154215583412702e+00
1.488979404726194389e+01 1.012679092480203824e+00
1.493979404726194105e+01 9.949401827769941420e-01
1.498979404726193820e+01 1.013701973464607331e+00
1.503979404726194247e+01 1.036016929676990994e+00
1.508979404726193962e+01 9.953170336659846740e-01
1.513979404726194389e+01 1.027510866754056007e+00
1.518979404726194105e+01 9.925175699191959300e-01
1.523979404726193820e+01 1.001481237493048626e+00
1.528979404726194247e+01 9.811312894875454660e-01
1.533979404726193962e+01 1.008318389336167353e+00
1.538979404726194389e+01 1.032194584945798743e+00
1.543979404726194105e+01 1.031575472771028235e+00
1.548979404726193820e+01 1.046353411203595929e+00
1.553979404726194247e+01 9.748055781366283812e-01
1.558979404726193962e+01 1.050525688903136912e+00
1.563979404726194389e+01 1.040081535693963222e+00
1.568979404726194105e+01 1.008722158145800352e+00
1.573979404726193820e+01 1.004038439954057615e+00
1.578979404726194247e+01 1.036016929676990994e+00
1.583979404726193962e+01 1.035720832549926973e+00
1.588979404726194389e+01 1.049368218315522405e+00
1.593979404726194105e+01 1.020862140355432546e+00
1.598979404726193820e+01 1.033998085628826225e+00
1.603979404726194247e+01 1.077309019942125801e+00
1.608979404726193962e+01 1.058681818857723389e+00
1.613979404726194389e+01 1.047672389315063679e+00
1.618979404726194105e+01 1.023823111626074533e+00
1.623979404726193820e+01 1.035478571264146996e+00
1.628979404726194247e+01 1.054267279872402652e+00
1.633979404726193962e+01 1.043580865377449429e+00
1.638979404726194389e+01 1.065572806542126827e+00
1.643979404726194105e+01 1.086245769595336252e+00
1.648979404726193820e+01 1.032679107517358252e+00
1.653979404726194247e+01 1.066730277129741333e+00
1.658979404726193962e+01 1.039031736788917470e+00
1.663979404726194389e+01 1.016232258004974298e+00
1.668979404726194105e+01 1.010256479622405834e+00
1.673979404726193820e+01 1.041562021329284216e+00
1.678979404726194247e+01 1.014671018607726571e+00
1.683979404726193962e+01 1.071898517893043801e+00
1.688979404726194389e+01 1.048560680696256187e+00
1.693979404726194105e+01 1.051467816125613908e+00
1.698979404726193820e+01 1.065330545256346850e+00
1.703979404726194247e+01 1.071010226511851071e+00
1.708979404726193962e+01 1.045438201901761177e+00
1.713979404726194389e+01 1.056636056888916153e+00
1.718979404726194105e+01 1.029368203278367755e+00
1.723979404726193820e+01 1.039193244312770714e+00
1.728979404726194247e+01 1.033971167708183980e+00
1.733979404726193962e+01 1.055774683428365890e+00
1.738979404726194389e+01 1.053298234729283411e+00
1.743979404726194105e+01 1.019139393434331575e+00
1.748979404726193820e+01 9.897450240930494303e-01
1.753979404726194247e+01 9.920868831889207984e-01
1.758979404726193962e+01 1.027941553484331250e+00
1.763979404726194389e+01 1.017308974830662072e+00
1.768979404726194105e+01 9.786548407884630985e-01
1.773979404726193820e+01 1.003311656096718352e+00
1.778979404726194247e+01 1.010633330511396588e+00
1.783979404726193962e+01 9.884260459815816802e-01
1.788979404726194389e+01 1.032463764152220742e+00
1.793979404726194105e+01 1.035720832549926973e+00
1.798979404726193820e+01 1.005895776478369363e+00
1.803979404726194247e+01 1.001400483731122115e+00
1.808979404726193962e+01 1.003177066493507130e+00
1.813979404726194389e+01 1.027860799722404739e+00
1.818979404726194105e+01 1.002827133525158620e+00
1.823979404726193820e+01 1.008345307256809598e+00
1.828979404726194247e+01 1.032706025438000497e+00
1.833979404726193962e+01 1.004146111636626371e+00
1.838979404726194389e+01 9.857611718380038246e-01
1.843979404726194105e+01 9.828809543292884587e-01
1.848979404726193820e+01 9.982241690953423952e-01
1.853979404726194247e+01 1.001292812048553138e+00
1.858979404726193962e+01 9.935942867448839255e-01
1.863979404726194389e+01 1.008318389336167353e+00
1.868979404726194105e+01 1.009771957050846325e+00
1.873979404726193820e+01 1.026837918738000788e+00
1.878979404726194247e+01 1.001804252540754891e+00
1.883979404726193962e+01 1.036770631454972724e+00
1.888979404726194389e+01 1.023365506975157269e+00
1.893979404726194105e+01 1.005545843510020854e+00
1.898979404726193820e+01 1.048695270299467408e+00
1.903979404726194247e+01 9.990855425558928804e-01
1.908979404726193962e+01 1.021777349657267298e+00
1.913979404726194389e+01 9.800545726618574705e-01
1.918979404726194105e+01 1.033082876326991251e+00
1.923979404726194531e+01 1.007376262113690357e+00
1.928979404726194247e+01 9.936481225861684141e-01
1.933979404726193962e+01 9.986010199843331492e-01
1.938979404726193678e+01 1.051171718998549665e+00
1.943979404726194105e+01 9.967436834600214013e-01
1.948979404726194531e+01 1.002019595905892624e+00
1.953979404726194247e+01 9.918715398237831771e-01
1.958979404726193962e+01 1.030068069215064774e+00
1.963979404726193678e+01 1.034348018597174956e+00
1.968979404726194105e+01 1.018170348291212557e+00
1.973979404726194531e+01 1.041885036376990703e+00
1.978979404726194247e+01 1.080108483688914767e+00
1.983979404726193962e+01 1.051952338697173417e+00
1.988979404726193678e+01 1.070283442654511807e+00
1.993979404726194105e+01 1.067214799701300842e+00
1.998979404726194531e+01 1.080162319530199255e+00
2.003979404726194247e+01 1.082100409816437514e+00
2.008979404726193962e+01 1.095424780534326459e+00
2.013979404726193678e+01 1.086891799690749227e+00
2.018979404726194105e+01 1.092679152628822203e+00
2.023979404726194531e+01 1.135828579418268314e+00
2.028979404726194247e+01 1.106003523346710926e+00
2.033979404726193962e+01 1.079085602704510816e+00
2.038979404726193678e+01 1.116528430317810905e+00
2.043979404726194105e+01 1.104119268901756934e+00
2.048979404726194531e+01 1.103204059599922182e+00
2.053979404726194247e+01 1.135855497338910780e+00
2.058979404726193962e+01 1.111306353713224393e+00
2.063979404726193678e+01 1.064065402986163367e+00
2.068979404726194105e+01 1.079893140323777256e+00
2.073979404726194531e+01 1.100835282583408459e+00
2.078979404726194247e+01 1.081723558927446760e+00
2.083979404726193962e+01 1.042369558948550212e+00
2.088979404726193678e+01 1.039435505598550691e+00
2.093979404726194105e+01 1.066945620494878844e+00
2.098979404726194531e+01 1.068210762765062327e+00
2.103979404726194247e+01 1.084523022674235504e+00
2.108979404726193962e+01 1.040808319551302707e+00
2.113979404726193678e+01 1.046164985759100441e+00
2.118979404726194105e+01 1.036716795613688458e+00
2.123979404726194531e+01 9.851420596632332050e-01
2.128979404726194247e+01 9.854919926315819367e-01
2.133979404726193962e+01 1.001346647889837627e+00
2.138979404726193678e+01 9.923291444747006640e-01
2.143979404726194105e+01 9.911716738870861576e-01
2.148979404726194531e+01 9.918715398237831771e-01
2.153979404726194247e+01 9.245229023769990784e-01
2.158979404726193962e+01 9.613196998948863037e-01
2.163979404726193678e+01 9.721676219136927699e-01
2.168979404726194105e+01 9.576857806081893187e-01
2.173979404726194531e+01 9.422618120802086494e-01
2.178979404726194247e+01 9.801622443444262256e-01
2.183979404726193962e+01 9.483990979866303572e-01
2.188979404726193678e+01 9.400814605081906361e-01
2.193979404726194105e+01 9.476184782880064938e-01
2.198979404726194531e+01 9.549670706233270856e-01
2.203979404726194247e+01 9.421541403976398943e-01
2.208979404726193962e+01 9.279145603779161977e-01
2.213979404726193678e+01 9.480491650182818475e-01
2.218979404726194105e+01 9.395700200159888826e-01
2.223979404726194531e+01 9.457611417636946349e-01
2.228979404726194247e+01 9.539441896389234676e-01
2.233979404726193962e+01 9.430693496994747571e-01
2.238979404726193678e+01 9.515484947017677220e-01
2.243979404726194105e+01 9.269993510760814459e-01
2.248979404726194531e+01 9.422348941595666272e-01
2.253979404726194247e+01 9.178741759783755061e-01
2.258979404726193962e+01 9.282914112669069517e-01
2.263979404726193678e+01 9.617234687045194130e-01
2.268979404726194105e+01 9.269455152347970683e-01
2.273979404726194531e+01 9.524637040036025848e-01
2.278979404726194247e+01 9.741595480412156283e-01
2.283979404726193962e+01 9.200276096297516082e-01
2.288979404726193678e+01 1.005061320938461122e+00
2.293979404726194105e+01 9.770128476292887498e-01
2.298979404726194531e+01 1.003688506985709106e+00
2.303979404726194247e+01 9.505525316380063483e-01
2.308979404726193962e+01 9.945364139673609216e-01
2.313979404726193678e+01 9.695027477701151364e-01
2.318979404726194105e+01 1.008399143098093864e+00
2.323979404726194531e+01 1.037120564423321234e+00
2.328979404726194247e+01 1.029960397532496241e+00
2.333979404726193962e+01 1.049664315442586426e+00
2.338979404726193678e+01 1.056420713523778643e+00
2.343979404726194105e+01 1.109502853030197134e+00
2.348979404726194531e+01 1.112894511031114142e+00
2.353979404726194247e+01 1.105519000775151195e+00
2.358979404726193962e+01 1.101723573964600966e+00
2.363979404726193678e+01 1.124011612256342607e+00
2.368979404726194105e+01 1.213755959677437213e+00
2.373979404726194531e+01 1.242611970605875804e+00
2.378979404726194247e+01 1.222369694282941177e+00
2.383979404726193962e+01 1.255855587561838238e+00
2.388979404726193678e+01 1.304926956892568768e+00
2.393979404726194105e+01 1.315371110101742014e+00
2.398979404726194531e+01 1.361616097765041555e+00
2.403979404726194247e+01 1.388883951375590176e+00
2.408979404726193962e+01 1.419301201701276050e+00
2.413979404726193678e+01 1.371468056720086759e+00
2.418979404726194105e+01 1.357174640859078796e+00
2.423979404726194531e+01 1.356609364525592110e+00
2.428979404726194247e+01 1.308722383703118552e+00
2.433979404726193962e+01 1.334590505440272690e+00
2.438979404726193678e+01 1.268453174422387697e+00
2.443979404726194105e+01 1.270525854311836955e+00
2.448979404726194531e+01 1.157066818804964203e+00
2.453979404726194247e+01 1.113190608158178385e+00
2.458979404726193962e+01 1.059597028159558141e+00
2.463979404726193678e+01 1.060054632810475628e+00
2.468979404726194105e+01 1.032706025438000497e+00
2.473979404726194531e+01 9.901487929026824286e-01
2.478979404726194247e+01 9.447651786999333723e-01
2.483979404726193962e+01 8.994623182591108268e-01
2.488979404726193678e+01 8.812658039049837688e-01
2.493979404726194105e+01 8.134864797279240944e-01
2.498979404726194531e+01 8.134057259659976946e-01
2.503979404726194247e+01 7.973357273426042724e-01
2.508979404726193962e+01 7.607273552692124241e-01
2.513979404726193678e+01 7.764474209242571145e-01
2.518979404726194105e+01 7.362051295641681703e-01
2.523979404726194531e+01 7.249803566563708390e-01
2.528979404726194247e+01 7.149399722568303694e-01
2.533979404726193962e+01 7.249265208150865725e-01
2.538979404726193678e+01 7.132172253357295100e-01
2.543979404726194105e+01 6.642535276875678463e-01
2.548979404726194531e+01 7.418040570577459913e-01
2.553979404726194247e+01 7.121405085100416255e-01
2.558979404726193962e+01 6.885604100274743677e-01
2.563979404726194389e+01 6.916290529806851106e-01
2.568979404726194105e+01 6.784661897866494096e-01
2.573979404726194531e+01 7.290180447527008223e-01
2.578979404726194247e+01 6.938094045527033460e-01
2.583979404726193962e+01 7.405927506288467743e-01
2.588979404726194389e+01 7.682912909696705261e-01
2.593979404726194105e+01 7.502024482981122233e-01
2.598979404726194531e+01 7.815079900049908268e-01
2.603979404726194247e+01 8.012388258357232562e-01
2.608979404726193962e+01 8.387085713696655898e-01
2.613979404726194389e+01 8.764205781893876779e-01
2.618979404726194105e+01 9.080491349439725468e-01
2.623979404726194531e+01 9.137826520407612563e-01
2.628979404726194247e+01 9.766898325815824844e-01
2.633979404726193962e+01 9.849267162980956947e-01
2.638979404726194389e+01 1.024388387959560776e+00
2.643979404726194105e+01 1.049691233363228893e+00
2.648979404726194531e+01 1.086649538404969251e+00
2.653979404726194247e+01 1.119247140302673360e+00
2.658979404726193962e+01 1.147645546580194242e+00
2.663979404726194389e+01 1.141373671070561757e+00
2.668979404726194105e+01 1.166515008950376409e+00
2.673979404726194531e+01 1.195801706609089798e+00
2.678979404726194247e+01 1.169314472697165153e+00
2.683979404726193962e+01 1.177551356413678363e+00
2.688979404726194389e+01 1.124576888589829071e+00
2.693979404726194105e+01 1.111225599951297438e+00
2.698979404726194531e+01 1.114886437158637111e+00
2.703979404726194247e+01 1.072221532940750066e+00
2.708979404726193962e+01 1.122396537017810836e+00
2.713979404726194389e+01 1.138870304450837034e+00
2.718979404726194105e+01 1.241023813287985833e+00
2.723979404726194531e+01 1.269422219565506937e+00
2.728979404726194247e+01 1.352275579302198105e+00
2.733979404726193962e+01 1.457336223568704625e+00
2.738979404726194389e+01 1.606596093529703007e+00
2.743979404726194105e+01 1.715855933416392531e+00
2.748979404726194531e+01 1.938278711682890565e+00
2.753979404726194247e+01 2.076313808736091726e+00
2.758979404726193962e+01 2.157121406503976324e+00
2.763979404726194389e+01 2.286704276475526765e+00
2.768979404726194105e+01 2.306515866068185705e+00
2.773979404726194531e+01 2.340270938553504543e+00
2.778979404726194247e+01 2.287511814094792761e+00
2.783979404726193962e+01 2.220432355854430106e+00
2.788979404726194389e+01 2.107673186284254818e+00
2.793979404726194105e+01 1.923823788298029358e+00
2.798979404726194531e+01 1.723742884164557232e+00
2.803979404726194247e+01 1.437443880214118730e+00
2.808979404726193962e+01 1.163204104711385911e+00
2.813979404726194389e+01 9.367436383485576723e-01
2.818979404726194105e+01 6.734325386265580526e-01
2.823979404726194531e+01 4.876450503540940562e-01
2.828979404726194247e+01 3.563932693027271337e-01
2.833979404726193962e+01 2.531899615605325837e-01
2.838979404726194389e+01 1.944012228779679330e-01
2.843979404726194105e+01 1.632571886949426010e-01
2.848979404726194531e+01 1.468372571032006413e-01
2.853979404726194247e+01 1.327861025279722662e-01
2.858979404726193962e+01 1.310902735275136788e-01
2.863979404726194389e+01 1.287484144316422829e-01
2.868979404726194105e+01 1.288022502729266883e-01
2.873979404726194531e+01 1.330552817343942928e-01
2.878979404726194247e+01 1.316017140197154878e-01
2.883979404726193962e+01 1.413460012921918807e-01
2.888979404726194389e+01 1.420997030701734443e-01
2.893979404726194105e+01 1.492598699609986312e-01
2.898979404726194531e+01 1.665411750132909929e-01
2.903979404726194247e+01 1.675909739183367997e-01
2.908979404726193962e+01 1.928130655600781562e-01
2.913979404726194389e+01 1.912787440834727293e-01
2.918979404726194105e+01 1.911979903215461629e-01
2.923979404726194531e+01 1.798655457311799655e-01
2.928979404726194247e+01 1.666219287752175870e-01
2.933979404726193962e+01 1.477255484843932321e-01
2.938979404726194389e+01 1.444146442454026791e-01
2.943979404726194105e+01 1.498520642151270343e-01
2.948979404726194531e+01 1.608345758371446110e-01
2.953979404726194247e+01 2.128938343591592619e-01
2.958979404726193962e+01 2.837418014894295126e-01
2.963979404726194389e+01 3.644148096541027781e-01
2.968979404726194105e+01 5.381430694788611468e-01
2.973979404726194531e+01 7.799467506077431000e-01
2.978979404726194247e+01 1.153082966549918709e+00
2.983979404726193962e+01 1.683096823994835400e+00
2.988979404726194389e+01 2.336852362631945290e+00
2.993979404726194105e+01 3.112088477127303854e+00
2.998979404726194531e+01 3.811577562935510866e+00
3.003979404726194247e+01 4.315481037357493221e+00
3.008979404726193962e+01 4.519841890873075307e+00
3.013979404726194389e+01 4.199491717310253946e+00
3.018979404726194105e+01 3.629531665632312887e+00
3.023979404726194531e+01 2.898737038117226827e+00
3.028979404726194247e+01 2.036313778661782870e+00
3.033979404726193962e+01 1.379866447960452991e+00
3.038979404726194389e+01 8.660840966627829651e-01
3.043979404726194105e+01 5.193274429499633582e-01
3.048979404726194531e+01 3.057875784953912879e-01
3.053979404726194247e+01 1.738090135866849906e-01
3.058979404726193962e+01 1.032840615041211441e-01
3.063979404726194389e+01 5.553167028485846840e-02
3.068979404726194105e+01 3.316287823119031669e-02
3.073979404726194531e+01 1.749664841742995525e-02
3.078979404726194247e+01 9.502025986696577622e-03
3.083979404726193962e+01 4.468374826605189462e-03
3.088979404726194389e+01 2.611038302293394297e-03
3.093979404726194105e+01 1.372813952752196653e-03
3.098979404726194531e+01 8.613734605503979699e-04
3.103979404726194247e+01 2.691792064219993724e-04
3.108979404726193962e+01 1.345896032109996862e-04
3.113979404726194389e+01 1.615075238531996126e-04
3.118979404726194105e+01 5.383584128439987312e-05
3.123979404726194531e+01 1.076716825687997462e-04
3.128979404726194247e+01 5.383584128439987312e-05
3.133979404726193962e+01 8.075376192659980629e-05
3.138979404726194389e+01 0.000000000000000000e+00
3.143979404726194105e+01 0.000000000000000000e+00
3.148979404726194531e+01 0.000000000000000000e+00
3.153979404726194247e+01 0.000000000000000000e+00
3.158979404726193962e+01 0.000000000000000000e+00
3.163979404726194389e+01 0.000000000000000000e+00
3.168979404726194105e+01 0.000000000000000000e+00
3.173979404726194531e+01 0.000000000000000000e+00
3.178979404726194247e+01 0.000000000000000000e+00
3.183979404726193962e+01 0.000000000000000000e+00
3.188979404726194389e+01 0.000000000000000000e+00
3.193979404726194105e+01 0.000000000000000000e+00
3.198979404726194531e+01 0.000000000000000000e+00
3.203979404726194247e+01 0.000000000000000000e+00
3.208979404726193962e+01 0.000000000000000000e+00
3.213979404726194389e+01 0.000000000000000000e+00
3.218979404726194105e+01 0.000000000000000000e+00
3.223979404726194531e+01 0.000000000000000000e+00
3.228979404726194247e+01 0.000000000000000000e+00
3.233979404726193962e+01 0.000000000000000000e+00
3.238979404726194389e+01 0.000000000000000000e+00
3.243979404726194105e+01 0.000000000000000000e+00
3.248979404726194531e+01 0.000000000000000000e+00
3.253979404726194247e+01 0.000000000000000000e+00
3.258979404726193962e+01 0.000000000000000000e+00
3.263979404726194389e+01 0.000000000000000000e+00
3.268979404726194105e+01 0.000000000000000000e+00
3.273979404726194531e+01 0.000000000000000000e+00
3.278979404726194247e+01 0.000000000000000000e+00
3.283979404726193962e+01 0.000000000000000000e+00
3.288979404726194389e+01 0.000000000000000000e+00
3.293979404726194105e+01 0.000000000000000000e+00
3.298979404726194531e+01 0.000000000000000000e+00
3.303979404726194247e+01 0.000000000000000000e+00
3.308979404726193962e+01 0.000000000000000000e+00
3.313979404726194389e+01 0.000000000000000000e+00
3.318979404726194105e+01 0.000000000000000000e+00
3.323979404726194531e+01 0.000000000000000000e+00
3.328979404726194247e+01 0.000000000000000000e+00
3.333979404726193962e+01 0.000000000000000000e+00
3.338979404726194389e+01 0.000000000000000000e+00
3.343979404726194105e+01 0.000000000000000000e+00
3.348979404726194531e+01 0.000000000000000000e+00
3.353979404726194247e+01 0.000000000000000000e+00
3.358979404726193962e+01 0.000000000000000000e+00
3.363979404726194389e+01 0.000000000000000000e+00
3.368979404726194105e+01 0.000000000000000000e+00
3.373979404726194531e+01 0.000000000000000000e+00
3.378979404726194247e+01 0.000000000000000000e+00
3.383979404726193962e+01 0.000000000000000000e+00
3.388979404726194389e+01 0.000000000000000000e+00
3.393979404726194105e+01 0.000000000000000000e+00
3.398979404726194531e+01 0.000000000000000000e+00
3.403979404726194247e+01 0.000000000000000000e+00
3.408979404726193962e+01 0.000000000000000000e+00
3.413979404726194389e+01 0.000000000000000000e+00
3.418979404726194105e+01 0.000000000000000000e+00
3.423979404726194531e+01 0.000000000000000000e+00
3.428979404726194247e+01 0.000000000000000000e+00
3.433979404726193962e+01 0.000000000000000000e+00
3.438979404726194389e+01 0.000000000000000000e+00
3.443979404726194105e+01 0.000000000000000000e+00
3.448979404726194531e+01 0.000000000000000000e+00
3.453979404726194247e+01 0.000000000000000000e+00
3.458979404726193962e+01 0.000000000000000000e+00
3.463979404726194389e+01 0.000000000000000000e+00
3.468979404726194105e+01 0.000000000000000000e+00
3.473979404726194531e+01 0.000000000000000000e+00
3.478979404726194247e+01 0.000000000000000000e+00
3.483979404726193962e+01 0.000000000000000000e+00
3.488979404726194389e+01 0.000000000000000000e+00
3.493979404726194105e+01 0.000000000000000000e+00
3.498979404726194531e+01 0.000000000000000000e+00
3.503979404726194247e+01 0.000000000000000000e+00
3.508979404726193962e+01 0.000000000000000000e+00
3.513979404726194389e+01 0.000000000000000000e+00
3.518979404726194105e+01 0.000000000000000000e+00
3.523979404726194531e+01 0.000000000000000000e+00
3.528979404726194247e+01 0.000000000000000000e+00
3.533979404726193962e+01 0.000000000000000000e+00
3.538979404726194389e+01 0.000000000000000000e+00
3.543979404726194105e+01 0.000000000000000000e+00
3.548979404726194531e+01 0.000000000000000000e+00
3.553979404726194247e+01 0.000000000000000000e+00
3.558979404726193962e+01 0.000000000000000000e+00
3.563979404726194389e+01 0.000000000000000000e+00
3.568979404726194105e+01 0.000000000000000000e+00
3.573979404726194531e+01 0.000000000000000000e+00
3.578979404726194247e+01 0.000000000000000000e+00
3.583979404726193962e+01 0.000000000000000000e+00
3.588979404726194389e+01 0.000000000000000000e+00
3.593979404726194105e+01 0.000000000000000000e+00
3.598979404726194531e+01 0.000000000000000000e+00
3.603979404726194247e+01 0.000000000000000000e+00
3.608979404726193962e+01 0.000000000000000000e+00
3.613979404726194389e+01 0.000000000000000000e+00
3.618979404726194105e+01 0.000000000000000000e+00
3.623979404726194531e+01 0.000000000000000000e+00
3.628979404726194247e+01 0.000000000000000000e+00
3.633979404726193962e+01 0.000000000000000000e+00
3.638979404726194389e+01 0.000000000000000000e+00
3.643979404726194105e+01 0.000000000000000000e+00
3.648979404726194531e+01 0.000000000000000000e+00
3.653979404726194247e+01 0.000000000000000000e+00
3.658979404726193962e+01 0.000000000000000000e+00
3.663979404726194389e+01 0.000000000000000000e+00
3.668979404726194105e+01 0.000000000000000000e+00
3.673979404726194531e+01 0.000000000000000000e+00
3.678979404726194247e+01 0.000000000000000000e+00
3.683979404726193962e+01 0.000000000000000000e+00
3.688979404726194389e+01 0.000000000000000000e+00
3.693979404726194105e+01 0.000000000000000000e+00
3.698979404726194531e+01 0.000000000000000000e+00
3.703979404726194247e+01 0.000000000000000000e+00
3.708979404726193962e+01 0.000000000000000000e+00
3.713979404726194389e+01 0.000000000000000000e+00
