-9.857143550240540009e+00 2.061124405998581875e-04
-9.807143550240541074e+00 3.091686608997873354e-04
-9.757143550240540364e+00 2.576405507498227344e-05
-9.707143550240539653e+00 5.152811014996454687e-05
-9.657143550240540719e+00 5.152811014996454687e-05
-9.607143550240540009e+00 2.576405507498227344e-05
-9.557143550240541074e+00 0.000000000000000000e+00
-9.507143550240540364e+00 0.000000000000000000e+00
-9.457143550240539653e+00 2.576405507498227344e-05
-9.407143550240540719e+00 0.000000000000000000e+00
-9.357143550240540009e+00 0.000000000000000000e+00
-9.307143550240541074e+00 0.000000000000000000e+00
-9.257143550240540364e+00 0.000000000000000000e+00
-9.207143550240539653e+00 2.576405507498227344e-05
-9.157143550240540719e+00 0.000000000000000000e+00
-9.107143550240540009e+00 0.000000000000000000e+00
-9.057143550240541074e+00 0.000000000000000000e+00
-9.007143550240540364e+00 0.000000000000000000e+00
-8.957143550240539653e+00 0.000000000000000000e+00
-8.907143550240540719e+00 0.000000000000000000e+00
-8.857143550240540009e+00 0.000000000000000000e+00
-8.807143550240539298e+00 0.000000000000000000e+00
-8.757143550240540364e+00 0.000000000000000000e+00
-8.707143550240539653e+00 0.000000000000000000e+00
-8.657143550240540719e+00 0.000000000000000000e+00
-8.607143550240540009e+00 0.000000000000000000e+00
-8.557143550240539298e+00 0.000000000000000000e+00
-8.507143550240540364e+00 0.000000000000000000e+00
-8.457143550240539653e+00 0.000000000000000000e+00
-8.407143550240540719e+00 0.000000000000000000e+00
-8.357143550240540009e+00 0.000000000000000000e+00
-8.307143550240539298e+00 0.000000000000000000e+00
-8.257143550240540364e+00 0.000000000000000000e+00
-8.207143550240539653e+00 0.000000000000000000e+00
-8.157143550240540719e+00 0.000000000000000000e+00
-8.107143550240540009e+00 0.000000000000000000e+00
-8.057143550240539298e+00 0.000000000000000000e+00
-8.007143550240540364e+00 0.000000000000000000e+00
-7.957143550240539653e+00 0.000000000000000000e+00
-7.907143550240540719e+00 0.000000000000000000e+00
-7.857143550240540009e+00 0.000000000000000000e+00
-7.807143550240540186e+00 0.000000000000000000e+00
-7.757143550240540364e+00 0.000000000000000000e+00
-7.707143550240540542e+00 0.000000000000000000e+00
-7.657143550240540719e+00 0.000000000000000000e+00
-7.607143550240540009e+00 0.000000000000000000e+00
-7.557143550240540186e+00 0.000000000000000000e+00
-7.507143550240540364e+00 0.000000000000000000e+00
-7.457143550240539653e+00 0.000000000000000000e+00
-7.407143550240540719e+00 0.000000000000000000e+00
-7.357143550240540009e+00 0.000000000000000000e+00
-7.307143550240540186e+00 0.000000000000000000e+00
-7.257143550240540364e+00 0.000000000000000000e+00
-7.207143550240539653e+00 0.000000000000000000e+00
-7.157143550240540719e+00 0.000000000000000000e+00
-7.107143550240540009e+00 0.000000000000000000e+00
-7.057143550240540186e+00 0.000000000000000000e+00
-7.007143550240540364e+00 0.000000000000000000e+00
-6.957143550240539653e+00 0.000000000000000000e+00
-6.907143550240540719e+00 0.000000000000000000e+00
-6.857143550240540009e+00 0.000000000000000000e+00
-6.807143550240540186e+00 0.000000000000000000e+00
-6.757143550240540364e+00 0.000000000000000000e+00
-6.707143550240539653e+00 0.000000000000000000e+00
-6.657143550240540719e+00 0.000000000000000000e+00
-6.607143550240540009e+00 0.000000000000000000e+00
-6.557143550240540186e+00 0.000000000000000000e+00
-6.507143550240540364e+00 0.000000000000000000e+00
-6.457143550240539653e+00 0.000000000000000000e+00
-6.407143550240540719e+00 0.000000000000000000e+00
-6.357143550240540009e+00 0.000000000000000000e+00
-6.307143550240540186e+00 0.000000000000000000e+00
-6.257143550240540364e+00 0.000000000000000000e+00
-6.207143550240539653e+00 0.000000000000000000e+00
-6.157143550240540719e+00 0.000000000000000000e+00
-6.107143550240540009e+00 0.000000000000000000e+00
-6.057143550240540186e+00 0.000000000000000000e+00
-6.007143550240540364e+00 0.000000000000000000e+00
-5.957143550240539653e+00 0.000000000000000000e+00
-5.907143550240540719e+00 0.000000000000000000e+00
-5.857143550240540009e+00 0.000000000000000000e+00
-5.807143550240540186e+00 0.000000000000000000e+00
-5.757143550240540364e+00 0.000000000000000000e+00
-5.707143550240539653e+00 0.000000000000000000e+00
-5.657143550240540719e+00 0.000000000000000000e+00
-5.607143550240540009e+00 0.000000000000000000e+00
-5.557143550240540186e+00 0.000000000000000000e+00
-5.507143550240540364e+00 0.000000000000000000e+00
-5.457143550240539653e+00 0.000000000000000000e+00
-5.407143550240540719e+00 0.000000000000000000e+00
-5.357143550240540009e+00 0.000000000000000000e+00
-5.307143550240540186e+00 0.000000000000000000e+00
-5.257143550240540364e+00 0.000000000000000000e+00
-5.207143550240539653e+00 0.000000000000000000e+00
-5.157143550240540719e+00 0.000000000000000000e+00
-5.107143550240540009e+00 0.000000000000000000e+00
-5.057143550240539298e+00 0.000000000000000000e+00
-5.007143550240540364e+00 0.000000000000000000e+00
-4.957143550240539653e+00 0.000000000000000000e+00
-4.907143550240540719e+00 0.000000000000000000e+00
-4.857143550240540009e+00 0.000000000000000000e+00
-4.807143550240539298e+00 0.000000000000000000e+00
-4.757143550240540364e+00 0.000000000000000000e+00
-4.707143550240539653e+00 0.000000000000000000e+00
-4.657143550240540719e+00 0.000000000000000000e+00
-4.607143550240540009e+00 0.000000000000000000e+00
-4.557143550240539298e+00 0.000000000000000000e+00
-4.507143550240540364e+00 0.000000000000000000e+00
-4.457143550240539653e+00 0.000000000000000000e+00
-4.407143550240540719e+00 0.000000000000000000e+00
-4.357143550240540009e+00 0.000000000000000000e+00
-4.307143550240539298e+00 0.000000000000000000e+00
-4.257143550240540364e+00 0.000000000000000000e+00
-4.207143550240539653e+00 0.000000000000000000e+00
-4.157143550240540719e+00 0.000000000000000000e+00
-4.107143550240540009e+00 0.000000000000000000e+00
-4.057143550240539298e+00 0.000000000000000000e+00
-4.007143550240540364e+00 0.000000000000000000e+00
-3.957143550240539653e+00 0.000000000000000000e+00
-3.907143550240540719e+00 0.000000000000000000e+00
-3.857143550240540009e+00 0.000000000000000000e+00
-3.807143550240539298e+00 0.000000000000000000e+00
-3.757143550240540364e+00 0.000000000000000000e+00
-3.707143550240539653e+00 0.000000000000000000e+00
-3.657143550240540719e+00 0.000000000000000000e+00
-3.607143550240540009e+00 0.000000000000000000e+00
-3.557143550240539298e+00 0.000000000000000000e+00
-3.507143550240540364e+00 0.000000000000000000e+00
-3.457143550240539653e+00 0.000000000000000000e+00
-3.407143550240540719e+00 0.000000000000000000e+00
-3.357143550240540009e+00 0.000000000000000000e+00
-3.307143550240539298e+00 0.000000000000000000e+00
-3.257143550240540364e+00 0.000000000000000000e+00
-3.207143550240539653e+00 0.000000000000000000e+00
-3.157143550240540719e+00 0.000000000000000000e+00
-3.107143550240540009e+00 0.000000000000000000e+00
-3.057143550240539298e+00 0.000000000000000000e+00
-3.007143550240540364e+00 0.000000000000000000e+00
-2.957143550240539653e+00 0.000000000000000000e+00
-2.907143550240540719e+00 0.000000000000000000e+00
-2.857143550240540009e+00 0.000000000000000000e+00
-2.807143550240539298e+00 0.000000000000000000e+00
-2.757143550240540364e+00 0.000000000000000000e+00
-2.707143550240539653e+00 0.000000000000000000e+00
-2.657143550240540719e+00 0.000000000000000000e+00
-2.607143550240540009e+00 0.000000000000000000e+00
-2.557143550240539298e+00 0.000000000000000000e+00
-2.507143550240540364e+00 0.000000000000000000e+00
-2.457143550240539653e+00 0.000000000000000000e+00
-2.407143550240540719e+00 0.000000000000000000e+00
-2.357143550240540009e+00 0.000000000000000000e+00
-2.307143550240539298e+00 0.000000000000000000e+00
-2.257143550240540364e+00 0.000000000000000000e+00
-2.207143550240539653e+00 0.000000000000000000e+00
-2.157143550240540719e+00 0.000000000000000000e+00
-2.107143550240540009e+00 0.000000000000000000e+00
-2.057143550240539298e+00 0.000000000000000000e+00
-2.007143550240540364e+00 0.000000000000000000e+00
-1.957143550240539653e+00 0.000000000000000000e+00
-1.907143550240540719e+00 0.000000000000000000e+00
-1.857143550240540009e+00 0.000000000000000000e+00
-1.807143550240541074e+00 0.000000000000000000e+00
-1.757143550240540364e+00 0.000000000000000000e+00
-1.707143550240539653e+00 0.000000000000000000e+00
-1.657143550240538943e+00 0.000000000000000000e+00
-1.607143550240540009e+00 0.000000000000000000e+00
-1.557143550240541074e+00 0.000000000000000000e+00
-1.507143550240540364e+00 0.000000000000000000e+00
-1.457143550240539653e+00 0.000000000000000000e+00
-1.407143550240538943e+00 0.000000000000000000e+00
-1.357143550240540009e+00 0.000000000000000000e+00
-1.307143550240541074e+00 0.000000000000000000e+00
-1.257143550240540364e+00 0.000000000000000000e+00
-1.207143550240539653e+00 0.000000000000000000e+00
-1.157143550240538943e+00 0.000000000000000000e+00
-1.107143550240540009e+00 0.000000000000000000e+00
-1.057143550240541074e+00 0.000000000000000000e+00
-1.007143550240540364e+00 0.000000000000000000e+00
-9.571435502405396534e-01 0.000000000000000000e+00
-9.071435502405389428e-01 0.000000000000000000e+00
-8.571435502405400086e-01 0.000000000000000000e+00
-8.071435502405410745e-01 0.000000000000000000e+00
-7.571435502405403639e-01 0.000000000000000000e+00
-7.071435502405396534e-01 0.000000000000000000e+00
-6.571435502405389428e-01 0.000000000000000000e+00
-6.071435502405400086e-01 0.000000000000000000e+00
-5.571435502405410745e-01 0.000000000000000000e+00
-5.071435502405403639e-01 0.000000000000000000e+00
-4.571435502405396534e-01 0.000000000000000000e+00
-4.071435502405389428e-01 0.000000000000000000e+00
-3.571435502405400086e-01 0.000000000000000000e+00
-3.071435502405392981e-01 0.000000000000000000e+00
-2.571435502405403639e-01 0.000000000000000000e+00
-2.071435502405396534e-01 0.000000000000000000e+00
-1.571435502405389428e-01 0.000000000000000000e+00
-1.071435502405400086e-01 0.000000000000000000e+00
-5.714355024053929810e-02 0.000000000000000000e+00
-7.143550240540363916e-03 0.000000000000000000e+00
4.285644975946034663e-02 0.000000000000000000e+00
9.285644975946105717e-02 2.576405507498227344e-05
1.428564497594599914e-01 0.000000000000000000e+00
1.928564497594607019e-01 1.030562202999290937e-04
2.428564497594596361e-01 5.152811014996454687e-05
2.928564497594603466e-01 5.152811014996454687e-05
3.428564497594610572e-01 2.576405507498227344e-05
3.928564497594599914e-01 5.152811014996454687e-05
4.428564497594607019e-01 7.729216522494683386e-05
4.928564497594596361e-01 1.030562202999290937e-04
5.428564497594603466e-01 3.091686608997873354e-04
5.928564497594610572e-01 3.606967710497518552e-04
6.428564497594599914e-01 6.956294870245213150e-04
6.928564497594607019e-01 9.017419276243796109e-04
7.428564497594596361e-01 1.417023029124025134e-03
7.928564497594603466e-01 2.679461727798156546e-03
8.428564497594610572e-01 5.513507786046207247e-03
8.928564497594599914e-01 1.061479069089269790e-02
9.428564497594607019e-01 2.071430028028575093e-02
9.928564497594596361e-01 3.980546509084761930e-02
1.042856449759460347e+00 7.041316251992656150e-02
1.092856449759461057e+00 1.098064027295744677e-01
1.142856449759459991e+00 1.605615912272895518e-01
1.192856449759460702e+00 1.982801678570635939e-01
1.242856449759459636e+00 2.204630192766233177e-01
1.292856449759460347e+00 2.175001529430003744e-01
1.342856449759461057e+00 1.945701439262661758e-01
1.392856449759459991e+00 1.709187413674324030e-01
1.442856449759460702e+00 1.600720741808648873e-01
1.492856449759459636e+00 1.617209737056637675e-01
1.542856449759460347e+00 1.845736905571729869e-01
1.592856449759461057e+00 2.303821804804914997e-01
1.642856449759459991e+00 3.045568950413655163e-01
1.692856449759460702e+00 4.694983756314020096e-01
1.742856449759459636e+00 7.895652318279068327e-01
1.792856449759460347e+00 1.445337725651430816e+00
1.842856449759461057e+00 2.517199708935918157e+00
1.892856449759459991e+00 3.933733221013518744e+00
1.942856449759460702e+00 5.416789523294722741e+00
1.992856449759459636e+00 6.680155727951554212e+00
2.042856449759460347e+00 7.182529037858634169e+00
2.092856449759461057e+00 6.642437151321781030e+00
2.142856449759459991e+00 5.635011069779824133e+00
2.192856449759460702e+00 4.236306283814110785e+00
2.242856449759459636e+00 2.864576463511903981e+00
2.292856449759460347e+00 1.820539659708397595e+00
2.342856449759461057e+00 9.918388282215927498e-01
2.392856449759459991e+00 5.417665501167272524e-01
2.442856449759460702e+00 2.830696731088302442e-01
2.492856449759459636e+00 1.409551453152280143e-01
2.542856449759460347e+00 9.110169874513733557e-02
2.592856449759461057e+00 7.574632192044788992e-02
2.642856449759459991e+00 8.721132642881501695e-02
2.692856449759460702e+00 1.060448506886270542e-01
2.742856449759459636e+00 1.326075914709337611e-01
2.792856449759460347e+00 1.590672760329406021e-01
2.842856449759461057e+00 1.739331358112053416e-01
2.892856449759459991e+00 1.745257090779299414e-01
2.942856449759460702e+00 1.648641884248115697e-01
2.992856449759459636e+00 1.419084153530023595e-01
3.042856449759460347e+00 1.164792929939948707e-01
3.092856449759461057e+00 8.834494485211423498e-02
3.142856449759459991e+00 6.783675701242833367e-02
3.192856449759460702e+00 5.874204557095959178e-02
3.242856449759459636e+00 5.487743730971224310e-02
3.292856449759460347e+00 5.351194239073819164e-02
3.342856449759461057e+00 6.984635330827695943e-02
3.392856449759459991e+00 8.672180938239035242e-02
3.442856449759460702e+00 1.135679547705218673e-01
3.492856449759459636e+00 1.550480834412433506e-01
3.542856449759460347e+00 1.874077366154210944e-01
3.592856449759461057e+00 2.480047941517793952e-01
3.642856449759459991e+00 3.224886773735531342e-01
3.692856449759460702e+00 3.928245477282548137e-01
3.742856449759459636e+00 5.010593430982553942e-01
3.792856449759460347e+00 6.166368941646258595e-01
3.842856449759461057e+00 7.000351404423433843e-01
3.892856449759459991e+00 8.024987874755479256e-01
3.942856449759460702e+00 9.300308600967102102e-01
3.992856449759459636e+00 9.812498015857750167e-01
4.042856449759460347e+00 1.074773321507960455e+00
4.092856449759461057e+00 1.140832358720215378e+00
4.142856449759459991e+00 1.198878774804150282e+00
4.192856449759460702e+00 1.325277229002013391e+00
4.242856449759459636e+00 1.452087908081076240e+00
4.292856449759460347e+00 1.625042009799432030e+00
4.342856449759461057e+00 1.858618933109221549e+00
4.392856449759459991e+00 2.154261465094642780e+00
4.442856449759460702e+00 2.384772465850509615e+00
4.492856449759459636e+00 2.626155897848017950e+00
4.542856449759460347e+00 2.769996617331644817e+00
4.592856449759461057e+00 2.774170394253791638e+00
4.642856449759459991e+00 2.668280127895614307e+00
4.692856449759460702e+00 2.554506060684492930e+00
4.742856449759459636e+00 2.235907755627261739e+00
4.792856449759460347e+00 1.978035328381764213e+00
4.842856449759461057e+00 1.694708014722184020e+00
4.892856449759459991e+00 1.409989442088555034e+00
4.942856449759460702e+00 1.221705727600584712e+00
4.992856449759459636e+00 1.018298512783599508e+00
5.042856449759460347e+00 9.261920158905379008e-01
5.092856449759461057e+00 8.175965237494875471e-01
5.142856449759459991e+00 7.192551255282801925e-01
5.192856449759460702e+00 7.279891401986992028e-01
5.242856449759459636e+00 7.136127974668591278e-01
5.292856449759460347e+00 6.827474594870303060e-01
5.342856449759461057e+00 6.949853856476468916e-01
5.392856449759459991e+00 7.021993210686418019e-01
5.442856449759460702e+00 7.097224251505368509e-01
5.492856449759459636e+00 7.411288082869402771e-01
5.542856449759460347e+00 7.657592449386232403e-01
5.592856449759461057e+00 7.947180428429033716e-01
5.642856449759459991e+00 8.241148296834581721e-01
5.692856449759460702e+00 8.042507432206468243e-01
5.742856449759459636e+00 8.550832238835868182e-01
5.792856449759460347e+00 8.790180310482453852e-01
5.842856449759461057e+00 8.964602963340082553e-01
5.892856449759459991e+00 9.268618813224873687e-01
5.942856449759460702e+00 9.568770054848417805e-01
5.992856449759459636e+00 9.333801872564578828e-01
6.042856449759460347e+00 9.346168619000571054e-01
6.092856449759461057e+00 9.178702261013185204e-01
6.142856449759458215e+00 9.387391107120541811e-01
6.192856449759462478e+00 9.067143902538511435e-01
6.242856449759459636e+00 9.446390793242251949e-01
6.292856449759460347e+00 9.084663459989501533e-01
6.342856449759461057e+00 9.084405819438751140e-01
6.392856449759458215e+00 8.885249673709139095e-01
6.442856449759462478e+00 8.745350854651984251e-01
6.492856449759459636e+00 8.740970965289236450e-01
6.542856449759460347e+00 8.547225271125370449e-01
6.592856449759461057e+00 8.742774449144485871e-01
6.642856449759458215e+00 8.449837142941938328e-01
6.692856449759462478e+00 8.786058061670455333e-01
6.742856449759459636e+00 8.678364311457030800e-01
6.792856449759460347e+00 8.818778411615684210e-01
6.842856449759461057e+00 8.858970337532655615e-01
6.892856449759458215e+00 8.625547998553316775e-01
6.942856449759462478e+00 9.122794261500475343e-01
6.992856449759459636e+00 8.944249359830847013e-01
7.042856449759460347e+00 8.575823372258600807e-01
7.092856449759461057e+00 9.225335200698904226e-01
7.142856449759458215e+00 9.055807718305519671e-01
7.192856449759462478e+00 8.995004548328562333e-01
7.242856449759459636e+00 8.896070576840631183e-01
7.292856449759460347e+00 8.965891166093832299e-01
7.342856449759461057e+00 8.828311111993426552e-01
7.392856449759458215e+00 9.113003920571981498e-01
7.442856449759462478e+00 9.265527126615875630e-01
7.492856449759459636e+00 9.300308600967102102e-01
7.542856449759460347e+00 9.268361172674123294e-01
7.592856449759461057e+00 9.371675033524804466e-01
7.642856449759458215e+00 9.213226094813663503e-01
7.692856449759462478e+00 9.539141391512186985e-01
7.742856449759459636e+00 1.002917371903835120e+00
7.792856449759460347e+00 9.864026126007714446e-01
7.842856449759461057e+00 1.022034300769471882e+00
7.892856449759458215e+00 1.018118164398074565e+00
7.942856449759462478e+00 1.061582125309569635e+00
7.992856449759459636e+00 1.046690501476229773e+00
8.042856449759460347e+00 1.092627811674923510e+00
8.092856449759461057e+00 1.049936772415677844e+00
8.142856449759458215e+00 1.117438596712131194e+00
8.192856449759462478e+00 1.133335018693395480e+00
8.242856449759459636e+00 1.091004676205199475e+00
8.292856449759460347e+00 1.125708858391200717e+00
8.342856449759461057e+00 1.069079465336389756e+00
8.392856449759458215e+00 1.119911945999329639e+00
8.442856449759462478e+00 1.116098865848232258e+00
8.492856449759459636e+00 1.072171151945387368e+00
8.542856449759460347e+00 1.098115555405894561e+00
8.592856449759461057e+00 1.063411373219893541e+00
8.642856449759458215e+00 1.071269410017762880e+00
8.692856449759462478e+00 1.023915076789945644e+00
8.742856449759459636e+00 1.033164372561864219e+00
8.792856449759460347e+00 1.008405115634806393e+00
8.842856449759461057e+00 1.037544261924611355e+00
8.892856449759458215e+00 9.689861113700835027e-01
8.942856449759462478e+00 9.689603473150083524e-01
8.992856449759459636e+00 9.726188431356559416e-01
9.042856449759460347e+00 9.551250497397428818e-01
9.092856449759461057e+00 9.201889910580669518e-01
9.142856449759458215e+00 9.033135349839536143e-01
9.192856449759462478e+00 8.997323313285310320e-01
9.242856449759459636e+00 9.530896893888194388e-01
9.292856449759463899e+00 9.114549763876479416e-01
9.342856449759461057e+00 9.341788729637823252e-01
9.392856449759458215e+00 9.277636232501118574e-01
9.442856449759462478e+00 9.080541211177504124e-01
9.492856449759459636e+00 9.176125855505687934e-01
9.542856449759463899e+00 9.007628935315303842e-01
9.592856449759461057e+00 9.589896580009903415e-01
9.642856449759458215e+00 9.713564044369817907e-01
9.692856449759462478e+00 9.179990463766934949e-01
9.742856449759459636e+00 9.275317467544369476e-01
9.792856449759463899e+00 9.626223897665626694e-01
9.842856449759461057e+00 9.439692138922757270e-01
9.892856449759458215e+00 9.399500213005783644e-01
9.942856449759462478e+00 9.709441795557820498e-01
9.992856449759459636e+00 9.594276469372648997e-01
1.004285644975946390e+01 9.716655730978815964e-01
1.009285644975946106e+01 9.585001409545657047e-01
1.014285644975945821e+01 9.807345204842753406e-01
1.019285644975946248e+01 9.905248614127686313e-01
1.024285644975945964e+01 9.910916706244182750e-01
1.029285644975946390e+01 9.671568634597595970e-01
1.034285644975946106e+01 9.676979086163344235e-01
1.039285644975945821e+01 9.632664911434374311e-01
1.044285644975946248e+01 9.975069203380887428e-01
1.049285644975945964e+01 9.879484559052703618e-01
1.054285644975946390e+01 9.624678054361128776e-01
1.059285644975946106e+01 9.873301185834708615e-01
1.064285644975945821e+01 9.970946954568891130e-01
1.069285644975946248e+01 9.512604414784955331e-01
1.074285644975945964e+01 9.437631014516757455e-01
1.079285644975946390e+01 9.997226290745373500e-01
1.084285644975946106e+01 9.929209185347420696e-01
1.089285644975945821e+01 9.965278862452395803e-01
1.094285644975946248e+01 9.853462863426971641e-01
1.099285644975945964e+01 9.838777352034232537e-01
1.104285644975946390e+01 9.676463805061843448e-01
1.109285644975946106e+01 9.769214403331780705e-01
1.114285644975945821e+01 9.565163087137920073e-01
1.119285644975946248e+01 9.611538386272888701e-01
1.124285644975945964e+01 1.022111592934697111e+00
1.129285644975946390e+01 9.671568634597595970e-01
1.134285644975946106e+01 9.361884692596309510e-01
1.139285644975945821e+01 9.621071086650632154e-01
1.144285644975946248e+01 9.555115105658675834e-01
1.149285644975945964e+01 9.587577815053154318e-01
1.154285644975946390e+01 9.441495622778005581e-01
1.159285644975946106e+01 9.463137429040989757e-01
1.164285644975945821e+01 9.928436263695170627e-01
1.169285644975946248e+01 9.444072028285503961e-01
1.174285644975945964e+01 9.718201574283313882e-01
1.179285644975946390e+01 9.676979086163344235e-01
1.184285644975946106e+01 9.703258422339824385e-01
1.189285644975945821e+01 9.846764209107474741e-01
1.194285644975946248e+01 9.815847343017497506e-01
1.199285644975945964e+01 9.932558512507166926e-01
1.204285644975946390e+01 9.914523673954679372e-01
1.209285644975946106e+01 1.012372780116353566e+00
1.214285644975945821e+01 9.823834200090741930e-01
1.219285644975946248e+01 1.019535187427198508e+00
1.224285644975945964e+01 9.848567692962726383e-01
1.229285644975946390e+01 9.783126993072270849e-01
1.234285644975946106e+01 9.754271251388288988e-01
1.239285644975945821e+01 9.754786532489789774e-01
1.244285644975946248e+01 1.016701141368950623e+00
1.249285644975945964e+01 1.003896405996684393e+00
1.254285644975946390e+01 9.796781942262010601e-01
1.259285644975946106e+01 9.297989836010354114e-01
1.264285644975945821e+01 9.704546625093574130e-01
1.269285644975946248e+01 9.549447013542180507e-01
1.274285644975945964e+01 9.603293888648893883e-01
1.279285644975946390e+01 9.748087878170295095e-01
1.284285644975946106e+01 9.301081522619352171e-01
1.289285644975945821e+01 9.584486128444157371e-01
1.294285644975946248e+01 9.732114164023804026e-01
1.299285644975945964e+01 9.562844322181172085e-01
1.304285644975946390e+01 9.497145981739967269e-01
1.309285644975946106e+01 9.845476006353727216e-01
1.314285644975945821e+01 9.642455252362867046e-01
1.319285644975946248e+01 9.866860172065962109e-01
1.324285644975945964e+01 9.536307345453941542e-01
1.329285644975946390e+01 9.683935381033588197e-01
1.334285644975946106e+01 9.476019456578481659e-01
1.339285644975945821e+01 9.667961666887099348e-01
1.344285644975946248e+01 9.518787788002951444e-01
1.349285644975945964e+01 9.449224839300498502e-01
1.354285644975946390e+01 9.841869038643229484e-01
1.359285644975946106e+01 9.690891675903833269e-01
1.364285644975945821e+01 9.879484559052703618e-01
1.369285644975946248e+01 1.001165416158736221e+00
1.374285644975945964e+01 1.000031797735437156e+00
1.379285644975946390e+01 9.991558198628875953e-01
1.384285644975946106e+01 9.805541720987505094e-01
1.389285644975945821e+01 9.802707674929256321e-01
1.394285644975946248e+01 9.811982734756250490e-01
1.399285644975945964e+01 9.834139822120735452e-01
1.404285644975946390e+01 9.895973554300692143e-01
1.409285644975946106e+01 1.000237910176036804e+00
1.414285644975945821e+01 9.855523987832970345e-01
1.419285644975946248e+01 9.915554236157679835e-01
1.424285644975945964e+01 1.005957530402683098e+00
1.429285644975946390e+01 9.666415823582601430e-01
1.434285644975946106e+01 9.914781314505428655e-01
1.439285644975945821e+01 9.925859858187671136e-01
1.444285644975946248e+01 9.700166735730826328e-01
1.449285644975945964e+01 1.011986319290228975e+00
1.454285644975946390e+01 9.716398090428066681e-01
1.459285644975946106e+01 9.852689941774721571e-01
1.464285644975945821e+01 9.583970847342657695e-01
1.469285644975946248e+01 1.014408140467277342e+00
1.474285644975945964e+01 9.953427397117903253e-01
1.479285644975946390e+01 9.642970533464366722e-01
1.484285644975946106e+01 9.561040838325922664e-01
1.489285644975945821e+01 9.653276155494359134e-01
1.494285644975946248e+01 9.776685979303524343e-01
1.499285644975945964e+01 9.753755970286790422e-01
1.504285644975946390e+01 9.756590016345039196e-01
1.509285644975946106e+01 9.565678368239418639e-01
1.514285644975945821e+01 9.632407270883623918e-01
1.519285644975946248e+01 9.633695473637372553e-01
1.524285644975945964e+01 9.704804265644323413e-01
1.529285644975946390e+01 9.526774645076196979e-01
1.534285644975946106e+01 9.424491346428518490e-01
1.539285644975945821e+01 9.759681702954036142e-01
1.544285644975946248e+01 9.683935381033588197e-01
1.549285644975945964e+01 9.573665225312665283e-01
1.554285644975946390e+01 9.523940599017948205e-01
1.559285644975946106e+01 9.499464746696715256e-01
1.564285644975945821e+01 9.375797282336800764e-01
1.569285644975946248e+01 9.828214089453489732e-01
1.574285644975945964e+01 1.002067158086360710e+00
1.579285644975946390e+01 9.681874256627589492e-01
1.584285644975946106e+01 1.031489708981990328e+00
1.589285644975945821e+01 9.890305462184195706e-01
1.594285644975946248e+01 9.506163401016211045e-01
1.599285644975945964e+01 1.018478861169124228e+00
1.604285644975946212e+01 1.038961284953735298e+00
1.609285644975945928e+01 9.916069517259178401e-01
1.614285644975945644e+01 9.738555177792550532e-01
1.619285644975946070e+01 9.965536503003145086e-01
1.624285644975945786e+01 1.021467491557822349e+00
1.629285644975946212e+01 1.008250531304356379e+00
1.634285644975945928e+01 9.827956448902740449e-01
1.639285644975945644e+01 1.032133810358864867e+00
1.644285644975946070e+01 9.646062220073364779e-01
1.649285644975945786e+01 9.934877277463916023e-01
1.654285644975946212e+01 9.696559768020329706e-01
1.659285644975945928e+01 1.021853952383946940e+00
1.664285644975945644e+01 9.942348853435660772e-01
1.669285644975946070e+01 1.002195978361735573e+00
1.674285644975945786e+01 9.967597627409142680e-01
1.679285644975946212e+01 9.732629445125305923e-01
1.684285644975945928e+01 9.919934125520425416e-01
1.689285644975945644e+01 9.772048449390027258e-01
1.694285644975946070e+01 9.651730312189860106e-01
1.699285644975945786e+01 1.000650135057236767e+00
1.704285644975946212e+01 9.572892303660414104e-01
1.709285644975945928e+01 1.002427854857410372e+00
1.714285644975945644e+01 1.012759240942478378e+00
1.719285644975946070e+01 9.644258736218115358e-01
1.724285644975945786e+01 9.664354699176601615e-01
1.729285644975946212e+01 1.044655141125306441e+00
1.734285644975945928e+01 1.003175012454585069e+00
1.739285644975945644e+01 9.985890106512379516e-01
1.744285644975946070e+01 1.001242708323961228e+00
1.749285644975945786e+01 9.999545055702121488e-01
1.754285644975946212e+01 9.356216600479814183e-01
1.759285644975945928e+01 9.641939971261366260e-01
1.764285644975945644e+01 9.912462549548681778e-01
1.769285644975946070e+01 9.949820429407405520e-01
1.774285644975945786e+01 9.631376708680623455e-01
1.779285644975946212e+01 9.651472671639110823e-01
1.784285644975945928e+01 9.614114791780385971e-01
1.789285644975945644e+01 9.796781942262010601e-01
1.794285644975946070e+01 9.587835455603904711e-01
1.799285644975945786e+01 9.953942678219401818e-01
1.804285644975946212e+01 9.529608691134443532e-01
1.809285644975945928e+01 9.619525243346133125e-01
1.814285644975945644e+01 9.921222328274175162e-01
1.819285644975946070e+01 9.541717797019686476e-01
1.824285644975945786e+01 1.010414711930654796e+00
1.829285644975946212e+01 9.766380357273530821e-01
1.834285644975945928e+01 9.637560081898620679e-01
1.839285644975945644e+01 9.512346774234206048e-01
1.844285644975946070e+01 9.558979713919925070e-01
1.849285644975945786e+01 9.967855267959893073e-01
1.854285644975946212e+01 1.028372258317917343e+00
1.859285644975945928e+01 1.014949185623851724e+00
1.864285644975945644e+01 1.001551876984861034e+00
1.869285644975946070e+01 1.007915598588381645e+00
1.874285644975945786e+01 1.009564498113180608e+00
1.879285644975946212e+01 9.920964687723425879e-01
1.884285644975945928e+01 9.480399345941228351e-01
1.889285644975945644e+01 9.941318291232661419e-01
1.894285644975946070e+01 1.001989865921135703e+00
1.899285644975945786e+01 9.862480282703214307e-01
1.904285644975946212e+01 9.642197611812117763e-01
1.909285644975945928e+01 9.802192393827757755e-01
1.914285644975945644e+01 1.024378829781295241e+00
1.919285644975946070e+01 9.523682958467198922e-01
1.924285644975945786e+01 9.949047507755155451e-01
1.929285644975946212e+01 9.790083287942517032e-01
1.934285644975945928e+01 1.014511196687577055e+00
1.939285644975945644e+01 9.864283766558465949e-01
1.944285644975946070e+01 9.838004430381983578e-01
1.949285644975945786e+01 9.925344577086171460e-01
1.954285644975946212e+01 9.632922551985123594e-01
1.959285644975945928e+01 9.647608063377863807e-01
1.964285644975945644e+01 9.931785590854917967e-01
1.969285644975946070e+01 1.006318227173732760e+00
1.974285644975945786e+01 9.852689941774721571e-01
1.979285644975946212e+01 9.905506254678435596e-01
1.984285644975945928e+01 9.716140449877317398e-01
1.989285644975945644e+01 9.997226290745373500e-01
1.994285644975946070e+01 9.858358033891218009e-01
1.999285644975945786e+01 9.970946954568891130e-01
2.004285644975946212e+01 9.985632465961630233e-01
2.009285644975945928e+01 1.008276295359431307e+00
2.014285644975945644e+01 1.003535709225634509e+00
2.019285644975946070e+01 1.007709486147781774e+00
2.024285644975945786e+01 1.004282866822809206e+00
2.029285644975946212e+01 1.005880238237458091e+00
2.034285644975945928e+01 1.013918623420852594e+00
2.039285644975945644e+01 9.870724780327210235e-01
2.044285644975946070e+01 1.008765812405856055e+00
2.049285644975945786e+01 9.748860799822544054e-01
2.054285644975946212e+01 9.653276155494359134e-01
2.059285644975945928e+01 9.708153592804071863e-01
2.064285644975945644e+01 9.940803010131161743e-01
2.069285644975946070e+01 9.750921924228541648e-01
2.074285644975945786e+01 9.538626110410687309e-01
2.079285644975946212e+01 9.841353757541728697e-01
2.084285644975945928e+01 9.976615046685387567e-01
2.089285644975945644e+01 9.567224211543917667e-01
2.094285644975946070e+01 9.184627993680432034e-01
2.099285644975945786e+01 9.349517946160318393e-01
2.104285644975946212e+01 9.172003606693690525e-01
2.109285644975945928e+01 9.275575108095118759e-01
2.114285644975945644e+01 9.286653651777361240e-01
2.119285644975946070e+01 9.316024674562841668e-01
2.124285644975945786e+01 9.142890224458960491e-01
2.129285644975946212e+01 8.971816898761078019e-01
2.134285644975945928e+01 9.216833062524159015e-01
2.139285644975945644e+01 9.022314446708044056e-01
2.144285644975946070e+01 9.227138684554152537e-01
2.149285644975945786e+01 9.809921610350251786e-01
2.154285644975946212e+01 9.572634663109664821e-01
2.159285644975945928e+01 9.630603787028374496e-01
2.164285644975945644e+01 1.001861045645760617e+00
2.169285644975946070e+01 1.016829961644325708e+00
2.174285644975945786e+01 1.012089375510528688e+00
2.179285644975946212e+01 1.020694569905572724e+00
2.184285644975945928e+01 1.044835489510831161e+00
2.189285644975945644e+01 1.028552606703442285e+00
2.194285644975946070e+01 1.042619780774382887e+00
2.199285644975945786e+01 1.122565643672052804e+00
2.204285644975946212e+01 1.064107002706917937e+00
2.209285644975945928e+01 1.091494193251624223e+00
2.214285644975946354e+01 1.109271391253362049e+00
2.219285644975946070e+01 1.148329698747035055e+00
2.224285644975945786e+01 1.127022825200024503e+00
2.229285644975945502e+01 1.177005092045490198e+00
2.234285644975945928e+01 1.137070806679267854e+00
2.239285644975946354e+01 1.145882113514911538e+00
2.244285644975946070e+01 1.132845501646970732e+00
2.249285644975945786e+01 1.138925818644666466e+00
2.254285644975945502e+01 1.108781874206937301e+00
2.259285644975945928e+01 1.079951896578032144e+00
2.264285644975946354e+01 1.120556047376204178e+00
2.269285644975946070e+01 1.073175950093311792e+00
2.274285644975945786e+01 1.080750582285356698e+00
2.279285644975945502e+01 1.053131515244975613e+00
2.284285644975945928e+01 1.006421283394032695e+00
2.289285644975946354e+01 9.985632465961630233e-01
2.294285644975946070e+01 9.546097686382433167e-01
2.299285644975945786e+01 9.913493111751681131e-01
2.304285644975945502e+01 9.882060964560201999e-01
2.309285644975945928e+01 9.494054295130970322e-01
2.314285644975946354e+01 9.524198239568698598e-01
2.319285644975946070e+01 9.556145667861676296e-01
2.324285644975945786e+01 8.784769858916706697e-01
2.329285644975945502e+01 8.985987129052318556e-01
2.334285644975945928e+01 9.413155162195524506e-01
2.339285644975946354e+01 9.281758481313113762e-01
2.344285644975946070e+01 9.206269799943416210e-01
2.349285644975945786e+01 9.175352933853437865e-01
2.354285644975945502e+01 9.507451603769958570e-01
2.359285644975945928e+01 9.613341870128138122e-01
2.364285644975946354e+01 9.238732509337894694e-01
2.369285644975946070e+01 9.331998388709330516e-01
2.374285644975945786e+01 9.380434812250297849e-01
2.379285644975945502e+01 9.290518260038609366e-01
2.384285644975945928e+01 9.330710185955580771e-01
2.389285644975946354e+01 8.971043977108829059e-01
2.394285644975946070e+01 9.241308914845393074e-01
2.399285644975945786e+01 8.838874374574170467e-01
2.404285644975945502e+01 9.189265523593928009e-01
2.409285644975945928e+01 8.816459646658935112e-01
2.414285644975946354e+01 8.510897953469644950e-01
2.419285644975946070e+01 8.579172699418348147e-01
2.424285644975945786e+01 8.854848088720658206e-01
2.429285644975945502e+01 8.945795203135347151e-01
2.434285644975945928e+01 8.732726467665242742e-01
2.439285644975946354e+01 9.277378591950368181e-01
2.444285644975946070e+01 8.762355131001473563e-01
2.449285644975945786e+01 9.088785708801496721e-01
2.454285644975945502e+01 9.430159438545013817e-01
2.459285644975945928e+01 9.211680251509163364e-01
2.464285644975946354e+01 8.954554981860840535e-01
2.469285644975946070e+01 9.284077246269863970e-01
2.474285644975945786e+01 8.620910468639819690e-01
2.479285644975945502e+01 8.898904622898878847e-01
2.484285644975945928e+01 8.733757029868240984e-01
2.489285644975946354e+01 8.454989953956935089e-01
2.494285644975946070e+01 8.221309974426843636e-01
2.499285644975945786e+01 8.107690491546172273e-01
2.504285644975945502e+01 7.875041074219082393e-01
2.509285644975945928e+01 7.458951584758120035e-01
2.514285644975946354e+01 7.585195454625531797e-01
2.519285644975946070e+01 7.030752989411914733e-01
2.524285644975945786e+01 7.231454978446025805e-01
2.529285644975945502e+01 7.083569302315628757e-01
2.534285644975945928e+01 6.769505470951592274e-01
2.539285644975946354e+01 6.420660165236333761e-01
2.544285644975946070e+01 6.790631996113077884e-01
2.549285644975945786e+01 6.993652750103939164e-01
2.554285644975945502e+01 6.796557728780325824e-01
2.559285644975945928e+01 7.564841851116295146e-01
2.564285644975946354e+01 8.290100001477047620e-01
2.569285644975946070e+01 9.688572910947085282e-01
2.574285644975945786e+01 1.151782082127082774e+00
2.579285644975945502e+01 1.376006653444653338e+00
2.584285644975945928e+01 1.603219855150922246e+00
2.589285644975946354e+01 1.919370574976029697e+00
2.594285644975946070e+01 2.195303604829089927e+00
2.599285644975945786e+01 2.440628937253070951e+00
2.604285644975945502e+01 2.655655740908873241e+00
2.609285644975945928e+01 2.794163300991978183e+00
2.614285644975946354e+01 2.712439718294134217e+00
2.619285644975946070e+01 2.576637383993902741e+00
2.624285644975945786e+01 2.401235697043422768e+00
2.629285644975945502e+01 2.225447549266818648e+00
2.634285644975945928e+01 1.978524845428188961e+00
2.639285644975946354e+01 1.754016869504793297e+00
2.644285644975946070e+01 1.519203271551404777e+00
2.649285644975945786e+01 1.386801792521070942e+00
2.654285644975945502e+01 1.271971399051874840e+00
2.659285644975945928e+01 1.180818172196587579e+00
2.664285644975946354e+01 1.119911945999329639e+00
2.669285644975946070e+01 1.054059021227675030e+00
2.674285644975945786e+01 9.180505744868434626e-01
2.679285644975945502e+01 8.578915058867598864e-01
2.684285644975945928e+01 7.327297263324960008e-01
2.689285644975946354e+01 5.925732667245923180e-01
2.694285644975946070e+01 4.851113930068412516e-01
2.699285644975945786e+01 3.933913569399044019e-01
2.704285644975945502e+01 3.279506570494494233e-01
2.709285644975945928e+01 2.562750558308486970e-01
2.714285644975946354e+01 1.959356388452402065e-01
2.719285644975946070e+01 1.466490014867991298e-01
2.724285644975945786e+01 1.283822864386366669e-01
2.729285644975945502e+01 9.233837338873647493e-02
2.734285644975945928e+01 7.577208597552287372e-02
2.739285644975946354e+01 6.678043075435405318e-02
2.744285644975946070e+01 6.729571185585371540e-02
2.749285644975945786e+01 7.584937814074782514e-02
2.754285644975945502e+01 9.012266465228799261e-02
2.759285644975945928e+01 1.152168542953207336e-01
2.764285644975946354e+01 1.351582329233570468e-01
2.769285644975946070e+01 1.531157793106196485e-01
2.774285644975945786e+01 1.667707285003602879e-01
2.779285644975945502e+01 1.693213699527835181e-01
2.784285644975945928e+01 1.658947506278108941e-01
2.789285644975946354e+01 1.476537996347234150e-01
2.794285644975946070e+01 1.206015418059920435e-01
2.799285644975945786e+01 1.061221428538519918e-01
2.804285644975945502e+01 8.971043977108829337e-02
2.809285644975945928e+01 9.988724152570628567e-02
2.814285644975946354e+01 1.282534661632617756e-01
2.819285644975946070e+01 2.034072148169850658e-01
2.824285644975945786e+01 3.731665737060432808e-01
2.829285644975945502e+01 7.167817762410819693e-01
2.834285644975945928e+01 1.251025222275914173e+00
2.839285644975946354e+01 2.117470394447567905e+00
2.844285644975946070e+01 3.261085271115881756e+00
2.849285644975945786e+01 4.633716833345712161e+00
2.854285644975946212e+01 5.953944307553030058e+00
2.859285644975945928e+01 6.798541561021098190e+00
2.864285644975946354e+01 6.971882123565579015e+00
2.869285644975946070e+01 6.333654951248117726e+00
2.874285644975945786e+01 4.936985525633328820e+00
2.879285644975946212e+01 3.529392140666746780e+00
2.884285644975945928e+01 2.208365980752105884e+00
2.889285644975946354e+01 1.247985063777066639e+00
2.894285644975946070e+01 6.703291849408887781e-01
2.899285644975945786e+01 4.018677310595735741e-01
2.904285644975946212e+01 2.723775902527126869e-01
2.909285644975945928e+01 2.125534543686037614e-01
2.914285644975946354e+01 1.785191376145521813e-01
2.919285644975946070e+01 1.602524225663897739e-01
2.924285644975945786e+01 1.562332299746925224e-01
2.929285644975946212e+01 1.715113146341570305e-01
2.934285644975945928e+01 1.928181881811673604e-01
2.939285644975946354e+01 2.094360037045309153e-01
2.944285644975946070e+01 2.054683392229836592e-01
2.949285644975945786e+01 1.808379025713005850e-01
2.954285644975946212e+01 1.425782807849518830e-01
2.959285644975945928e+01 9.409032913383527652e-02
2.964285644975946354e+01 6.067434970158325919e-02
2.969285644975946070e+01 3.241118128432771139e-02
2.974285644975945786e+01 1.751955745098794995e-02
2.979285644975946212e+01 9.043183331318777746e-03
2.984285644975945928e+01 4.843642354096669086e-03
2.989285644975946354e+01 2.370293066898369536e-03
2.994285644975946070e+01 1.056326258074273550e-03
2.999285644975945786e+01 6.698654319495391364e-04
3.004285644975946212e+01 2.576405507498227615e-04
3.009285644975945928e+01 2.061124405998581875e-04
3.014285644975946354e+01 1.288202753749113807e-04
3.019285644975946070e+01 7.729216522494683386e-05
3.024285644975945786e+01 2.576405507498227344e-05
3.029285644975946212e+01 0.000000000000000000e+00
3.034285644975945928e+01 0.000000000000000000e+00
3.039285644975946354e+01 0.000000000000000000e+00
3.044285644975946070e+01 2.576405507498227344e-05
3.049285644975945786e+01 0.000000000000000000e+00
3.054285644975946212e+01 0.000000000000000000e+00
3.059285644975945928e+01 0.000000000000000000e+00
3.064285644975946354e+01 0.000000000000000000e+00
3.069285644975946070e+01 0.000000000000000000e+00
3.074285644975945786e+01 0.000000000000000000e+00
3.079285644975946212e+01 0.000000000000000000e+00
3.084285644975945928e+01 0.000000000000000000e+00
3.089285644975946354e+01 0.000000000000000000e+00
3.094285644975946070e+01 0.000000000000000000e+00
3.099285644975945786e+01 0.000000000000000000e+00
3.104285644975946212e+01 0.000000000000000000e+00
3.109285644975945928e+01 0.000000000000000000e+00
3.114285644975946354e+01 0.000000000000000000e+00
3.119285644975946070e+01 0.000000000000000000e+00
3.124285644975945786e+01 0.000000000000000000e+00
3.129285644975946212e+01 0.000000000000000000e+00
3.134285644975945928e+01 0.000000000000000000e+00
3.139285644975946354e+01 0.000000000000000000e+00
3.144285644975946070e+01 0.000000000000000000e+00
3.149285644975945786e+01 0.000000000000000000e+00
3.154285644975946212e+01 0.000000000000000000e+00
3.159285644975945928e+01 0.000000000000000000e+00
3.164285644975946354e+01 0.000000000000000000e+00
3.169285644975946070e+01 0.000000000000000000e+00
3.174285644975945786e+01 0.000000000000000000e+00
3.179285644975946212e+01 0.000000000000000000e+00
3.184285644975945928e+01 0.000000000000000000e+00
3.189285644975946354e+01 0.000000000000000000e+00
3.194285644975946070e+01 0.000000000000000000e+00
3.199285644975945786e+01 0.000000000000000000e+00
3.204285644975946212e+01 0.000000000000000000e+00
3.209285644975945928e+01 0.000000000000000000e+00
3.214285644975946354e+01 0.000000000000000000e+00
3.219285644975946070e+01 0.000000000000000000e+00
3.224285644975945786e+01 0.000000000000000000e+00
3.229285644975946212e+01 0.000000000000000000e+00
3.234285644975945928e+01 0.000000000000000000e+00
3.239285644975946354e+01 0.000000000000000000e+00
3.244285644975946070e+01 0.000000000000000000e+00
3.249285644975945786e+01 0.000000000000000000e+00
3.254285644975946212e+01 0.000000000000000000e+00
3.259285644975945928e+01 0.000000000000000000e+00
3.264285644975946354e+01 0.000000000000000000e+00
3.269285644975946070e+01 0.000000000000000000e+00
3.274285644975945786e+01 0.000000000000000000e+00
3.279285644975946212e+01 0.000000000000000000e+00
3.284285644975945928e+01 0.000000000000000000e+00
3.289285644975946354e+01 0.000000000000000000e+00
3.294285644975946070e+01 0.000000000000000000e+00
3.299285644975945786e+01 0.000000000000000000e+00
3.304285644975946212e+01 0.000000000000000000e+00
3.309285644975945928e+01 0.000000000000000000e+00
3.314285644975946354e+01 0.000000000000000000e+00
3.319285644975946070e+01 0.000000000000000000e+00
3.324285644975945786e+01 0.000000000000000000e+00
3.329285644975946212e+01 0.000000000000000000e+00
3.334285644975945928e+01 0.000000000000000000e+00
3.339285644975946354e+01 0.000000000000000000e+00
3.344285644975946070e+01 0.000000000000000000e+00
3.349285644975945786e+01 0.000000000000000000e+00
3.354285644975946212e+01 0.000000000000000000e+00
3.359285644975945928e+01 0.000000000000000000e+00
3.364285644975946354e+01 0.000000000000000000e+00
3.369285644975946070e+01 0.000000000000000000e+00
3.374285644975945786e+01 0.000000000000000000e+00
3.379285644975946212e+01 0.000000000000000000e+00
3.384285644975945928e+01 0.000000000000000000e+00
3.389285644975946354e+01 0.000000000000000000e+00
3.394285644975946070e+01 0.000000000000000000e+00
3.399285644975945786e+01 0.000000000000000000e+00
3.404285644975946212e+01 0.000000000000000000e+00
3.409285644975945928e+01 0.000000000000000000e+00
3.414285644975946354e+01 0.000000000000000000e+00
3.419285644975946070e+01 0.000000000000000000e+00
3.424285644975945786e+01 0.000000000000000000e+00
3.429285644975946212e+01 0.000000000000000000e+00
3.434285644975945928e+01 0.000000000000000000e+00
3.439285644975946354e+01 0.000000000000000000e+00
3.444285644975946070e+01 0.000000000000000000e+00
3.449285644975945786e+01 0.000000000000000000e+00
3.454285644975946212e+01 0.000000000000000000e+00
3.459285644975945928e+01 0.000000000000000000e+00
3.464285644975946354e+01 0.000000000000000000e+00
3.469285644975946070e+01 0.000000000000000000e+00
3.474285644975945786e+01 0.000000000000000000e+00
3.479285644975946212e+01 0.000000000000000000e+00
3.484285644975945928e+01 0.000000000000000000e+00
3.489285644975946354e+01 0.000000000000000000e+00
3.494285644975946070e+01 0.000000000000000000e+00
3.499285644975945786e+01 0.000000000000000000e+00
3.504285644975946212e+01 0.000000000000000000e+00
3.509285644975945928e+01 0.000000000000000000e+00
3.514285644975946354e+01 0.000000000000000000e+00
3.519285644975946070e+01 0.000000000000000000e+00
3.524285644975945786e+01 0.000000000000000000e+00
3.529285644975946212e+01 0.000000000000000000e+00
3.534285644975945928e+01 0.000000000000000000e+00
3.539285644975946354e+01 0.000000000000000000e+00
3.544285644975946070e+01 0.000000000000000000e+00
3.549285644975945786e+01 0.000000000000000000e+00
3.554285644975946212e+01 0.000000000000000000e+00
3.559285644975945928e+01 0.000000000000000000e+00
3.564285644975946354e+01 0.000000000000000000e+00
3.569285644975946070e+01 0.000000000000000000e+00
3.574285644975945786e+01 0.000000000000000000e+00
3.579285644975946212e+01 0.000000000000000000e+00
3.584285644975945928e+01 0.000000000000000000e+00
3.589285644975946354e+01 0.000000000000000000e+00
3.594285644975946070e+01 0.000000000000000000e+00
3.599285644975945786e+01 0.000000000000000000e+00
3.604285644975946212e+01 0.000000000000000000e+00
3.609285644975945928e+01 0.000000000000000000e+00
3.614285644975946354e+01 0.000000000000000000e+00
3.619285644975946070e+01 0.000000000000000000e+00
3.624285644975945786e+01 0.000000000000000000e+00
3.629285644975946212e+01 0.000000000000000000e+00
3.634285644975945928e+01 0.000000000000000000e+00
3.639285644975946354e+01 0.000000000000000000e+00
3.644285644975946070e+01 0.000000000000000000e+00
3.649285644975945786e+01 0.000000000000000000e+00
3.654285644975946212e+01 0.000000000000000000e+00
3.659285644975945928e+01 0.000000000000000000e+00
3.664285644975946354e+01 0.000000000000000000e+00
3.669285644975946070e+01 0.000000000000000000e+00
3.674285644975945786e+01 0.000000000000000000e+00
3.679285644975946212e+01 0.000000000000000000e+00
3.684285644975945928e+01 0.000000000000000000e+00
3.689285644975946354e+01 0.000000000000000000e+00
3.694285644975946070e+01 0.000000000000000000e+00
3.699285644975945786e+01 0.000000000000000000e+00
3.704285644975946212e+01 0.000000000000000000e+00
3.709285644975945928e+01 0.000000000000000000e+00
3.714285644975946354e+01 0.000000000000000000e+00
3.719285644975946070e+01 0.000000000000000000e+00
3.724285644975945786e+01 0.000000000000000000e+00
3.729285644975946212e+01 0.000000000000000000e+00
3.734285644975945928e+01 0.000000000000000000e+00
3.739285644975946354e+01 0.000000000000000000e+00
3.744285644975946070e+01 0.000000000000000000e+00
3.749285644975945786e+01 0.000000000000000000e+00
3.754285644975946212e+01 0.000000000000000000e+00
3.759285644975945928e+01 0.000000000000000000e+00
3.764285644975946354e+01 0.000000000000000000e+00
3.769285644975946070e+01 0.000000000000000000e+00
3.774285644975945786e+01 0.000000000000000000e+00
3.779285644975946212e+01 0.000000000000000000e+00
3.784285644975945928e+01 0.000000000000000000e+00
3.789285644975946354e+01 0.000000000000000000e+00
3.794285644975946070e+01 0.000000000000000000e+00
3.799285644975945786e+01 0.000000000000000000e+00
3.804285644975946212e+01 0.000000000000000000e+00
3.809285644975945928e+01 0.000000000000000000e+00
3.814285644975946354e+01 0.000000000000000000e+00
3.819285644975946070e+01 0.000000000000000000e+00
3.824285644975945786e+01 0.000000000000000000e+00
3.829285644975946212e+01 0.000000000000000000e+00
3.834285644975945928e+01 0.000000000000000000e+00
3.839285644975946354e+01 0.000000000000000000e+00
3.844285644975946070e+01 0.000000000000000000e+00
3.849285644975945786e+01 0.000000000000000000e+00
3.854285644975946212e+01 0.000000000000000000e+00
3.859285644975945928e+01 0.000000000000000000e+00
3.864285644975946354e+01 0.000000000000000000e+00
3.869285644975946070e+01 0.000000000000000000e+00
3.874285644975945786e+01 0.000000000000000000e+00
3.879285644975946212e+01 0.000000000000000000e+00
3.884285644975945928e+01 0.000000000000000000e+00
3.889285644975946354e+01 0.000000000000000000e+00
3.894285644975946070e+01 0.000000000000000000e+00
3.899285644975945786e+01 0.000000000000000000e+00
3.904285644975946212e+01 0.000000000000000000e+00
3.909285644975945928e+01 0.000000000000000000e+00
3.914285644975946354e+01 0.000000000000000000e+00
3.919285644975946070e+01 0.000000000000000000e+00
3.924285644975945786e+01 0.000000000000000000e+00
3.929285644975946212e+01 0.000000000000000000e+00
3.934285644975945928e+01 0.000000000000000000e+00
3.939285644975946354e+01 0.000000000000000000e+00
3.944285644975946070e+01 0.000000000000000000e+00
3.949285644975945786e+01 0.000000000000000000e+00
3.954285644975946212e+01 0.000000000000000000e+00
3.959285644975945928e+01 0.000000000000000000e+00
3.964285644975946354e+01 0.000000000000000000e+00
3.969285644975946070e+01 0.000000000000000000e+00
3.974285644975945786e+01 0.000000000000000000e+00
3.979285644975946212e+01 0.000000000000000000e+00
3.984285644975945928e+01 0.000000000000000000e+00
3.989285644975946354e+01 0.000000000000000000e+00
3.994285644975946070e+01 0.000000000000000000e+00
3.999285644975945786e+01 0.000000000000000000e+00
4.004285644975946212e+01 0.000000000000000000e+00
