################################################################################
# Neural network connection values (weights and biases).
################################################################################
# Col  Name       Description
################################################################################
# 1    connection Neural network connection value.
# 2    t          Connection type (a = weight, b = bias).
# 3    index      Index enumerating weights.
# 4    l_s        Starting point layer (end point layer for biases).
# 5    n_s        Starting point neuron in starting layer (end point neuron for biases).
# 6    l_e        End point layer.
# 7    n_e        End point neuron in end layer.
################################################################################
#                      1 2         3     4     5     6     7
#             connection t     index   l_s   n_s   l_e   n_e
############################################################
 -2.7536604669395159E-01 a         1     0     1     1     1
 -3.2459804040887781E-02 a         2     0     1     1     2
  4.9049593223417914E-01 a         3     0     1     1     3
 -3.8794559739962403E-01 a         4     0     1     1     4
  5.0551540625118974E-01 a         5     0     1     1     5
 -1.6799779832038664E-01 a         6     0     1     1     6
  4.7377285243430045E-02 a         7     0     1     1     7
  1.7425778463115493E-01 a         8     0     1     1     8
 -6.7703318841994292E-02 a         9     0     1     1     9
  2.1540293710680065E-02 a        10     0     1     1    10
 -4.0171621205529290E-01 a        11     0     2     1     1
 -4.2633475657278758E-01 a        12     0     2     1     2
  3.4150337326619423E-01 a        13     0     2     1     3
 -3.4820775232133672E-01 a        14     0     2     1     4
  3.4222197475940841E-01 a        15     0     2     1     5
 -7.9390013767544010E-02 a        16     0     2     1     6
 -5.8778639897566631E-01 a        17     0     2     1     7
 -2.0815336972389883E-01 a        18     0     2     1     8
 -2.2143829288988823E-01 a        19     0     2     1     9
  3.0634686668357131E-01 a        20     0     2     1    10
 -3.5078385372161996E-01 a        21     0     3     1     1
 -2.0738632757136627E-01 a        22     0     3     1     2
 -2.4911802105106318E-01 a        23     0     3     1     3
 -1.7490413813662525E-01 a        24     0     3     1     4
 -2.7370576789120610E-01 a        25     0     3     1     5
 -1.2580428126677057E-01 a        26     0     3     1     6
  4.1683744892225916E-01 a        27     0     3     1     7
 -2.5449726987184496E-01 a        28     0     3     1     8
  3.1165013057360247E-01 a        29     0     3     1     9
 -2.2081005747810256E-01 a        30     0     3     1    10
  1.6244739863237581E-01 a        31     0     4     1     1
 -2.8269664902069480E-01 a        32     0     4     1     2
 -3.8785155324106341E-01 a        33     0     4     1     3
  9.5250804473004949E-02 a        34     0     4     1     4
 -1.8206554879162046E-01 a        35     0     4     1     5
  1.3492815768230498E-01 a        36     0     4     1     6
  5.7470934147583343E-02 a        37     0     4     1     7
  2.9445096986712255E-01 a        38     0     4     1     8
 -3.1032679063945257E-01 a        39     0     4     1     9
 -9.0991051620505831E-02 a        40     0     4     1    10
  1.7858091060466450E-05 a        41     0     5     1     1
  5.0533506595333684E-02 a        42     0     5     1     2
 -6.8920545901079833E-01 a        43     0     5     1     3
  9.5041826220392256E-03 a        44     0     5     1     4
 -6.6590196233496657E-02 a        45     0     5     1     5
  1.5502627211583178E-01 a        46     0     5     1     6
  1.1181149256707786E-01 a        47     0     5     1     7
 -9.8504616683733087E-02 a        48     0     5     1     8
 -8.2891576589376417E-02 a        49     0     5     1     9
  9.1677529194840027E-02 a        50     0     5     1    10
 -1.9702914587495485E-01 a        51     0     6     1     1
  3.0924771384395378E-01 a        52     0     6     1     2
  2.4838453239962272E-01 a        53     0     6     1     3
 -8.1802446395270317E-02 a        54     0     6     1     4
  2.0409815280132540E-01 a        55     0     6     1     5
  2.7605796953544937E-01 a        56     0     6     1     6
  3.0165260421644602E-01 a        57     0     6     1     7
 -3.6848610932554882E-01 a        58     0     6     1     8
 -4.9836942971275590E-02 a        59     0     6     1     9
  6.0188654543382861E-02 a        60     0     6     1    10
  4.9068155754360424E-02 a        61     0     7     1     1
 -1.6548192482207238E-01 a        62     0     7     1     2
  2.5239149644996722E-01 a        63     0     7     1     3
  1.2892015483036467E-01 a        64     0     7     1     4
 -4.0075571850624242E-02 a        65     0     7     1     5
 -1.3345807456705341E-01 a        66     0     7     1     6
  1.8441115235982453E-01 a        67     0     7     1     7
 -2.9334314298486386E-01 a        68     0     7     1     8
  3.0849166949071621E-01 a        69     0     7     1     9
  3.9206519965192788E-01 a        70     0     7     1    10
 -2.5413026496653274E-01 a        71     0     8     1     1
 -2.3007814314851986E-02 a        72     0     8     1     2
 -3.3924555671238317E-02 a        73     0     8     1     3
 -1.7069866574859585E-01 a        74     0     8     1     4
  7.0823300696289246E-03 a        75     0     8     1     5
 -2.2762721961280780E-01 a        76     0     8     1     6
 -1.0563125337148654E-01 a        77     0     8     1     7
  5.4262495305710416E-02 a        78     0     8     1     8
  6.1174627013623493E-02 a        79     0     8     1     9
  1.6641003626148443E-01 a        80     0     8     1    10
 -1.0445214198266824E-01 a        81     0     9     1     1
  1.3111684686768257E-02 a        82     0     9     1     2
 -1.5331051954556918E-01 a        83     0     9     1     3
  1.0090481196201119E-01 a        84     0     9     1     4
  3.9046974905507160E-02 a        85     0     9     1     5
 -4.7739010401853875E-02 a        86     0     9     1     6
  1.3510751588599998E-01 a        87     0     9     1     7
 -2.8015394369607604E-02 a        88     0     9     1     8
  2.2648029094533736E-01 a        89     0     9     1     9
 -9.1294777186372959E-03 a        90     0     9     1    10
 -1.1527305301180572E-01 a        91     0    10     1     1
  2.5364454178706691E-01 a        92     0    10     1     2
  3.7176190342239113E-01 a        93     0    10     1     3
  7.7834900497657414E-02 a        94     0    10     1     4
  8.7854945366967252E-02 a        95     0    10     1     5
 -6.1584250193856868E-02 a        96     0    10     1     6
  1.1983949044803380E-01 a        97     0    10     1     7
 -2.5770392797571084E-01 a        98     0    10     1     8
 -7.8755260566285817E-02 a        99     0    10     1     9
 -2.1805726972300973E-01 a       100     0    10     1    10
 -2.6549356707789521E-03 a       101     0    11     1     1
  2.3308010657477671E-01 a       102     0    11     1     2
  2.3789791023449292E-01 a       103     0    11     1     3
 -9.2591806183469488E-03 a       104     0    11     1     4
 -2.2383928364165449E-02 a       105     0    11     1     5
  1.0013163626197344E-01 a       106     0    11     1     6
  2.0653336873635679E-02 a       107     0    11     1     7
 -5.0926806075867907E-02 a       108     0    11     1     8
 -9.6303529520146300E-02 a       109     0    11     1     9
 -5.9309141947783466E-02 a       110     0    11     1    10
  4.4897873919488650E-02 a       111     0    12     1     1
  9.6067062960410690E-02 a       112     0    12     1     2
 -1.8421522435880130E-01 a       113     0    12     1     3
  2.5659544055719846E-01 a       114     0    12     1     4
 -1.4886245988281202E-01 a       115     0    12     1     5
  3.1253041241884705E-01 a       116     0    12     1     6
  2.0017058272285429E-01 a       117     0    12     1     7
  2.2657275951160266E-02 a       118     0    12     1     8
  2.4386717515363404E-01 a       119     0    12     1     9
 -3.6033005947229063E-01 a       120     0    12     1    10
 -1.2553877017242979E-01 a       121     0    13     1     1
  1.9603648986438696E-01 a       122     0    13     1     2
 -1.8280930513414888E-02 a       123     0    13     1     3
 -1.8614444816367684E-01 a       124     0    13     1     4
  1.0295544210226318E-01 a       125     0    13     1     5
 -5.6493702104046147E-02 a       126     0    13     1     6
  1.8083964778555628E-01 a       127     0    13     1     7
 -1.0430262155523963E-01 a       128     0    13     1     8
 -6.3234059733193130E-03 a       129     0    13     1     9
  2.2518911922240514E-01 a       130     0    13     1    10
 -2.7786198514183519E-01 a       131     0    14     1     1
  1.7524075122455743E-01 a       132     0    14     1     2
 -2.1970459213776626E-02 a       133     0    14     1     3
 -4.1001259934271661E-01 a       134     0    14     1     4
 -2.6927182862730357E-02 a       135     0    14     1     5
 -1.5541824005857687E-02 a       136     0    14     1     6
 -6.4340841255706424E-02 a       137     0    14     1     7
  3.1496258798984911E-01 a       138     0    14     1     8
 -3.5202761534293270E-01 a       139     0    14     1     9
  5.8263327428160906E-02 a       140     0    14     1    10
 -8.7642486893471150E-02 a       141     0    15     1     1
  2.4096831944418215E-01 a       142     0    15     1     2
  2.7446227346621765E-01 a       143     0    15     1     3
 -5.3920062264330305E-02 a       144     0    15     1     4
 -2.8807460866852000E-02 a       145     0    15     1     5
 -5.9903597094570493E-02 a       146     0    15     1     6
  3.1895573165986868E-01 a       147     0    15     1     7
 -1.9237455101050735E-01 a       148     0    15     1     8
  2.4333576253286696E-02 a       149     0    15     1     9
 -2.1581454242281098E-01 a       150     0    15     1    10
 -3.9063345115403998E-02 a       151     0    16     1     1
 -3.9146376841448581E-02 a       152     0    16     1     2
 -3.8637840752843100E-02 a       153     0    16     1     3
 -4.0088466880816670E-01 a       154     0    16     1     4
 -1.2462349843332644E-01 a       155     0    16     1     5
  2.9732950619899484E-01 a       156     0    16     1     6
  1.6965142290087712E-01 a       157     0    16     1     7
 -1.9625924788957891E-01 a       158     0    16     1     8
 -7.4238337970925536E-02 a       159     0    16     1     9
 -2.9261678761553805E-01 a       160     0    16     1    10
  7.8039381034380184E-03 a       161     0    17     1     1
 -3.4028045955444702E-01 a       162     0    17     1     2
  1.3038828509295133E-01 a       163     0    17     1     3
  3.0506187555575748E-01 a       164     0    17     1     4
 -1.3633378566379856E-01 a       165     0    17     1     5
  1.5448900050660302E-01 a       166     0    17     1     6
 -4.9677179497444650E-02 a       167     0    17     1     7
 -1.7585924492191715E-01 a       168     0    17     1     8
 -6.3738390661421285E-02 a       169     0    17     1     9
  1.8620500841316959E-01 a       170     0    17     1    10
  2.6710222889430446E-01 a       171     0    18     1     1
 -1.9409130306741093E-01 a       172     0    18     1     2
 -2.7907184541318651E-02 a       173     0    18     1     3
 -5.8492701359664903E-02 a       174     0    18     1     4
 -3.8239110246373595E-02 a       175     0    18     1     5
 -4.0908686079090748E-02 a       176     0    18     1     6
 -1.7157597435910757E-01 a       177     0    18     1     7
 -4.6342082762813068E-03 a       178     0    18     1     8
  2.4945490931766195E-01 a       179     0    18     1     9
 -2.3726578771173231E-02 a       180     0    18     1    10
 -1.0234892049053103E-01 a       181     0    19     1     1
 -6.8430899886112216E-03 a       182     0    19     1     2
  1.8680748909834546E-01 a       183     0    19     1     3
 -1.2399387053527386E-01 a       184     0    19     1     4
 -1.8017971525512935E-01 a       185     0    19     1     5
 -2.2497179480490170E-01 a       186     0    19     1     6
 -1.4785997885201951E-01 a       187     0    19     1     7
  1.0957056196987226E-01 a       188     0    19     1     8
 -8.7844298744090832E-02 a       189     0    19     1     9
  2.2650727667431117E-01 a       190     0    19     1    10
  3.8177740395585122E-02 a       191     0    20     1     1
 -2.1811584574587206E-01 a       192     0    20     1     2
 -7.9073716663750390E-02 a       193     0    20     1     3
  1.9788929073506492E-01 a       194     0    20     1     4
  5.4277861458768228E-02 a       195     0    20     1     5
  6.9894882342810855E-02 a       196     0    20     1     6
 -2.9490412106843078E-01 a       197     0    20     1     7
  1.4831362697766137E-01 a       198     0    20     1     8
 -1.8394147630782276E-01 a       199     0    20     1     9
 -1.3984669580706477E-01 a       200     0    20     1    10
 -1.3135966131608529E-01 a       201     0    21     1     1
 -1.2028446744429955E-01 a       202     0    21     1     2
  3.5775005246090563E-02 a       203     0    21     1     3
  2.5983784517906250E-01 a       204     0    21     1     4
  5.1342732699201338E-02 a       205     0    21     1     5
  6.6222494658910447E-02 a       206     0    21     1     6
 -2.6392578774137920E-01 a       207     0    21     1     7
  7.4215714280252934E-02 a       208     0    21     1     8
  9.9427294771462366E-02 a       209     0    21     1     9
  1.5245031446357279E-01 a       210     0    21     1    10
 -1.7673746354162795E-01 a       211     0    22     1     1
  6.9845174378061217E-02 a       212     0    22     1     2
 -1.7206608421513356E-01 a       213     0    22     1     3
  2.5540099398235555E-01 a       214     0    22     1     4
 -1.1101505189673672E-01 a       215     0    22     1     5
 -6.6385930349687483E-02 a       216     0    22     1     6
 -4.8936280914541513E-01 a       217     0    22     1     7
 -1.0709472137886238E-01 a       218     0    22     1     8
  4.3757053892963854E-01 a       219     0    22     1     9
  1.4184124343628621E-01 a       220     0    22     1    10
  1.9206254852226851E-01 a       221     0    23     1     1
  3.5362582318304703E-01 a       222     0    23     1     2
 -1.3673037608916019E-01 a       223     0    23     1     3
  4.6928027931106392E-01 a       224     0    23     1     4
  6.4880227363164664E-02 a       225     0    23     1     5
  2.6555366836382055E-01 a       226     0    23     1     6
 -2.8452666792959996E-01 a       227     0    23     1     7
 -2.1476572195190802E-01 a       228     0    23     1     8
  1.6880358593696138E-01 a       229     0    23     1     9
 -3.9212512834662133E-01 a       230     0    23     1    10
  1.2607515572148806E-01 a       231     0    24     1     1
 -6.7709671103824823E-02 a       232     0    24     1     2
 -1.2952316273934283E-01 a       233     0    24     1     3
 -2.0548338041705430E-01 a       234     0    24     1     4
  2.5672141187975261E-01 a       235     0    24     1     5
 -2.6440854173250405E-01 a       236     0    24     1     6
  1.8423747106136196E-01 a       237     0    24     1     7
 -1.4422981286974366E-02 a       238     0    24     1     8
  3.1812594884373685E-01 a       239     0    24     1     9
  2.6368454767744859E-01 a       240     0    24     1    10
  5.4649036736957834E-01 a       241     0    25     1     1
 -3.7278500996350883E-01 a       242     0    25     1     2
  3.6812831544782119E-02 a       243     0    25     1     3
 -2.4341907323997525E-01 a       244     0    25     1     4
 -1.7109646987085694E-02 a       245     0    25     1     5
 -2.1348519228424390E-01 a       246     0    25     1     6
 -3.4663994555833633E-01 a       247     0    25     1     7
 -7.7368192683325676E-02 a       248     0    25     1     8
  2.6795004699087099E-01 a       249     0    25     1     9
  1.3032044086109393E-01 a       250     0    25     1    10
 -3.4861592448687194E-03 a       251     0    26     1     1
 -9.6980465854188652E-02 a       252     0    26     1     2
  6.2366251704832919E-02 a       253     0    26     1     3
 -2.8710247782440806E-01 a       254     0    26     1     4
 -7.6514384027231597E-02 a       255     0    26     1     5
 -2.9318666517917220E-02 a       256     0    26     1     6
  1.2911277253579104E-01 a       257     0    26     1     7
 -6.6228879653879108E-02 a       258     0    26     1     8
  8.2676874668407771E-02 a       259     0    26     1     9
 -5.4442253542064910E-02 a       260     0    26     1    10
  2.0320143705957422E-01 a       261     0    27     1     1
  2.5987785221748066E-01 a       262     0    27     1     2
 -1.4168603055711859E-01 a       263     0    27     1     3
  4.5429334572876562E-01 a       264     0    27     1     4
  1.4485567737775498E-01 a       265     0    27     1     5
  6.9959385412520989E-02 a       266     0    27     1     6
 -1.0984470776817903E-01 a       267     0    27     1     7
 -2.6571685442039505E-01 a       268     0    27     1     8
  4.3019868874741651E-01 a       269     0    27     1     9
 -9.5124244191486490E-02 a       270     0    27     1    10
 -1.0529220720750591E-01 a       271     0    28     1     1
  4.9449731057512610E-02 a       272     0    28     1     2
  4.4959610774532997E-02 a       273     0    28     1     3
  2.2315441155534715E-01 a       274     0    28     1     4
 -1.4744539014145304E-02 a       275     0    28     1     5
  1.4863060394312860E-01 a       276     0    28     1     6
 -2.6598380850610159E-01 a       277     0    28     1     7
 -4.3163287226128708E-02 a       278     0    28     1     8
 -1.2320916212271238E-01 a       279     0    28     1     9
  1.0613508960875645E-01 a       280     0    28     1    10
  5.0602388621947894E-02 a       281     0    29     1     1
 -2.7124147790217001E-02 a       282     0    29     1     2
  1.3383151010969566E-01 a       283     0    29     1     3
  7.1805845277029157E-02 a       284     0    29     1     4
  1.0663802155875422E-01 a       285     0    29     1     5
 -1.6909733799965791E-02 a       286     0    29     1     6
 -3.8863724176381992E-01 a       287     0    29     1     7
 -2.1034227163299613E-01 a       288     0    29     1     8
  1.2087054317418659E-01 a       289     0    29     1     9
 -3.6701547683537866E-02 a       290     0    29     1    10
 -1.6874530767695170E-02 a       291     0    30     1     1
 -2.6507209637593704E-01 a       292     0    30     1     2
  5.1292870140891442E-02 a       293     0    30     1     3
 -1.0360362747255799E-02 a       294     0    30     1     4
  1.2727251651344679E-01 a       295     0    30     1     5
 -1.6731099910407082E-01 a       296     0    30     1     6
  1.5729570718058078E-01 a       297     0    30     1     7
  1.4870604057700009E-02 a       298     0    30     1     8
  2.6472326609737307E-01 a       299     0    30     1     9
  3.3508525416080286E-02 a       300     0    30     1    10
  2.1402244764182038E-01 a       301     0    31     1     1
 -3.7105251836222863E-01 a       302     0    31     1     2
  8.9678629201608379E-02 a       303     0    31     1     3
  1.0442958410466432E-01 a       304     0    31     1     4
  2.1577694941261696E-01 a       305     0    31     1     5
  1.5929024775985445E-01 a       306     0    31     1     6
 -3.4681724515750842E-02 a       307     0    31     1     7
 -1.1442287268823062E-01 a       308     0    31     1     8
 -3.5774645312796299E-01 a       309     0    31     1     9
  4.2026644156756693E-03 a       310     0    31     1    10
 -1.2899095169364747E-01 a       311     0    32     1     1
 -6.0353042546870039E-01 a       312     0    32     1     2
  6.0677003354031186E-02 a       313     0    32     1     3
  5.6182337044012147E-02 a       314     0    32     1     4
 -2.0243950281900935E-01 a       315     0    32     1     5
  1.2643106296676004E-01 a       316     0    32     1     6
  2.1435466454344371E-01 a       317     0    32     1     7
 -9.1652843978533377E-02 a       318     0    32     1     8
 -5.0014212135418255E-02 a       319     0    32     1     9
  2.3871618713308404E-01 a       320     0    32     1    10
 -1.6216510145629137E-01 a       321     0    33     1     1
  2.8833806555729469E-02 a       322     0    33     1     2
  1.7045493621328200E-01 a       323     0    33     1     3
 -2.0207659934825831E-01 a       324     0    33     1     4
 -9.7807891106682920E-02 a       325     0    33     1     5
  9.9862398949701836E-02 a       326     0    33     1     6
 -7.6361829134037232E-02 a       327     0    33     1     7
 -1.7372149021935582E-02 a       328     0    33     1     8
 -2.1337909888619924E-01 a       329     0    33     1     9
  1.2960275531369565E-03 a       330     0    33     1    10
  2.7474091478350317E-02 a       331     0    34     1     1
  4.4454227446457251E-01 a       332     0    34     1     2
  4.0808748424020325E-01 a       333     0    34     1     3
 -1.2525364237029421E-01 a       334     0    34     1     4
 -1.0960462710585456E-01 a       335     0    34     1     5
  4.9030015912668527E-02 a       336     0    34     1     6
 -1.2073337694784451E-01 a       337     0    34     1     7
  4.4222818392532066E-02 a       338     0    34     1     8
 -1.6069001092828578E-01 a       339     0    34     1     9
 -2.6370384291112298E-01 a       340     0    34     1    10
  6.6095895147613090E-02 a       341     0    35     1     1
  4.1907130374129513E-02 a       342     0    35     1     2
 -1.0274369622481185E-01 a       343     0    35     1     3
 -3.0670306466227686E-02 a       344     0    35     1     4
 -8.6170627225417337E-02 a       345     0    35     1     5
  6.8006299904905615E-02 a       346     0    35     1     6
  2.6555840264023300E-01 a       347     0    35     1     7
 -3.4702078353195127E-03 a       348     0    35     1     8
  8.7956888910405137E-02 a       349     0    35     1     9
 -5.4585900086424888E-03 a       350     0    35     1    10
 -3.7637161719500399E-02 a       351     0    36     1     1
 -4.0177173593654560E-02 a       352     0    36     1     2
  1.5707011105421187E-01 a       353     0    36     1     3
 -1.4951142824996133E-01 a       354     0    36     1     4
 -2.1911496283023166E-02 a       355     0    36     1     5
 -5.9392250911680163E-02 a       356     0    36     1     6
  4.0827386056558362E-02 a       357     0    36     1     7
 -1.9582860316649672E-02 a       358     0    36     1     8
  8.7403207109861894E-02 a       359     0    36     1     9
 -2.4428575135431677E-02 a       360     0    36     1    10
  1.9169243782539180E-01 a       361     0    37     1     1
  2.3153302235990800E-01 a       362     0    37     1     2
  1.9307710149752963E-01 a       363     0    37     1     3
 -8.2298677198207618E-02 a       364     0    37     1     4
 -1.7179286361949730E-01 a       365     0    37     1     5
 -6.7611166823568908E-02 a       366     0    37     1     6
 -3.6348265905194760E-01 a       367     0    37     1     7
  3.5314718644308629E-01 a       368     0    37     1     8
 -2.5944631910923477E-01 a       369     0    37     1     9
 -2.8598711629989815E-01 a       370     0    37     1    10
  1.2482527057977325E-01 a       371     0    38     1     1
  1.1834881716288730E-02 a       372     0    38     1     2
  1.8382918360970285E-01 a       373     0    38     1     3
  3.7003386707371709E-02 a       374     0    38     1     4
  6.5041406189895956E-02 a       375     0    38     1     5
 -1.6215109577550693E-02 a       376     0    38     1     6
  2.1790628962561545E-01 a       377     0    38     1     7
 -1.2316180272323986E-01 a       378     0    38     1     8
  1.4717653510612644E-01 a       379     0    38     1     9
  3.2487065187454235E-02 a       380     0    38     1    10
 -1.3737025901588143E-01 a       381     0    39     1     1
 -1.6476507738221879E-01 a       382     0    39     1     2
 -1.2302334941462362E-01 a       383     0    39     1     3
 -3.4428932790963823E-01 a       384     0    39     1     4
  5.0135069544945433E-02 a       385     0    39     1     5
 -2.8355644299943611E-01 a       386     0    39     1     6
  3.2632822123235439E-01 a       387     0    39     1     7
  1.8251705111609651E-01 a       388     0    39     1     8
  7.3254534010213325E-03 a       389     0    39     1     9
  2.2834449481142466E-01 a       390     0    39     1    10
  8.8516121986623349E-03 a       391     0    40     1     1
 -5.3897430024071762E-02 a       392     0    40     1     2
 -1.1075555016732175E-02 a       393     0    40     1     3
  2.6904217356372079E-01 a       394     0    40     1     4
 -9.2526430379024374E-02 a       395     0    40     1     5
  1.3202421388069224E-01 a       396     0    40     1     6
  2.9658902705163698E-01 a       397     0    40     1     7
 -9.0568598059721696E-03 a       398     0    40     1     8
 -3.2726988908877656E-03 a       399     0    40     1     9
 -8.6332902461649652E-02 a       400     0    40     1    10
 -1.1576750500204334E-01 a       401     0    41     1     1
 -1.5811018149107067E-01 a       402     0    41     1     2
 -4.9940566694087862E-01 a       403     0    41     1     3
  2.6783987651841434E-01 a       404     0    41     1     4
  2.6610767642663996E-01 a       405     0    41     1     5
  1.3041926314520472E-01 a       406     0    41     1     6
  9.9431451211198021E-02 a       407     0    41     1     7
 -2.1649797326003595E-01 a       408     0    41     1     8
  7.3115411799708055E-02 a       409     0    41     1     9
  3.6634464544564510E-01 a       410     0    41     1    10
 -2.2435374198014063E-01 a       411     0    42     1     1
 -1.5749779232780800E-02 a       412     0    42     1     2
 -2.3799990016861383E-01 a       413     0    42     1     3
  1.7005572185092396E-01 a       414     0    42     1     4
 -1.8490563886908798E-02 a       415     0    42     1     5
  2.8746647323456848E-01 a       416     0    42     1     6
  6.3710482978586253E-02 a       417     0    42     1     7
 -6.0177973805904339E-02 a       418     0    42     1     8
 -4.5371735227803056E-01 a       419     0    42     1     9
  3.1543778485518181E-01 a       420     0    42     1    10
  5.5555669261544365E-02 a       421     0    43     1     1
 -2.3225316843078245E-01 a       422     0    43     1     2
 -1.1626328671259774E-01 a       423     0    43     1     3
  1.5764436126097614E-01 a       424     0    43     1     4
  1.9980111511202877E-02 a       425     0    43     1     5
  6.3046629261343618E-03 a       426     0    43     1     6
  1.6671103883914357E-01 a       427     0    43     1     7
 -5.5987849312224731E-02 a       428     0    43     1     8
  1.6651066654196608E-01 a       429     0    43     1     9
 -4.3907785546746890E-04 a       430     0    43     1    10
  6.2419300891073143E-02 a       431     0    44     1     1
  1.1191404427162660E-01 a       432     0    44     1     2
  1.0895790942981258E-01 a       433     0    44     1     3
 -1.1208350037221687E-01 a       434     0    44     1     4
 -2.2078537860337664E-02 a       435     0    44     1     5
 -2.5827483766683292E-02 a       436     0    44     1     6
  9.3432882646821536E-02 a       437     0    44     1     7
 -7.3218101284447723E-02 a       438     0    44     1     8
  1.3193074725714518E-01 a       439     0    44     1     9
 -1.1659602635617305E-01 a       440     0    44     1    10
  5.8197568307880095E-02 a       441     0    45     1     1
 -3.6934069963148276E-02 a       442     0    45     1     2
  1.5567143116243826E-01 a       443     0    45     1     3
  3.0475787162444479E-01 a       444     0    45     1     4
 -2.9772880212585459E-03 a       445     0    45     1     5
  8.5268936048384467E-02 a       446     0    45     1     6
  1.6625872008903397E-01 a       447     0    45     1     7
 -3.3320466370989410E-01 a       448     0    45     1     8
  3.1788059956654385E-01 a       449     0    45     1     9
 -2.2219023410220398E-01 a       450     0    45     1    10
  5.3082395771362319E-02 a       451     0    46     1     1
  1.4955812085176068E-01 a       452     0    46     1     2
  7.7774271054266597E-02 a       453     0    46     1     3
 -2.5307322184373543E-01 a       454     0    46     1     4
 -5.1842211430814251E-02 a       455     0    46     1     5
 -2.6280606712186705E-01 a       456     0    46     1     6
  1.6651062105054459E-01 a       457     0    46     1     7
  2.3488198670628888E-01 a       458     0    46     1     8
  1.3393295109909051E-01 a       459     0    46     1     9
 -6.4234153463951393E-02 a       460     0    46     1    10
  2.1878074568907102E-01 a       461     0    47     1     1
  4.2642476603246909E-01 a       462     0    47     1     2
  2.2001414211213577E-01 a       463     0    47     1     3
  2.1811916916252583E-01 a       464     0    47     1     4
 -4.0864430784147213E-02 a       465     0    47     1     5
  1.3864208429588895E-01 a       466     0    47     1     6
  4.2443470028809316E-01 a       467     0    47     1     7
 -5.3704911903731012E-01 a       468     0    47     1     8
  4.0576702905432575E-02 a       469     0    47     1     9
  2.4138942156828677E-01 a       470     0    47     1    10
 -8.2285416225869479E-01 b       471     1     1
 -1.1552950760594214E+00 b       472     1     2
 -1.0894057382866351E+00 b       473     1     3
  2.2031427966695424E-01 b       474     1     4
 -1.1400946832095209E+00 b       475     1     5
  2.7589433941739194E-01 b       476     1     6
  1.4587112993534919E+00 b       477     1     7
  4.3795406565145556E-01 b       478     1     8
 -3.9392313398452777E-01 b       479     1     9
  1.4876145624847521E+00 b       480     1    10
  2.9084892081341412E-01 a       481     1     1     2     1
 -4.6767633652889895E-01 a       482     1     1     2     2
 -5.2264650758162567E-01 a       483     1     1     2     3
 -6.8020236078343052E-02 a       484     1     1     2     4
 -4.2571205393106748E-01 a       485     1     1     2     5
  4.5701414018131747E-01 a       486     1     1     2     6
 -4.6035830709736913E-01 a       487     1     1     2     7
 -2.1750383148583424E-01 a       488     1     1     2     8
 -2.4078550621040212E-01 a       489     1     1     2     9
  2.3281899799250605E-01 a       490     1     1     2    10
  6.1431417277958178E-01 a       491     1     2     2     1
  7.5116249198588847E-01 a       492     1     2     2     2
 -7.7487635061851301E-01 a       493     1     2     2     3
  6.0997085072084967E-01 a       494     1     2     2     4
  1.2631352507317070E-01 a       495     1     2     2     5
  6.2814105435186862E-01 a       496     1     2     2     6
 -4.1683655898887284E-01 a       497     1     2     2     7
 -4.0498667166877228E-01 a       498     1     2     2     8
  7.4220500012322566E-01 a       499     1     2     2     9
  3.6331148833519750E-01 a       500     1     2     2    10
 -8.6077879837171500E-01 a       501     1     3     2     1
 -4.1347990950458546E-01 a       502     1     3     2     2
 -8.4323414205036210E-02 a       503     1     3     2     3
 -6.8204148536144060E-01 a       504     1     3     2     4
 -1.1338498609182161E-01 a       505     1     3     2     5
 -2.6800637613151429E-01 a       506     1     3     2     6
  5.0272832679552260E-01 a       507     1     3     2     7
 -1.4353753697044402E-01 a       508     1     3     2     8
 -8.8040156482785792E-01 a       509     1     3     2     9
  7.5281819654869275E-01 a       510     1     3     2    10
 -1.3024215346877313E-01 a       511     1     4     2     1
 -2.9039283331518187E-02 a       512     1     4     2     2
 -3.9843916212627190E-01 a       513     1     4     2     3
 -9.7002792900886681E-01 a       514     1     4     2     4
 -1.2358679009224665E-02 a       515     1     4     2     5
  4.7351707173846791E-01 a       516     1     4     2     6
 -4.4575430437289792E-01 a       517     1     4     2     7
 -9.9864391951185294E-01 a       518     1     4     2     8
  4.5202511960591041E-01 a       519     1     4     2     9
 -5.5798355732565774E-01 a       520     1     4     2    10
 -2.5094401095575997E-01 a       521     1     5     2     1
  5.8625182061164594E-01 a       522     1     5     2     2
  2.0389829284662095E-01 a       523     1     5     2     3
 -1.1750836048444246E-01 a       524     1     5     2     4
 -2.5696378094052919E-01 a       525     1     5     2     5
  4.3059048498227914E-01 a       526     1     5     2     6
  4.5484718249202954E-01 a       527     1     5     2     7
  2.9247845751041635E-01 a       528     1     5     2     8
 -7.3664744686586681E-01 a       529     1     5     2     9
  9.0282882349778637E-01 a       530     1     5     2    10
  6.6238138637556554E-01 a       531     1     6     2     1
  9.0776124242272782E-01 a       532     1     6     2     2
  1.0433246915666530E+00 a       533     1     6     2     3
  8.1742067749523561E-01 a       534     1     6     2     4
 -6.2842589112559055E-01 a       535     1     6     2     5
 -4.5159744220746957E-02 a       536     1     6     2     6
  3.4820965337373039E-01 a       537     1     6     2     7
 -1.0010317963792050E+00 a       538     1     6     2     8
  2.8359526245933617E-02 a       539     1     6     2     9
 -2.8872498345981967E-01 a       540     1     6     2    10
  9.0740087151919135E-01 a       541     1     7     2     1
 -2.3734780827483726E-01 a       542     1     7     2     2
  1.3847962270863853E-01 a       543     1     7     2     3
 -4.1551181932206471E-01 a       544     1     7     2     4
 -6.8636028366717461E-01 a       545     1     7     2     5
  1.0017768296727367E+00 a       546     1     7     2     6
 -7.6128625891179869E-01 a       547     1     7     2     7
 -2.5005914139792185E-01 a       548     1     7     2     8
  5.3238488976373544E-01 a       549     1     7     2     9
 -7.4574714004751286E-01 a       550     1     7     2    10
  4.3602534643576613E-01 a       551     1     8     2     1
  5.1059848460195190E-01 a       552     1     8     2     2
 -5.4287127316094574E-01 a       553     1     8     2     3
 -6.7874833646534516E-01 a       554     1     8     2     4
 -8.2669062929132808E-01 a       555     1     8     2     5
  6.9558020263156184E-01 a       556     1     8     2     6
 -4.5838724089514998E-01 a       557     1     8     2     7
  3.6763390740198931E-01 a       558     1     8     2     8
  7.8094430327131881E-01 a       559     1     8     2     9
 -5.6583159505177338E-01 a       560     1     8     2    10
  1.6721531550043234E-02 a       561     1     9     2     1
  5.1575138095802464E-01 a       562     1     9     2     2
  3.0314634513672606E-01 a       563     1     9     2     3
 -2.2360003973456283E-01 a       564     1     9     2     4
 -7.9052976480565917E-01 a       565     1     9     2     5
 -6.9684585999974957E-01 a       566     1     9     2     6
  8.4335451992207910E-01 a       567     1     9     2     7
  7.7908825175331553E-01 a       568     1     9     2     8
  4.7163627858912832E-01 a       569     1     9     2     9
  5.2284878618425989E-01 a       570     1     9     2    10
 -4.3519379336215364E-01 a       571     1    10     2     1
  7.1620757201182927E-01 a       572     1    10     2     2
 -1.0074980395065665E+00 a       573     1    10     2     3
  1.4290469394467392E-01 a       574     1    10     2     4
 -8.1941988931245346E-01 a       575     1    10     2     5
  2.3063185212063678E-01 a       576     1    10     2     6
  5.0473427940659166E-01 a       577     1    10     2     7
 -5.5991763324418201E-02 a       578     1    10     2     8
 -2.8567345487412960E-01 a       579     1    10     2     9
  9.6077489572881591E-02 a       580     1    10     2    10
  7.7236524255174355E-01 b       581     2     1
 -1.3514961364878395E+00 b       582     2     2
  1.5361693239713381E+00 b       583     2     3
 -1.6771624722139176E+00 b       584     2     4
  1.1803779618711021E+00 b       585     2     5
  1.6394813632813188E+00 b       586     2     6
  8.3219908439746781E-01 b       587     2     7
 -1.5708526808529233E-01 b       588     2     8
 -1.0006869859181069E+00 b       589     2     9
 -1.2471389576364498E+00 b       590     2    10
  3.8749279489114175E-01 a       591     2     1     3     1
  8.7616826888579313E-01 a       592     2     2     3     1
 -5.9915762869729716E-01 a       593     2     3     3     1
 -4.4803831215021911E-01 a       594     2     4     3     1
 -4.3049660933113421E-01 a       595     2     5     3     1
  1.0327083665783927E+00 a       596     2     6     3     1
 -7.9660237635183040E-02 a       597     2     7     3     1
  1.3916165642320960E-04 a       598     2     8     3     1
 -5.0625294381146879E-01 a       599     2     9     3     1
  1.5384453693958383E-01 a       600     2    10     3     1
  1.3818235973141127E-01 b       601     3     1
