-1.157148350168350071e+01 4.111611918002362753e-02
-1.152148350168350177e+01 6.141879914779926897e-02
-1.147148350168350106e+01 8.235992817116535858e-02
-1.142148350168350035e+01 1.084724945448138772e-01
-1.137148350168350142e+01 1.154954341563085990e-01
-1.132148350168350071e+01 1.247529454623698408e-01
-1.127148350168350177e+01 1.151123647229543440e-01
-1.122148350168350106e+01 1.039395062501218270e-01
-1.117148350168350035e+01 8.370067118790525118e-02
-1.112148350168350142e+01 6.339799122012959587e-02
-1.107148350168350071e+01 4.194610295229118935e-02
-1.102148350168350177e+01 3.026248523498633811e-02
-1.097148350168350106e+01 1.621660601199689800e-02
-1.092148350168350035e+01 8.682907156029835011e-03
-1.087148350168350142e+01 4.341453578014917505e-03
-1.082148350168350071e+01 2.234571694566501402e-03
-1.077148350168350177e+01 1.021518488944686293e-03
-1.072148350168350106e+01 3.192245277952144395e-04
-1.067148350168350035e+01 3.830694333542573058e-04
-1.062148350168350142e+01 1.276898111180857867e-04
-1.057148350168350071e+01 0.000000000000000000e+00
-1.052148350168350177e+01 6.384490555904289333e-05
-1.047148350168350106e+01 0.000000000000000000e+00
-1.042148350168350035e+01 0.000000000000000000e+00
-1.037148350168350142e+01 0.000000000000000000e+00
-1.032148350168350071e+01 0.000000000000000000e+00
-1.027148350168350177e+01 0.000000000000000000e+00
-1.022148350168350106e+01 0.000000000000000000e+00
-1.017148350168350035e+01 0.000000000000000000e+00
-1.012148350168350142e+01 0.000000000000000000e+00
-1.007148350168350071e+01 0.000000000000000000e+00
-1.002148350168350177e+01 0.000000000000000000e+00
-9.971483501683501061e+00 0.000000000000000000e+00
-9.921483501683500350e+00 0.000000000000000000e+00
-9.871483501683501416e+00 0.000000000000000000e+00
-9.821483501683500705e+00 0.000000000000000000e+00
-9.771483501683501771e+00 0.000000000000000000e+00
-9.721483501683501061e+00 0.000000000000000000e+00
-9.671483501683500350e+00 0.000000000000000000e+00
-9.621483501683501416e+00 0.000000000000000000e+00
-9.571483501683500705e+00 0.000000000000000000e+00
-9.521483501683501771e+00 0.000000000000000000e+00
-9.471483501683501061e+00 0.000000000000000000e+00
-9.421483501683500350e+00 0.000000000000000000e+00
-9.371483501683501416e+00 0.000000000000000000e+00
-9.321483501683500705e+00 0.000000000000000000e+00
-9.271483501683501771e+00 0.000000000000000000e+00
-9.221483501683501061e+00 0.000000000000000000e+00
-9.171483501683500350e+00 0.000000000000000000e+00
-9.121483501683501416e+00 0.000000000000000000e+00
-9.071483501683500705e+00 0.000000000000000000e+00
-9.021483501683501771e+00 0.000000000000000000e+00
-8.971483501683501061e+00 0.000000000000000000e+00
-8.921483501683500350e+00 0.000000000000000000e+00
-8.871483501683501416e+00 0.000000000000000000e+00
-8.821483501683500705e+00 0.000000000000000000e+00
-8.771483501683501771e+00 0.000000000000000000e+00
-8.721483501683501061e+00 0.000000000000000000e+00
-8.671483501683500350e+00 0.000000000000000000e+00
-8.621483501683501416e+00 0.000000000000000000e+00
-8.571483501683500705e+00 0.000000000000000000e+00
-8.521483501683501771e+00 0.000000000000000000e+00
-8.471483501683501061e+00 0.000000000000000000e+00
-8.421483501683500350e+00 0.000000000000000000e+00
-8.371483501683501416e+00 0.000000000000000000e+00
-8.321483501683500705e+00 0.000000000000000000e+00
-8.271483501683501771e+00 0.000000000000000000e+00
-8.221483501683501061e+00 0.000000000000000000e+00
-8.171483501683500350e+00 0.000000000000000000e+00
-8.121483501683501416e+00 0.000000000000000000e+00
-8.071483501683500705e+00 0.000000000000000000e+00
-8.021483501683501771e+00 0.000000000000000000e+00
-7.971483501683501061e+00 0.000000000000000000e+00
-7.921483501683500350e+00 0.000000000000000000e+00
-7.871483501683501416e+00 0.000000000000000000e+00
-7.821483501683500705e+00 0.000000000000000000e+00
-7.771483501683500883e+00 0.000000000000000000e+00
-7.721483501683501061e+00 0.000000000000000000e+00
-7.671483501683500350e+00 0.000000000000000000e+00
-7.621483501683501416e+00 0.000000000000000000e+00
-7.571483501683500705e+00 0.000000000000000000e+00
-7.521483501683500883e+00 0.000000000000000000e+00
-7.471483501683501061e+00 0.000000000000000000e+00
-7.421483501683500350e+00 0.000000000000000000e+00
-7.371483501683501416e+00 0.000000000000000000e+00
-7.321483501683500705e+00 0.000000000000000000e+00
-7.271483501683500883e+00 0.000000000000000000e+00
-7.221483501683501061e+00 0.000000000000000000e+00
-7.171483501683500350e+00 0.000000000000000000e+00
-7.121483501683501416e+00 0.000000000000000000e+00
-7.071483501683500705e+00 0.000000000000000000e+00
-7.021483501683500883e+00 0.000000000000000000e+00
-6.971483501683501061e+00 0.000000000000000000e+00
-6.921483501683500350e+00 0.000000000000000000e+00
-6.871483501683501416e+00 0.000000000000000000e+00
-6.821483501683500705e+00 0.000000000000000000e+00
-6.771483501683499995e+00 0.000000000000000000e+00
-6.721483501683501061e+00 0.000000000000000000e+00
-6.671483501683500350e+00 0.000000000000000000e+00
-6.621483501683501416e+00 0.000000000000000000e+00
-6.571483501683500705e+00 0.000000000000000000e+00
-6.521483501683499995e+00 0.000000000000000000e+00
-6.471483501683501061e+00 0.000000000000000000e+00
-6.421483501683500350e+00 0.000000000000000000e+00
-6.371483501683501416e+00 0.000000000000000000e+00
-6.321483501683500705e+00 0.000000000000000000e+00
-6.271483501683499995e+00 0.000000000000000000e+00
-6.221483501683501061e+00 0.000000000000000000e+00
-6.171483501683500350e+00 0.000000000000000000e+00
-6.121483501683501416e+00 0.000000000000000000e+00
-6.071483501683500705e+00 0.000000000000000000e+00
-6.021483501683499995e+00 0.000000000000000000e+00
-5.971483501683501061e+00 0.000000000000000000e+00
-5.921483501683500350e+00 0.000000000000000000e+00
-5.871483501683501416e+00 0.000000000000000000e+00
-5.821483501683500705e+00 0.000000000000000000e+00
-5.771483501683499995e+00 0.000000000000000000e+00
-5.721483501683501061e+00 0.000000000000000000e+00
-5.671483501683500350e+00 0.000000000000000000e+00
-5.621483501683501416e+00 0.000000000000000000e+00
-5.571483501683500705e+00 0.000000000000000000e+00
-5.521483501683499995e+00 0.000000000000000000e+00
-5.471483501683501061e+00 0.000000000000000000e+00
-5.421483501683500350e+00 0.000000000000000000e+00
-5.371483501683501416e+00 0.000000000000000000e+00
-5.321483501683500705e+00 0.000000000000000000e+00
-5.271483501683499995e+00 0.000000000000000000e+00
-5.221483501683501061e+00 0.000000000000000000e+00
-5.171483501683500350e+00 0.000000000000000000e+00
-5.121483501683501416e+00 0.000000000000000000e+00
-5.071483501683500705e+00 0.000000000000000000e+00
-5.021483501683499995e+00 0.000000000000000000e+00
-4.971483501683501061e+00 0.000000000000000000e+00
-4.921483501683500350e+00 0.000000000000000000e+00
-4.871483501683501416e+00 0.000000000000000000e+00
-4.821483501683500705e+00 0.000000000000000000e+00
-4.771483501683499995e+00 0.000000000000000000e+00
-4.721483501683501061e+00 0.000000000000000000e+00
-4.671483501683500350e+00 0.000000000000000000e+00
-4.621483501683501416e+00 0.000000000000000000e+00
-4.571483501683500705e+00 0.000000000000000000e+00
-4.521483501683499995e+00 0.000000000000000000e+00
-4.471483501683501061e+00 0.000000000000000000e+00
-4.421483501683500350e+00 0.000000000000000000e+00
-4.371483501683501416e+00 0.000000000000000000e+00
-4.321483501683500705e+00 0.000000000000000000e+00
-4.271483501683499995e+00 0.000000000000000000e+00
-4.221483501683501061e+00 0.000000000000000000e+00
-4.171483501683500350e+00 0.000000000000000000e+00
-4.121483501683501416e+00 0.000000000000000000e+00
-4.071483501683500705e+00 0.000000000000000000e+00
-4.021483501683499995e+00 0.000000000000000000e+00
-3.971483501683501061e+00 0.000000000000000000e+00
-3.921483501683500350e+00 0.000000000000000000e+00
-3.871483501683501416e+00 0.000000000000000000e+00
-3.821483501683500705e+00 0.000000000000000000e+00
-3.771483501683499995e+00 0.000000000000000000e+00
-3.721483501683501061e+00 0.000000000000000000e+00
-3.671483501683500350e+00 0.000000000000000000e+00
-3.621483501683501416e+00 0.000000000000000000e+00
-3.571483501683500705e+00 0.000000000000000000e+00
-3.521483501683501771e+00 0.000000000000000000e+00
-3.471483501683501061e+00 0.000000000000000000e+00
-3.421483501683500350e+00 0.000000000000000000e+00
-3.371483501683499640e+00 0.000000000000000000e+00
-3.321483501683500705e+00 0.000000000000000000e+00
-3.271483501683501771e+00 0.000000000000000000e+00
-3.221483501683501061e+00 0.000000000000000000e+00
-3.171483501683500350e+00 0.000000000000000000e+00
-3.121483501683499640e+00 0.000000000000000000e+00
-3.071483501683500705e+00 0.000000000000000000e+00
-3.021483501683501771e+00 0.000000000000000000e+00
-2.971483501683501061e+00 0.000000000000000000e+00
-2.921483501683500350e+00 0.000000000000000000e+00
-2.871483501683499640e+00 0.000000000000000000e+00
-2.821483501683500705e+00 0.000000000000000000e+00
-2.771483501683501771e+00 0.000000000000000000e+00
-2.721483501683501061e+00 0.000000000000000000e+00
-2.671483501683500350e+00 0.000000000000000000e+00
-2.621483501683499640e+00 0.000000000000000000e+00
-2.571483501683500705e+00 0.000000000000000000e+00
-2.521483501683501771e+00 0.000000000000000000e+00
-2.471483501683501061e+00 0.000000000000000000e+00
-2.421483501683500350e+00 0.000000000000000000e+00
-2.371483501683499640e+00 0.000000000000000000e+00
-2.321483501683500705e+00 0.000000000000000000e+00
-2.271483501683501771e+00 0.000000000000000000e+00
-2.221483501683501061e+00 0.000000000000000000e+00
-2.171483501683500350e+00 0.000000000000000000e+00
-2.121483501683499640e+00 0.000000000000000000e+00
-2.071483501683500705e+00 0.000000000000000000e+00
-2.021483501683499995e+00 0.000000000000000000e+00
-1.971483501683501061e+00 0.000000000000000000e+00
-1.921483501683500350e+00 0.000000000000000000e+00
-1.871483501683499640e+00 0.000000000000000000e+00
-1.821483501683500705e+00 0.000000000000000000e+00
-1.771483501683499995e+00 0.000000000000000000e+00
-1.721483501683501061e+00 0.000000000000000000e+00
-1.671483501683500350e+00 0.000000000000000000e+00
-1.621483501683499640e+00 0.000000000000000000e+00
-1.571483501683500705e+00 0.000000000000000000e+00
-1.521483501683499995e+00 0.000000000000000000e+00
-1.471483501683501061e+00 0.000000000000000000e+00
-1.421483501683500350e+00 0.000000000000000000e+00
-1.371483501683499640e+00 0.000000000000000000e+00
-1.321483501683500705e+00 0.000000000000000000e+00
-1.271483501683499995e+00 0.000000000000000000e+00
-1.221483501683501061e+00 0.000000000000000000e+00
-1.171483501683500350e+00 0.000000000000000000e+00
-1.121483501683499640e+00 0.000000000000000000e+00
-1.071483501683500705e+00 0.000000000000000000e+00
-1.021483501683499995e+00 0.000000000000000000e+00
-9.714835016835010606e-01 0.000000000000000000e+00
-9.214835016835003501e-01 0.000000000000000000e+00
-8.714835016834996395e-01 0.000000000000000000e+00
-8.214835016835007053e-01 0.000000000000000000e+00
-7.714835016834999948e-01 0.000000000000000000e+00
-7.214835016835010606e-01 0.000000000000000000e+00
-6.714835016835003501e-01 0.000000000000000000e+00
-6.214835016834996395e-01 0.000000000000000000e+00
-5.714835016835007053e-01 0.000000000000000000e+00
-5.214835016834999948e-01 0.000000000000000000e+00
-4.714835016835010606e-01 0.000000000000000000e+00
-4.214835016835003501e-01 0.000000000000000000e+00
-3.714835016834996395e-01 0.000000000000000000e+00
-3.214835016835007053e-01 0.000000000000000000e+00
-2.714835016834999948e-01 0.000000000000000000e+00
-2.214835016835010606e-01 0.000000000000000000e+00
-1.714835016835003501e-01 0.000000000000000000e+00
-1.214835016834996395e-01 0.000000000000000000e+00
-7.148350168350070533e-02 6.384490555904289333e-05
-2.148350168349999478e-02 3.830694333542573058e-04
2.851649831649893940e-02 7.661388667085146115e-04
7.851649831649964995e-02 1.340743016739900841e-03
1.285164983165003605e-01 2.936865655715973581e-03
1.785164983164992947e-01 5.746041500313860996e-03
2.285164983165000052e-01 1.078978903947824981e-02
2.785164983164989394e-01 1.755734902873679754e-02
3.285164983164996499e-01 3.288012636290708890e-02
3.785164983165003605e-01 5.011825086384867622e-02
4.285164983164992947e-01 7.163398403724612062e-02
4.785164983165000052e-01 9.168128438278561054e-02
5.285164983164989394e-01 1.161977281174580851e-01
5.785164983164996499e-01 1.336912322406358378e-01
6.285164983165003605e-01 1.418633801521933246e-01
6.785164983164992947e-01 1.383519103464459499e-01
7.285164983165000052e-01 1.234760473511889584e-01
7.785164983164989394e-01 1.016410896499962829e-01
8.285164983164996499e-01 8.210454854892917931e-02
8.785164983165003605e-01 5.714119047534339801e-02
9.285164983164992947e-01 3.875385767433904560e-02
9.785164983165000052e-01 2.451644373467246757e-02
1.028516498316498939e+00 1.462048337302082439e-02
1.078516498316499650e+00 8.427527533793662678e-03
1.128516498316500360e+00 5.554506783636731747e-03
1.178516498316499295e+00 2.234571694566501402e-03
1.228516498316500005e+00 1.851502261212243988e-03
1.278516498316498939e+00 1.213053205621815109e-03
1.328516498316499650e+00 1.085363394503729376e-03
1.378516498316500360e+00 2.362261505684587135e-03
1.428516498316499295e+00 1.787657355653201338e-03
1.478516498316500005e+00 5.682196594754818780e-03
1.528516498316498939e+00 1.142823809506867891e-02
1.578516498316499650e+00 2.004730034553946563e-02
1.628516498316500360e+00 3.294397126846613372e-02
1.678516498316499295e+00 8.089149534330734859e-02
1.728516498316500005e+00 1.827879646155398108e-01
1.778516498316498939e+00 3.630859779142769916e-01
1.828516498316499650e+00 6.899718943765764667e-01
1.878516498316500360e+00 1.211201703360602844e+00
1.928516498316499295e+00 1.948738052378666596e+00
1.978516498316500005e+00 3.027014662365342001e+00
2.028516498316498939e+00 4.165177793766400072e+00
2.078516498316499650e+00 5.172395023865861141e+00
2.128516498316500360e+00 5.738571646363452849e+00
2.178516498316499295e+00 5.660170102336947728e+00
2.228516498316500005e+00 4.864279509637920107e+00
2.278516498316498939e+00 3.722732598242232793e+00
2.328516498316499650e+00 2.525704463915736664e+00
2.378516498316500360e+00 1.518295699099599272e+00
2.428516498316499295e+00 8.640769518360864598e-01
2.478516498316500005e+00 4.866897150765839841e-01
2.528516498316498939e+00 3.136700210115777598e-01
2.578516498316499650e+00 2.447813679133704623e-01
2.628516498316500360e+00 2.489951316802672954e-01
2.678516498316499295e+00 2.521235320526604151e-01
2.728516498316500005e+00 2.862167116211893347e-01
2.778516498316498939e+00 2.793853067263717405e-01
2.828516498316499650e+00 2.904943202936451918e-01
2.878516498316500360e+00 2.925373572715345705e-01
2.928516498316499295e+00 2.973895700940217823e-01
2.978516498316500005e+00 2.816837233264972706e-01
3.028516498316498939e+00 2.892174221824643787e-01
3.078516498316499650e+00 2.927927368937707220e-01
3.128516498316500360e+00 3.123931229003968357e-01
3.178516498316499295e+00 3.701727624313306819e-01
3.228516498316500005e+00 5.136322652225001617e-01
3.278516498316498939e+00 6.375552269126023575e-01
3.328516498316499650e+00 8.359213484845486875e-01
3.378516498316500360e+00 1.087534121292736744e+00
3.428516498316499295e+00 1.377900751775263943e+00
3.478516498316500005e+00 1.674971097341490633e+00
3.528516498316498939e+00 2.003325446631647910e+00
3.578516498316499650e+00 2.099922788742480062e+00
3.628516498316500360e+00 2.230294085894045431e+00
3.678516498316499295e+00 2.257300480945520604e+00
3.728516498316500005e+00 2.128972220771844448e+00
3.778516498316498939e+00 2.038120920161326399e+00
3.828516498316499650e+00 1.823218968049588051e+00
3.878516498316500360e+00 1.636025704950474280e+00
3.928516498316499295e+00 1.506931305910089502e+00
3.978516498316500005e+00 1.343424502773380658e+00
4.028516498316498939e+00 1.191218247920622364e+00
4.078516498316499650e+00 1.175576246058656960e+00
4.128516498316500360e+00 1.154762806846409084e+00
4.178516498316499295e+00 1.094684750715349653e+00
4.228516498316500005e+00 1.005940331988280034e+00
4.278516498316498939e+00 1.018453933477852180e+00
4.328516498316499650e+00 1.048014124751689202e+00
4.378516498316500360e+00 9.224311955170517718e-01
4.428516498316497518e+00 9.420315815236780521e-01
4.478516498316501782e+00 9.459899656683385949e-01
4.528516498316498939e+00 8.478603458240896451e-01
4.578516498316499650e+00 8.889126200985543180e-01
4.628516498316500360e+00 8.477326560129716526e-01
4.678516498316497518e+00 8.622254495748743475e-01
4.728516498316501782e+00 8.719937201254078785e-01
4.778516498316498939e+00 8.264723024618103597e-01
4.828516498316499650e+00 7.909745349709824680e-01
4.878516498316500360e+00 7.835046810205745782e-01
4.928516498316497518e+00 6.877373226820100438e-01
4.978516498316501782e+00 6.290638544732497506e-01
5.028516498316498939e+00 6.218493801450778458e-01
5.078516498316499650e+00 5.999505775383261463e-01
5.128516498316500360e+00 5.641974304252621586e-01
5.178516498316497518e+00 5.216128784173805766e-01
5.228516498316501782e+00 5.408301949906524353e-01
5.278516498316498939e+00 5.091631218333670938e-01
5.328516498316499650e+00 5.407663500850933280e-01
5.378516498316500360e+00 5.516838289356896796e-01
5.428516498316497518e+00 5.946514503769255722e-01
5.478516498316501782e+00 5.712203700367567416e-01
5.528516498316498939e+00 6.430458887906800314e-01
5.578516498316499650e+00 6.917595517322296939e-01
5.628516498316500360e+00 7.311518584621592431e-01
5.678516498316497518e+00 7.565621308746584006e-01
5.728516498316501782e+00 8.689291646585738382e-01
5.778516498316498939e+00 8.714191159753764682e-01
5.828516498316499650e+00 9.491822109462906276e-01
5.878516498316500360e+00 1.038692768540068867e+00
5.928516498316497518e+00 1.138865425362207251e+00
5.978516498316501782e+00 1.153741288357464256e+00
6.028516498316498939e+00 1.176470074736483573e+00
6.078516498316499650e+00 1.290305541348256924e+00
6.128516498316500360e+00 1.318844214133149118e+00
6.178516498316497518e+00 1.309012098677056812e+00
6.228516498316501782e+00 1.367174807641344803e+00
6.278516498316498939e+00 1.396607309104063388e+00
6.328516498316499650e+00 1.465879031635625163e+00
6.378516498316500360e+00 1.441554122617629607e+00
6.428516498316497518e+00 1.410014739271462370e+00
6.478516498316501782e+00 1.471305848608143396e+00
6.528516498316498939e+00 1.429487435466970435e+00
6.578516498316499650e+00 1.359768798596495687e+00
6.628516498316500360e+00 1.374261592158398493e+00
6.678516498316497518e+00 1.346999817484686890e+00
6.728516498316501782e+00 1.182024581520120243e+00
6.778516498316498939e+00 1.228503672767103483e+00
6.828516498316499650e+00 1.201433432810069313e+00
6.878516498316500360e+00 1.101771535232403343e+00
6.928516498316497518e+00 1.112242099744086055e+00
6.978516498316501782e+00 1.061230020202411195e+00
7.028516498316498939e+00 1.072785948108597953e+00
7.078516498316499650e+00 9.743371037365535781e-01
7.128516498316500360e+00 9.611850531913906925e-01
7.178516498316497518e+00 9.685910622362398081e-01
7.228516498316501782e+00 9.281772370173657638e-01
7.278516498316498939e+00 9.581204977245567633e-01
7.328516498316499650e+00 9.084491611996213800e-01
7.378516498316500360e+00 9.130459943998725514e-01
7.428516498316497518e+00 8.931902287710102861e-01
7.478516498316501782e+00 9.182174317501550220e-01
7.528516498316498939e+00 9.334763641787662269e-01
7.578516498316503203e+00 8.853373053872479748e-01
7.628516498316500360e+00 8.824642846370910343e-01
7.678516498316497518e+00 8.682268706974244354e-01
7.728516498316501782e+00 8.932540736765691713e-01
7.778516498316498939e+00 8.686737850363377422e-01
7.828516498316503203e+00 9.032138789437799131e-01
7.878516498316500360e+00 9.317525517286719960e-01
7.928516498316497518e+00 9.073637978051176667e-01
7.978516498316501782e+00 8.914664163209160552e-01
8.028516498316498939e+00 9.334125192732073417e-01
8.078516498316503203e+00 9.275387879617752462e-01
8.128516498316500360e+00 8.885295506652001185e-01
8.178516498316497518e+00 9.180897419390368075e-01
8.228516498316501782e+00 8.910833468875617447e-01
8.278516498316498939e+00 9.208350728780757555e-01
8.328516498316503203e+00 9.344340377621518368e-01
8.378516498316500360e+00 9.570989792356120462e-01
8.428516498316497518e+00 9.104921981775107032e-01
8.478516498316501782e+00 9.752947773199394099e-01
8.528516498316498939e+00 9.248573019282952945e-01
8.578516498316503203e+00 9.549282524466047306e-01
8.628516498316500360e+00 9.555667015021950261e-01
8.678516498316497518e+00 9.805300595757808768e-01
8.728516498316501782e+00 9.201327789169262417e-01
8.778516498316498939e+00 9.881276033373069811e-01
8.828516498316503203e+00 9.795085410868360487e-01
8.878516498316500360e+00 9.655903516749648752e-01
8.928516498316497518e+00 9.497568150963220379e-01
8.978516498316501782e+00 9.801469901424265663e-01
9.028516498316498939e+00 1.010664854999649087e+00
9.078516498316503203e+00 1.030456775722952356e+00
9.128516498316500360e+00 1.005812642177161820e+00
9.178516498316497518e+00 9.599081550802099905e-01
9.228516498316501782e+00 9.977043391711633014e-01
9.278516498316498939e+00 1.016602431216640179e+00
9.328516498316503203e+00 1.063656126613654829e+00
9.378516498316500360e+00 1.034862074206526428e+00
9.428516498316497518e+00 1.055037064363184118e+00
9.478516498316501782e+00 9.554390116910770336e-01
9.528516498316498939e+00 1.044821879473736947e+00
9.578516498316503203e+00 1.062953832652505204e+00
9.628516498316500360e+00 1.021837713472481646e+00
9.678516498316497518e+00 1.070104462075118112e+00
9.728516498316501782e+00 1.072849793014156949e+00
9.778516498316498939e+00 1.064039196047008806e+00
9.828516498316503203e+00 1.056760876813278127e+00
9.878516498316500360e+00 1.043034222118083942e+00
9.928516498316497518e+00 1.057207791152191323e+00
9.978516498316501782e+00 1.034479004773172006e+00
1.002851649831649894e+01 1.084214186203666719e+00
1.007851649831650320e+01 1.054143235685357283e+00
1.012851649831650036e+01 1.068444494530582878e+00
1.017851649831649752e+01 1.166510269469272831e+00
1.022851649831650178e+01 1.023880750450370858e+00
1.027851649831649894e+01 1.125457995194808269e+00
1.032851649831650320e+01 1.053887856063121076e+00
1.037851649831650036e+01 1.071828274525212121e+00
1.042851649831649752e+01 1.090598676759570784e+00
1.047851649831650178e+01 1.049801782107342207e+00
1.052851649831649894e+01 1.078915059042265812e+00
1.057851649831650320e+01 1.035628213073234827e+00
1.062851649831650036e+01 1.084980325070375118e+00
1.067851649831649752e+01 1.015836292349931558e+00
1.072851649831650178e+01 9.556305464077540224e-01
1.077851649831649894e+01 9.966189757766596991e-01
1.082851649831650320e+01 9.795085410868360487e-01
1.087851649831650036e+01 1.028988342895094554e+00
1.092851649831649752e+01 1.029882171572920946e+00
1.097851649831650178e+01 9.507144886797078698e-01
1.102851649831649894e+01 1.007217230099460625e+00
1.107851649831650320e+01 1.006961850477224640e+00
1.112851649831650036e+01 9.394139403957573187e-01
1.117851649831649752e+01 1.013154806316451717e+00
1.122851649831650178e+01 9.845522886260005269e-01
1.127851649831649894e+01 9.942567142709751726e-01
1.132851649831650320e+01 9.311779475786408078e-01
1.137851649831650036e+01 9.339871234232386410e-01
1.142851649831649752e+01 9.742732588309945818e-01
1.147851649831650178e+01 9.476499332128738295e-01
1.152851649831649894e+01 9.537151992409829138e-01
1.157851649831650320e+01 9.106837328941879139e-01
1.162851649831650036e+01 9.901067954096371970e-01
1.167851649831649752e+01 9.530767501853925072e-01
1.172851649831650178e+01 9.457345860461024989e-01
1.177851649831649894e+01 9.759970712810888127e-01
1.182851649831650320e+01 9.643134535637840621e-01
1.187851649831650036e+01 9.537151992409829138e-01
1.192851649831649752e+01 9.498845049074402525e-01
1.197851649831650178e+01 9.378178177567810803e-01
1.202851649831649894e+01 9.919582976708496425e-01
1.207851649831650320e+01 9.383285770012533833e-01
1.212851649831650036e+01 9.110668023275421135e-01
1.217851649831649752e+01 9.656541965805237604e-01
1.222851649831650178e+01 9.529490603742742927e-01
1.227851649831649894e+01 9.689102867640351224e-01
1.232851649831650320e+01 9.963635961544234920e-01
1.237851649831650036e+01 9.788062471256866459e-01
1.242851649831649752e+01 1.021071574605773025e+00
1.247851649831650178e+01 9.948951633265654682e-01
1.252851649831649894e+01 9.398608547346704034e-01
1.257851649831650320e+01 9.788062471256866459e-01
1.262851649831650036e+01 9.997473761490527355e-01
1.267851649831649752e+01 9.706979441196883496e-01
1.272851649831650178e+01 1.002109637654737373e+00
1.277851649831649894e+01 9.706979441196883496e-01
1.282851649831650320e+01 1.006961850477224640e+00
1.287851649831650036e+01 9.977043391711633014e-01
1.292851649831649752e+01 1.064166885858127021e+00
1.297851649831650178e+01 1.018453933477852180e+00
1.302851649831649894e+01 9.748478629810258811e-01
1.307851649831650320e+01 1.049291022862870015e+00
1.312851649831650036e+01 1.056760876813278127e+00
1.317851649831649752e+01 1.002620396899209787e+00
1.322851649831650178e+01 1.017560104800025789e+00
1.327851649831649894e+01 1.000385825204643364e+00
1.332851649831650320e+01 1.013282496127569932e+00
1.337851649831650036e+01 9.955974572877148709e-01
1.342851649831649752e+01 9.767632101477973228e-01
1.347851649831650178e+01 9.786785573145685424e-01
1.352851649831649894e+01 1.025604562900465089e+00
1.357851649831650320e+01 1.013282496127569932e+00
1.362851649831650036e+01 1.008366438399523446e+00
1.367851649831649752e+01 1.015580912727695573e+00
1.372851649831650178e+01 1.006387246327193452e+00
1.377851649831649894e+01 9.857653418316223437e-01
1.382851649831650320e+01 9.860207214538585507e-01
1.387851649831650036e+01 9.980874086045176119e-01
1.392851649831649752e+01 1.024136130072607065e+00
1.397851649831650178e+01 1.018645468194529391e+00
1.402851649831649894e+01 1.004471899160422010e+00
1.407851649831650320e+01 9.683356826140037121e-01
1.412851649831650036e+01 1.005110348216012417e+00
1.417851649831649752e+01 1.004599588971540003e+00
1.422851649831650178e+01 1.004663433877098999e+00
1.427851649831649894e+01 1.012516357260861533e+00
1.432851649831650320e+01 9.677610784639721908e-01
1.437851649831650036e+01 1.010792544810767080e+00
1.442851649831649752e+01 1.011367148960798490e+00
1.447851649831650178e+01 9.319440864453493178e-01
1.452851649831649894e+01 9.651434373360514574e-01
1.457851649831650320e+01 1.002939621427004990e+00
1.462851649831650036e+01 1.017368570083348578e+00
1.467851649831649752e+01 9.735071199642862938e-01
1.472851649831650178e+01 1.061740779446883387e+00
1.477851649831649894e+01 1.016410896499962746e+00
1.482851649831650320e+01 1.010537165188531095e+00
1.487851649831650036e+01 9.693572011029483182e-01
1.492851649831649752e+01 1.007089540288342633e+00
1.497851649831650178e+01 1.032691347417518779e+00
1.502851649831649894e+01 9.163659294889426876e-01
1.507851649831650320e+01 9.445215328404805710e-01
1.512851649831650036e+01 9.564605301800217507e-01
1.517851649831649752e+01 9.125990800609593556e-01
1.522851649831650178e+01 1.031414449306337966e+00
1.527851649831649894e+01 1.013474030844247142e+00
1.532851649831650320e+01 9.962359063433054995e-01
1.537851649831650036e+01 1.018900847816765598e+00
1.542851649831649752e+01 9.611850531913906925e-01
1.547851649831650178e+01 1.021646178755804435e+00
1.552851649831649894e+01 9.980874086045176119e-01
1.557851649831650320e+01 9.284964615451608561e-01
1.562851649831650036e+01 1.009387956888468274e+00
1.567851649831649752e+01 1.019603141777915223e+00
1.572851649831650178e+01 1.009515646699586267e+00
1.577851649831649894e+01 9.864676357927717465e-01
1.582851649831650320e+01 9.834030803259379283e-01
1.587851649831650036e+01 9.761886059977659125e-01
1.592851649831649752e+01 9.401800792624658287e-01
1.597851649831650178e+01 1.017368570083348578e+00
1.602851649831649894e+01 9.569712894244940538e-01
1.607851649831650320e+01 1.001726568221383173e+00
1.612851649831650036e+01 9.404993037902610320e-01
1.617851649831649752e+01 1.002684241804768783e+00
1.622851649831650178e+01 9.925329018208808307e-01
1.627851649831649894e+01 9.619511920580993136e-01
1.632851649831650320e+01 1.016219361783285757e+00
1.637851649831650036e+01 1.025285338372669885e+00
1.642851649831649752e+01 1.001343498788028974e+00
1.647851649831650178e+01 9.785508675034505499e-01
1.652851649831649894e+01 9.874891542817165746e-01
1.657851649831650320e+01 1.044758034568178173e+00
1.662851649831650036e+01 1.024199974978166283e+00
1.667851649831649752e+01 1.014750928955427733e+00
1.672851649831650178e+01 9.930436610653532448e-01
1.677851649831649894e+01 1.037671250051124483e+00
1.682851649831650320e+01 9.906175546541096111e-01
1.687851649831650036e+01 9.669949395972636808e-01
1.692851649831649752e+01 1.044566499851500740e+00
1.697851649831650178e+01 9.755501569421755059e-01
1.702851649831649894e+01 1.017815484422261996e+00
1.707851649831650320e+01 1.004535744065981007e+00
1.712851649831650036e+01 9.636750045081934335e-01
1.717851649831649752e+01 9.680803029917675051e-01
1.722851649831650178e+01 9.551197871632817193e-01
1.727851649831649894e+01 1.025413028183787878e+00
1.732851649831650320e+01 1.003769605199272386e+00
1.737851649831650036e+01 9.731878954364908685e-01
1.742851649831649752e+01 1.026881461011645902e+00
1.747851649831650178e+01 9.837861497592920168e-01
1.752851649831649894e+01 9.838499946648510130e-01
1.757851649831650320e+01 9.873614644705984711e-01
1.762851649831650036e+01 9.953420776654787749e-01
1.767851649831649752e+01 1.016985500649994378e+00
1.772851649831650178e+01 1.064039196047008806e+00
1.777851649831649894e+01 1.020688505172418825e+00
1.782851649831650320e+01 1.001662723315823955e+00
1.787851649831650036e+01 1.059123138318962765e+00
1.792851649831649752e+01 1.007281075005019844e+00
1.797851649831650178e+01 9.738901893976403823e-01
1.802851649831649894e+01 1.049354867768428790e+00
1.807851649831650320e+01 1.040863495329076516e+00
1.812851649831650036e+01 9.670587845028227880e-01
1.817851649831649752e+01 1.024008440261489294e+00
1.822851649831650178e+01 1.048333349279484406e+00
1.827851649831649894e+01 1.009579491605145485e+00
1.832851649831650320e+01 9.536513543354239175e-01
1.837851649831650036e+01 1.057016256435514112e+00
1.842851649831649752e+01 1.064358420574804232e+00
1.847851649831650178e+01 1.032882882134195990e+00
1.852851649831649894e+01 1.046098777584917983e+00
1.857851649831650320e+01 9.886383625817793952e-01
1.862851649831650036e+01 9.770824346755924150e-01
1.867851649831649752e+01 9.756140018477345022e-01
1.872851649831650178e+01 1.009515646699586267e+00
1.877851649831649894e+01 1.023880750450370858e+00
1.882851649831650320e+01 1.037798939862242253e+00
1.887851649831650036e+01 1.006068021799398027e+00
1.892851649831649752e+01 1.045715708151563783e+00
1.897851649831650178e+01 9.615042777191861179e-01
1.902851649831649894e+01 9.728048260031365579e-01
1.907851649831650320e+01 9.623342614914536242e-01
1.912851649831650036e+01 9.887660523928973877e-01
1.917851649831649752e+01 9.491183660407318534e-01
1.922851649831650178e+01 9.922775221986447347e-01
1.927851649831649894e+01 9.538428890521010173e-01
1.932851649831650320e+01 9.857653418316223437e-01
1.937851649831650036e+01 9.615681226247451141e-01
1.942851649831649752e+01 9.775931939200649401e-01
1.947851649831650178e+01 9.931713508764712373e-01
1.952851649831649894e+01 1.010409475377412880e+00
1.957851649831650320e+01 9.625896411136898312e-01
1.962851649831650036e+01 9.954697674765968785e-01
1.967851649831649752e+01 9.879999135261887666e-01
1.972851649831650178e+01 9.490545211351726351e-01
1.977851649831649894e+01 9.741455690198764783e-01
1.982851649831650320e+01 1.010154095755176673e+00
1.987851649831650036e+01 9.892768116373696907e-01
1.992851649831649752e+01 1.042140393440257107e+00
1.997851649831650178e+01 9.774016592033878403e-01
2.002851649831649894e+01 1.022156938000276849e+00
2.007851649831650320e+01 9.940013346487388546e-01
2.012851649831650036e+01 1.022348472716954060e+00
2.017851649831649752e+01 1.020624660266859829e+00
2.022851649831650178e+01 9.846161335315596341e-01
2.027851649831649894e+01 9.927882814431170377e-01
2.032851649831650320e+01 9.554390116910770336e-01
2.037851649831650036e+01 1.007089540288342633e+00
2.042851649831650462e+01 9.931075059709122410e-01
2.047851649831650178e+01 9.935544203098255478e-01
2.052851649831649894e+01 9.978958738878405121e-01
2.057851649831649610e+01 1.024455354600402268e+00
2.062851649831650036e+01 9.854461173038271404e-01
2.067851649831650462e+01 1.033904400623140818e+00
2.072851649831650178e+01 1.030776000250747781e+00
2.077851649831649894e+01 1.035181298734321409e+00
2.082851649831649610e+01 9.450322920849529851e-01
2.087851649831650036e+01 1.000513515015761357e+00
2.092851649831650462e+01 1.033138261756432197e+00
2.097851649831650178e+01 1.006961850477224640e+00
2.102851649831649894e+01 1.010473320282972098e+00
2.107851649831649610e+01 9.625896411136898312e-01
2.112851649831650036e+01 1.049482557579547226e+00
2.117851649831650462e+01 9.533959747131875995e-01
2.122851649831650178e+01 9.029584993215435951e-01
2.127851649831649894e+01 9.896598810707240013e-01
2.132851649831649610e+01 1.015836292349931558e+00
2.137851649831650036e+01 1.006004176893839031e+00
2.142851649831650462e+01 9.924052120097628382e-01
2.147851649831650178e+01 1.035181298734321409e+00
2.152851649831649894e+01 9.987897025656671257e-01
2.157851649831649610e+01 1.042076548534698111e+00
2.162851649831650036e+01 1.025157648561551893e+00
2.167851649831650462e+01 1.029179877611771543e+00
2.172851649831650178e+01 1.059506207752316964e+00
2.177851649831649894e+01 1.041246564762430715e+00
2.182851649831649610e+01 1.058484689263372136e+00
2.187851649831650036e+01 1.047056451168303592e+00
2.192851649831650462e+01 1.036138972317707019e+00
2.197851649831650178e+01 1.030265241006275145e+00
2.202851649831649894e+01 1.003067311238122983e+00
2.207851649831649610e+01 1.038437388917832660e+00
2.212851649831650036e+01 1.030712155345188563e+00
2.217851649831650462e+01 1.007025695382783637e+00
2.222851649831650178e+01 1.088938709215035772e+00
2.227851649831649894e+01 9.977681840767225196e-01
2.232851649831649610e+01 1.006259556516075238e+00
2.237851649831650036e+01 9.773378142978286220e-01
2.242851649831650462e+01 9.570351343300531610e-01
2.247851649831650178e+01 9.904260199374325113e-01
2.252851649831649894e+01 9.340509683287976372e-01
2.257851649831649610e+01 9.601635347024461975e-01
2.262851649831650036e+01 1.014495549333191748e+00
2.267851649831650462e+01 9.739540343031994896e-01
2.272851649831650178e+01 9.717194626086329556e-01
2.277851649831649894e+01 9.707617890252472348e-01
2.282851649831649610e+01 1.009579491605145485e+00
2.287851649831650036e+01 9.420954264292369373e-01
2.292851649831650462e+01 9.072999528995585594e-01
2.297851649831650178e+01 9.125990800609593556e-01
2.302851649831649894e+01 9.140675128888171574e-01
2.307851649831649610e+01 9.208350728780757555e-01
2.312851649831650036e+01 9.881276033373069811e-01
2.317851649831650462e+01 9.758693814699705982e-01
2.322851649831650178e+01 8.980424415934974425e-01
2.327851649831649894e+01 9.231973343837602819e-01
2.332851649831649610e+01 8.784420555868711622e-01
2.337851649831650036e+01 9.854461173038271404e-01
2.342851649831650462e+01 9.873614644705984711e-01
2.347851649831650178e+01 9.173874479778874047e-01
2.352851649831649894e+01 9.952782327599197787e-01
2.357851649831649610e+01 9.651434373360514574e-01
2.362851649831650036e+01 9.263895796617125367e-01
2.367851649831650462e+01 9.690379765751531149e-01
2.372851649831650178e+01 9.923413671042037310e-01
2.377851649831649894e+01 9.739540343031994896e-01
2.382851649831649610e+01 9.713363931752785341e-01
2.387851649831650036e+01 9.430531000126227692e-01
2.392851649831650462e+01 9.334763641787662269e-01
2.397851649831650178e+01 9.463091901961339092e-01
2.402851649831649894e+01 1.008302593493964672e+00
2.407851649831649610e+01 9.660372660138780709e-01
2.412851649831650036e+01 9.937459550265026476e-01
2.417851649831650462e+01 1.027647599878354523e+00
2.422851649831650178e+01 1.000449670110202138e+00
2.427851649831649894e+01 1.099473118632277702e+00
2.432851649831649610e+01 1.049546402485106222e+00
2.437851649831650036e+01 9.758693814699705982e-01
2.442851649831650462e+01 1.081596545075745652e+00
2.447851649831650178e+01 1.004344209349304018e+00
2.452851649831649894e+01 1.035755902884353041e+00
2.457851649831649610e+01 1.007281075005019844e+00
2.462851649831650036e+01 1.032563657606400787e+00
2.467851649831650462e+01 1.043034222118083942e+00
2.472851649831650178e+01 9.870422399428031568e-01
2.477851649831649894e+01 1.055164754174302111e+00
2.482851649831649610e+01 1.008749507832877645e+00
2.487851649831650036e+01 1.042076548534698111e+00
2.492851649831650462e+01 1.035117453828762635e+00
2.497851649831650178e+01 1.034862074206526428e+00
2.502851649831649894e+01 1.068636029247259867e+00
2.507851649831649610e+01 1.075467434142077794e+00
2.512851649831650036e+01 1.011686373488593693e+00
2.517851649831650462e+01 1.023178456489221677e+00
2.522851649831650178e+01 1.083128822809162894e+00
2.527851649831649894e+01 1.048014124751689202e+00
2.532851649831649610e+01 1.074190536030896981e+00
2.537851649831650036e+01 9.849353580593547264e-01
2.542851649831650462e+01 9.814238882536073794e-01
2.547851649831650178e+01 1.021646178755804435e+00
2.552851649831649894e+01 9.688464418584759041e-01
2.557851649831649610e+01 9.727409810975777837e-01
2.562851649831650036e+01 1.009962561038499684e+00
2.567851649831650462e+01 9.602912245135643010e-01
2.572851649831650178e+01 9.615681226247451141e-01
2.577851649831649894e+01 1.001535033504705963e+00
2.582851649831649610e+01 1.004982658404894202e+00
2.587851649831650036e+01 9.804023697646628843e-01
2.592851649831650462e+01 9.201327789169262417e-01
2.597851649831650178e+01 8.560324937356471597e-01
2.602851649831649894e+01 8.972763027267889324e-01
2.607851649831649610e+01 9.171959132612101939e-01
2.612851649831650036e+01 8.636300374971733751e-01
2.617851649831650462e+01 9.152805660944390853e-01
2.622851649831650178e+01 8.352828994289582809e-01
2.627851649831649894e+01 9.205158483502806632e-01
2.632851649831649610e+01 9.219204362725794688e-01
2.637851649831650036e+01 9.240911630615868955e-01
2.642851649831650462e+01 9.229419547615241859e-01
2.647851649831650178e+01 9.339232785176796448e-01
2.652851649831649894e+01 9.220481260836975723e-01
2.657851649831649610e+01 9.199412442002491419e-01
2.662851649831650036e+01 9.432446347292998690e-01
2.667851649831650462e+01 8.963824740489623188e-01
2.672851649831650178e+01 9.371793687011907847e-01
2.677851649831649894e+01 9.385839566234897013e-01
2.682851649831650320e+01 9.940651795542980729e-01
2.687851649831650036e+01 9.160467049611475954e-01
2.692851649831650462e+01 9.533959747131875995e-01
2.697851649831650178e+01 9.687187520473579116e-01
2.702851649831649894e+01 1.003067311238122983e+00
2.707851649831650320e+01 1.050376386257373618e+00
2.712851649831650036e+01 1.019539296872356005e+00
2.717851649831650462e+01 9.906813995596687183e-01
2.722851649831650178e+01 9.722940667586643659e-01
2.727851649831649894e+01 1.043928050795910334e+00
2.732851649831650320e+01 1.024774579128197693e+00
2.737851649831650036e+01 1.044694189662618955e+00
2.742851649831650462e+01 1.058037774924458940e+00
2.747851649831650178e+01 1.024710734222638475e+00
2.752851649831649894e+01 1.062506918313591786e+00
2.757851649831650320e+01 1.087087206953823326e+00
2.762851649831650036e+01 1.045460328529327576e+00
2.767851649831650462e+01 1.020433125550182618e+00
2.772851649831650178e+01 1.081468855264627882e+00
2.777851649831649894e+01 1.068572184341701092e+00
2.782851649831650320e+01 1.086257223181555931e+00
2.787851649831650036e+01 1.052355578329704056e+00
2.792851649831650462e+01 1.060080811902348374e+00
2.797851649831650178e+01 1.096536252976561654e+00
2.802851649831649894e+01 1.048971798335074812e+00
2.807851649831650320e+01 1.079361973381179229e+00
2.812851649831650036e+01 1.081085785831273238e+00
2.817851649831650462e+01 1.052355578329704056e+00
2.822851649831650178e+01 1.079425818286738448e+00
2.827851649831649894e+01 1.022603852339190267e+00
2.832851649831650320e+01 1.019220072344560801e+00
2.837851649831650036e+01 1.044438810040382748e+00
2.842851649831650462e+01 1.019475451966797008e+00
2.847851649831650178e+01 9.701871848752158245e-01
2.852851649831649894e+01 9.797639207090723668e-01
2.857851649831650320e+01 1.013665565560924131e+00
2.862851649831650036e+01 9.880637584317479849e-01
2.867851649831650462e+01 1.032244433078605805e+00
2.872851649831650178e+01 9.684633724251217046e-01
2.877851649831649894e+01 9.783593327867734502e-01
2.882851649831650320e+01 9.867868603205670608e-01
2.887851649831650036e+01 9.055122955439055543e-01
2.892851649831650462e+01 9.823177169314339929e-01
2.897851649831650178e+01 9.994281516212575323e-01
2.902851649831649894e+01 9.958528369099510780e-01
2.907851649831650320e+01 9.622065716803354096e-01
2.912851649831650036e+01 9.868507052261260570e-01
2.917851649831650462e+01 9.466922596294881087e-01
2.922851649831650178e+01 9.975766493600453089e-01
2.927851649831649894e+01 1.034989764017644420e+00
2.932851649831650320e+01 9.562051505577855437e-01
2.937851649831650036e+01 9.720386871364281589e-01
2.942851649831650462e+01 9.781677980700963504e-01
2.947851649831650178e+01 9.292626004118693661e-01
2.952851649831649894e+01 9.968105104933367988e-01
2.957851649831650320e+01 9.369239890789546887e-01
2.962851649831650036e+01 8.958717148044899048e-01
2.967851649831650462e+01 8.931263838654511789e-01
2.972851649831650178e+01 9.242188528727048880e-01
2.977851649831649894e+01 9.231334894782012856e-01
2.982851649831650320e+01 9.164297743945016839e-01
2.987851649831650036e+01 8.709722016364630504e-01
2.992851649831650462e+01 8.780589861535170737e-01
2.997851649831650178e+01 8.710360465420223797e-01
3.002851649831649894e+01 8.801658680369655041e-01
3.007851649831650320e+01 8.669499725862435113e-01
3.012851649831650036e+01 8.605654820303392238e-01
3.017851649831650462e+01 8.773566921923675599e-01
3.022851649831650178e+01 8.501587624242152863e-01
3.027851649831649894e+01 8.610123963692526416e-01
3.032851649831650320e+01 8.669499725862435113e-01
3.037851649831650036e+01 8.968293883878755146e-01
3.042851649831650462e+01 9.005962378158591797e-01
3.047851649831650178e+01 8.894872242485856173e-01
3.052851649831649894e+01 9.311779475786408078e-01
3.057851649831650320e+01 9.271557185284209357e-01
3.062851649831650036e+01 9.593973958357376874e-01
3.067851649831650462e+01 9.630365554526031380e-01
3.072851649831650178e+01 9.549282524466047306e-01
3.077851649831649894e+01 1.050759455690728261e+00
3.082851649831650320e+01 1.062123848880237809e+00
3.087851649831650036e+01 1.077191246592171803e+00
3.092851649831650462e+01 1.089641003176185174e+00
3.097851649831650178e+01 1.132736314428539171e+00
3.102851649831649894e+01 1.156103549863148672e+00
3.107851649831650320e+01 1.176406229830924355e+00
3.112851649831650036e+01 1.255382378007460442e+00
3.117851649831650462e+01 1.252637047068421605e+00
3.122851649831650178e+01 1.247848679151493334e+00
3.127851649831649894e+01 1.284751034564620475e+00
3.132851649831650320e+01 1.323504892238959174e+00
3.137851649831650036e+01 1.271088224774985065e+00
3.142851649831650462e+01 1.325867153744644034e+00
3.147851649831650178e+01 1.279515752308778787e+00
3.152851649831649894e+01 1.313225862443953673e+00
3.157851649831650320e+01 1.310352841693796178e+00
3.162851649831650036e+01 1.243443380667919484e+00
3.167851649831650462e+01 1.308884408865938376e+00
3.172851649831650178e+01 1.286347157203596492e+00
3.177851649831649894e+01 1.251232459146122356e+00
3.182851649831650320e+01 1.269109032702655071e+00
3.187851649831650036e+01 1.195942770931991639e+00
3.192851649831650462e+01 1.169383290219429883e+00
3.197851649831650178e+01 1.116008949172069942e+00
3.202851649831649894e+01 1.107836801260512427e+00
3.207851649831650320e+01 1.023114611583662459e+00
3.212851649831650036e+01 1.076042038292108982e+00
3.217851649831650462e+01 8.993831846102373628e-01
3.222851649831650178e+01 8.547555956244662356e-01
3.227851649831649894e+01 8.183001545502528451e-01
3.232851649831650320e+01 7.606482048304370469e-01
3.237851649831650036e+01 7.204259143282399913e-01
3.242851649831650462e+01 7.215112777227439267e-01
3.247851649831650178e+01 6.291915442843677431e-01
3.252851649831649894e+01 5.640058957085849478e-01
3.257851649831650320e+01 5.912038254767372214e-01
3.262851649831650036e+01 5.894161681210839943e-01
3.267851649831650462e+01 5.514922942190125799e-01
3.272851649831650178e+01 5.419155583851560376e-01
3.277851649831649894e+01 5.856493186931004402e-01
3.282851649831650320e+01 5.576214051526806603e-01
3.287851649831650036e+01 6.214663107117235352e-01
3.292851649831650462e+01 6.284892503232184513e-01
3.297851649831650178e+01 7.229158656450427323e-01
3.302851649831649894e+01 7.240650739451054418e-01
3.307851649831650320e+01 7.246396780951368521e-01
3.312851649831650036e+01 7.953159885489974323e-01
3.317851649831650462e+01 8.333037073566279540e-01
3.322851649831650178e+01 7.741194799033951357e-01
3.327851649831649894e+01 8.548194405300255649e-01
3.332851649831650320e+01 8.732706182365888026e-01
3.337851649831650036e+01 8.892956895319084065e-01
3.342851649831650462e+01 8.912748816042388444e-01
3.347851649831650178e+01 9.293902902229875806e-01
3.352851649831649894e+01 9.886383625817793952e-01
3.357851649831650320e+01 1.027200685539441327e+00
3.362851649831650036e+01 1.059761587374552949e+00
3.367851649831650462e+01 1.045013414190413936e+00
3.372851649831650178e+01 1.069976772263999898e+00
3.377851649831649894e+01 1.101707690326844347e+00
3.382851649831650320e+01 1.139950788756711075e+00
3.387851649831650036e+01 1.202518796204572915e+00
3.392851649831650462e+01 1.295285443981862183e+00
3.397851649831650178e+01 1.342594519001112818e+00
3.402851649831649894e+01 1.609593914049030516e+00
3.407851649831650320e+01 1.769653092285551121e+00
3.412851649831650036e+01 1.937565193905833816e+00
3.417851649831650462e+01 2.185347272380479655e+00
3.422851649831650178e+01 2.322486129521303067e+00
3.427851649831649894e+01 2.148955676211825150e+00
3.432851649831650320e+01 2.117543982676775904e+00
3.437851649831650036e+01 1.988449583636391127e+00
3.442851649831650462e+01 1.678482567147237869e+00
3.447851649831650178e+01 1.475774991997276464e+00
3.452851649831649894e+01 1.191090558109504149e+00
3.457851649831650320e+01 8.631831231582600683e-01
3.462851649831650036e+01 6.717760962922493251e-01
3.467851649831650462e+01 4.853489720598441748e-01
3.472851649831650178e+01 4.087989302945517212e-01
3.477851649831649894e+01 3.093285674335628510e-01
3.482851649831650320e+01 2.844290542655361076e-01
3.487851649831650036e+01 2.812368089875839638e-01
3.492851649831650462e+01 2.782360984263089754e-01
3.497851649831650178e+01 2.744054040927663696e-01
3.502851649831649894e+01 2.847482787933313664e-01
3.507851649831650320e+01 2.904943202936451918e-01
3.512851649831650036e+01 2.856421074711579244e-01
3.517851649831650462e+01 2.821306376654105774e-01
3.522851649831650178e+01 2.661055663700908069e-01
3.527851649831649894e+01 2.523150667693375149e-01
3.532851649831650320e+01 2.500166501692120402e-01
3.537851649831650036e+01 3.007733500886510813e-01
3.542851649831650462e+01 4.457012857076784185e-01
3.547851649831650178e+01 8.125541130499389642e-01
3.552851649831649894e+01 1.403630248715558082e+00
3.557851649831650320e+01 2.249511402467317733e+00
3.562851649831650036e+01 3.342280806015895944e+00
3.567851649831650462e+01 4.460715861599210186e+00
3.572851649831650178e+01 5.412771093295657643e+00
3.577851649831649894e+01 5.614584839767791102e+00
3.582851649831650320e+01 5.405301239345249087e+00
3.587851649831650036e+01 4.489126844572982833e+00
3.592851649831650462e+01 3.301611601174784916e+00
3.597851649831650178e+01 2.368582151334932107e+00
3.602851649831649894e+01 1.401012607587637460e+00
3.607851649831650320e+01 8.417950797959805609e-01
3.612851649831650036e+01 4.012013865330256168e-01
3.617851649831650462e+01 2.092836004225426261e-01
3.622851649831650178e+01 1.144739156673639235e-01
3.627851649831649894e+01 7.418778025960785782e-02
3.632851649831650320e+01 3.939230672992947296e-02
3.637851649831650036e+01 2.215418222898788564e-02
3.642851649831650462e+01 1.244975658401336650e-02
3.647851649831650178e+01 1.021518488944686207e-02
3.652851649831649894e+01 7.916768289321319749e-03
3.657851649831650320e+01 6.703715083699504640e-03
3.662851649831650036e+01 6.767559989258547723e-03
3.667851649831650462e+01 6.129110933668116892e-03
3.672851649831650178e+01 5.746041500313860996e-03
3.677851649831649894e+01 7.533698855967062985e-03
3.682851649831650320e+01 7.469853950408018167e-03
3.687851649831650036e+01 8.427527533793662678e-03
3.692851649831650462e+01 1.066209922836016365e-02
3.697851649831650178e+01 1.417356903410752281e-02
3.702851649831649894e+01 1.296051582848570943e-02
3.707851649831650320e+01 8.810596967147919442e-03
3.712851649831650036e+01 7.469853950408018167e-03
3.717851649831650462e+01 7.597543761526105201e-03
3.722851649831650178e+01 6.959094705935675237e-03
3.727851649831649894e+01 5.171437350282475851e-03
3.732851649831650320e+01 3.766849427983531493e-03
3.737851649831650036e+01 3.383779994629273861e-03
3.742851649831650462e+01 2.106881883448415670e-03
3.747851649831650178e+01 2.298416600125544485e-03
3.752851649831649894e+01 1.149208300062772243e-03
3.757851649831650320e+01 6.384490555904288791e-04
3.762851649831650036e+01 3.192245277952144395e-04
3.767851649831650462e+01 3.192245277952144395e-04
3.772851649831650178e+01 3.830694333542573058e-04
3.777851649831649894e+01 0.000000000000000000e+00
3.782851649831650320e+01 6.384490555904289333e-05
3.787851649831650036e+01 0.000000000000000000e+00
3.792851649831650462e+01 0.000000000000000000e+00
3.797851649831650178e+01 0.000000000000000000e+00
3.802851649831649894e+01 0.000000000000000000e+00
3.807851649831650320e+01 0.000000000000000000e+00
3.812851649831650036e+01 0.000000000000000000e+00
3.817851649831650462e+01 0.000000000000000000e+00
3.822851649831650178e+01 0.000000000000000000e+00
3.827851649831649894e+01 0.000000000000000000e+00
3.832851649831650320e+01 0.000000000000000000e+00
