-1.266174460553944847e+01 1.076716825687997462e-04
-1.261174460553944954e+01 3.768508889907991322e-04
-1.256174460553944883e+01 2.153433651375994925e-04
-1.251174460553944812e+01 2.960971270641993259e-04
-1.246174460553944918e+01 2.422612857797993918e-04
-1.241174460553944847e+01 2.153433651375994925e-04
-1.236174460553944954e+01 2.960971270641993259e-04
-1.231174460553944883e+01 5.114404922017986828e-04
-1.226174460553944812e+01 4.576046509173989927e-04
-1.221174460553944918e+01 5.114404922017986828e-04
-1.216174460553944847e+01 4.845225715595987835e-04
-1.211174460553944954e+01 1.615075238531996126e-04
-1.206174460553944883e+01 8.075376192659980629e-05
-1.201174460553944812e+01 0.000000000000000000e+00
-1.196174460553944918e+01 5.383584128439987312e-05
-1.191174460553944847e+01 5.383584128439987312e-05
-1.186174460553944954e+01 0.000000000000000000e+00
-1.181174460553944883e+01 2.691792064219993656e-05
-1.176174460553944812e+01 2.691792064219993656e-05
-1.171174460553944918e+01 0.000000000000000000e+00
-1.166174460553944847e+01 0.000000000000000000e+00
-1.161174460553944954e+01 0.000000000000000000e+00
-1.156174460553944883e+01 0.000000000000000000e+00
-1.151174460553944812e+01 0.000000000000000000e+00
-1.146174460553944918e+01 0.000000000000000000e+00
-1.141174460553944847e+01 0.000000000000000000e+00
-1.136174460553944954e+01 0.000000000000000000e+00
-1.131174460553944883e+01 0.000000000000000000e+00
-1.126174460553944812e+01 0.000000000000000000e+00
-1.121174460553944918e+01 0.000000000000000000e+00
-1.116174460553944847e+01 0.000000000000000000e+00
-1.111174460553944954e+01 0.000000000000000000e+00
-1.106174460553944883e+01 0.000000000000000000e+00
-1.101174460553944812e+01 0.000000000000000000e+00
-1.096174460553944918e+01 0.000000000000000000e+00
-1.091174460553944847e+01 0.000000000000000000e+00
-1.086174460553944954e+01 0.000000000000000000e+00
-1.081174460553944883e+01 0.000000000000000000e+00
-1.076174460553944812e+01 0.000000000000000000e+00
-1.071174460553944918e+01 0.000000000000000000e+00
-1.066174460553944847e+01 0.000000000000000000e+00
-1.061174460553944954e+01 0.000000000000000000e+00
-1.056174460553944883e+01 0.000000000000000000e+00
-1.051174460553944812e+01 0.000000000000000000e+00
-1.046174460553944918e+01 0.000000000000000000e+00
-1.041174460553944847e+01 0.000000000000000000e+00
-1.036174460553944954e+01 0.000000000000000000e+00
-1.031174460553944883e+01 0.000000000000000000e+00
-1.026174460553944812e+01 0.000000000000000000e+00
-1.021174460553944918e+01 0.000000000000000000e+00
-1.016174460553944847e+01 0.000000000000000000e+00
-1.011174460553944954e+01 0.000000000000000000e+00
-1.006174460553944883e+01 0.000000000000000000e+00
-1.001174460553944812e+01 0.000000000000000000e+00
-9.961744605539449182e+00 0.000000000000000000e+00
-9.911744605539448472e+00 0.000000000000000000e+00
-9.861744605539449537e+00 0.000000000000000000e+00
-9.811744605539448827e+00 0.000000000000000000e+00
-9.761744605539448116e+00 0.000000000000000000e+00
-9.711744605539449182e+00 0.000000000000000000e+00
-9.661744605539448472e+00 0.000000000000000000e+00
-9.611744605539449537e+00 0.000000000000000000e+00
-9.561744605539448827e+00 0.000000000000000000e+00
-9.511744605539448116e+00 0.000000000000000000e+00
-9.461744605539449182e+00 0.000000000000000000e+00
-9.411744605539448472e+00 0.000000000000000000e+00
-9.361744605539449537e+00 0.000000000000000000e+00
-9.311744605539448827e+00 0.000000000000000000e+00
-9.261744605539448116e+00 0.000000000000000000e+00
-9.211744605539449182e+00 0.000000000000000000e+00
-9.161744605539448472e+00 0.000000000000000000e+00
-9.111744605539449537e+00 0.000000000000000000e+00
-9.061744605539448827e+00 0.000000000000000000e+00
-9.011744605539448116e+00 0.000000000000000000e+00
-8.961744605539449182e+00 0.000000000000000000e+00
-8.911744605539448472e+00 0.000000000000000000e+00
-8.861744605539449537e+00 0.000000000000000000e+00
-8.811744605539448827e+00 0.000000000000000000e+00
-8.761744605539448116e+00 0.000000000000000000e+00
-8.711744605539449182e+00 0.000000000000000000e+00
-8.661744605539448472e+00 0.000000000000000000e+00
-8.611744605539449537e+00 0.000000000000000000e+00
-8.561744605539448827e+00 0.000000000000000000e+00
-8.511744605539448116e+00 0.000000000000000000e+00
-8.461744605539449182e+00 0.000000000000000000e+00
-8.411744605539448472e+00 0.000000000000000000e+00
-8.361744605539449537e+00 0.000000000000000000e+00
-8.311744605539448827e+00 0.000000000000000000e+00
-8.261744605539448116e+00 0.000000000000000000e+00
-8.211744605539449182e+00 0.000000000000000000e+00
-8.161744605539448472e+00 0.000000000000000000e+00
-8.111744605539449537e+00 0.000000000000000000e+00
-8.061744605539448827e+00 0.000000000000000000e+00
-8.011744605539448116e+00 0.000000000000000000e+00
-7.961744605539449182e+00 0.000000000000000000e+00
-7.911744605539448472e+00 0.000000000000000000e+00
-7.861744605539447761e+00 0.000000000000000000e+00
-7.811744605539448827e+00 0.000000000000000000e+00
-7.761744605539448116e+00 0.000000000000000000e+00
-7.711744605539449182e+00 0.000000000000000000e+00
-7.661744605539448472e+00 0.000000000000000000e+00
-7.611744605539447761e+00 0.000000000000000000e+00
-7.561744605539448827e+00 0.000000000000000000e+00
-7.511744605539448116e+00 0.000000000000000000e+00
-7.461744605539449182e+00 0.000000000000000000e+00
-7.411744605539448472e+00 0.000000000000000000e+00
-7.361744605539447761e+00 0.000000000000000000e+00
-7.311744605539448827e+00 0.000000000000000000e+00
-7.261744605539448116e+00 0.000000000000000000e+00
-7.211744605539449182e+00 0.000000000000000000e+00
-7.161744605539448472e+00 0.000000000000000000e+00
-7.111744605539447761e+00 0.000000000000000000e+00
-7.061744605539448827e+00 0.000000000000000000e+00
-7.011744605539448116e+00 0.000000000000000000e+00
-6.961744605539449182e+00 0.000000000000000000e+00
-6.911744605539448472e+00 0.000000000000000000e+00
-6.861744605539447761e+00 0.000000000000000000e+00
-6.811744605539448827e+00 0.000000000000000000e+00
-6.761744605539448116e+00 0.000000000000000000e+00
-6.711744605539449182e+00 0.000000000000000000e+00
-6.661744605539448472e+00 0.000000000000000000e+00
-6.611744605539447761e+00 0.000000000000000000e+00
-6.561744605539448827e+00 0.000000000000000000e+00
-6.511744605539448116e+00 0.000000000000000000e+00
-6.461744605539449182e+00 0.000000000000000000e+00
-6.411744605539448472e+00 0.000000000000000000e+00
-6.361744605539447761e+00 0.000000000000000000e+00
-6.311744605539448827e+00 0.000000000000000000e+00
-6.261744605539448116e+00 0.000000000000000000e+00
-6.211744605539449182e+00 0.000000000000000000e+00
-6.161744605539448472e+00 0.000000000000000000e+00
-6.111744605539447761e+00 0.000000000000000000e+00
-6.061744605539448827e+00 0.000000000000000000e+00
-6.011744605539448116e+00 0.000000000000000000e+00
-5.961744605539449182e+00 0.000000000000000000e+00
-5.911744605539448472e+00 0.000000000000000000e+00
-5.861744605539447761e+00 0.000000000000000000e+00
-5.811744605539448827e+00 0.000000000000000000e+00
-5.761744605539448116e+00 0.000000000000000000e+00
-5.711744605539449182e+00 0.000000000000000000e+00
-5.661744605539448472e+00 0.000000000000000000e+00
-5.611744605539447761e+00 0.000000000000000000e+00
-5.561744605539448827e+00 0.000000000000000000e+00
-5.511744605539448116e+00 0.000000000000000000e+00
-5.461744605539449182e+00 0.000000000000000000e+00
-5.411744605539448472e+00 0.000000000000000000e+00
-5.361744605539447761e+00 0.000000000000000000e+00
-5.311744605539448827e+00 0.000000000000000000e+00
-5.261744605539448116e+00 0.000000000000000000e+00
-5.211744605539449182e+00 0.000000000000000000e+00
-5.161744605539448472e+00 0.000000000000000000e+00
-5.111744605539447761e+00 0.000000000000000000e+00
-5.061744605539448827e+00 0.000000000000000000e+00
-5.011744605539448116e+00 0.000000000000000000e+00
-4.961744605539449182e+00 0.000000000000000000e+00
-4.911744605539448472e+00 0.000000000000000000e+00
-4.861744605539447761e+00 0.000000000000000000e+00
-4.811744605539448827e+00 0.000000000000000000e+00
-4.761744605539448116e+00 0.000000000000000000e+00
-4.711744605539449182e+00 0.000000000000000000e+00
-4.661744605539448472e+00 0.000000000000000000e+00
-4.611744605539449537e+00 0.000000000000000000e+00
-4.561744605539448827e+00 0.000000000000000000e+00
-4.511744605539448116e+00 0.000000000000000000e+00
-4.461744605539447406e+00 0.000000000000000000e+00
-4.411744605539448472e+00 0.000000000000000000e+00
-4.361744605539449537e+00 0.000000000000000000e+00
-4.311744605539448827e+00 0.000000000000000000e+00
-4.261744605539448116e+00 0.000000000000000000e+00
-4.211744605539447406e+00 0.000000000000000000e+00
-4.161744605539448472e+00 0.000000000000000000e+00
-4.111744605539449537e+00 0.000000000000000000e+00
-4.061744605539448827e+00 0.000000000000000000e+00
-4.011744605539448116e+00 0.000000000000000000e+00
-3.961744605539447406e+00 0.000000000000000000e+00
-3.911744605539448472e+00 0.000000000000000000e+00
-3.861744605539449537e+00 0.000000000000000000e+00
-3.811744605539448827e+00 0.000000000000000000e+00
-3.761744605539448116e+00 0.000000000000000000e+00
-3.711744605539447406e+00 0.000000000000000000e+00
-3.661744605539448472e+00 0.000000000000000000e+00
-3.611744605539449537e+00 0.000000000000000000e+00
-3.561744605539448827e+00 0.000000000000000000e+00
-3.511744605539448116e+00 0.000000000000000000e+00
-3.461744605539447406e+00 0.000000000000000000e+00
-3.411744605539448472e+00 0.000000000000000000e+00
-3.361744605539449537e+00 0.000000000000000000e+00
-3.311744605539448827e+00 0.000000000000000000e+00
-3.261744605539448116e+00 0.000000000000000000e+00
-3.211744605539447406e+00 0.000000000000000000e+00
-3.161744605539448472e+00 0.000000000000000000e+00
-3.111744605539447761e+00 0.000000000000000000e+00
-3.061744605539448827e+00 0.000000000000000000e+00
-3.011744605539448116e+00 0.000000000000000000e+00
-2.961744605539447406e+00 0.000000000000000000e+00
-2.911744605539448472e+00 0.000000000000000000e+00
-2.861744605539447761e+00 0.000000000000000000e+00
-2.811744605539448827e+00 0.000000000000000000e+00
-2.761744605539448116e+00 0.000000000000000000e+00
-2.711744605539447406e+00 0.000000000000000000e+00
-2.661744605539448472e+00 0.000000000000000000e+00
-2.611744605539447761e+00 0.000000000000000000e+00
-2.561744605539448827e+00 0.000000000000000000e+00
-2.511744605539448116e+00 0.000000000000000000e+00
-2.461744605539447406e+00 0.000000000000000000e+00
-2.411744605539448472e+00 0.000000000000000000e+00
-2.361744605539447761e+00 0.000000000000000000e+00
-2.311744605539448827e+00 0.000000000000000000e+00
-2.261744605539448116e+00 0.000000000000000000e+00
-2.211744605539447406e+00 0.000000000000000000e+00
-2.161744605539448472e+00 0.000000000000000000e+00
-2.111744605539447761e+00 0.000000000000000000e+00
-2.061744605539448827e+00 0.000000000000000000e+00
-2.011744605539448116e+00 0.000000000000000000e+00
-1.961744605539447406e+00 0.000000000000000000e+00
-1.911744605539448472e+00 0.000000000000000000e+00
-1.861744605539447761e+00 0.000000000000000000e+00
-1.811744605539448827e+00 0.000000000000000000e+00
-1.761744605539448116e+00 0.000000000000000000e+00
-1.711744605539447406e+00 0.000000000000000000e+00
-1.661744605539448472e+00 0.000000000000000000e+00
-1.611744605539447761e+00 0.000000000000000000e+00
-1.561744605539448827e+00 0.000000000000000000e+00
-1.511744605539448116e+00 0.000000000000000000e+00
-1.461744605539447406e+00 0.000000000000000000e+00
-1.411744605539448472e+00 0.000000000000000000e+00
-1.361744605539447761e+00 0.000000000000000000e+00
-1.311744605539448827e+00 0.000000000000000000e+00
-1.261744605539448116e+00 0.000000000000000000e+00
-1.211744605539447406e+00 0.000000000000000000e+00
-1.161744605539448472e+00 0.000000000000000000e+00
-1.111744605539447761e+00 0.000000000000000000e+00
-1.061744605539448827e+00 0.000000000000000000e+00
-1.011744605539448116e+00 0.000000000000000000e+00
-9.617446055394474058e-01 0.000000000000000000e+00
-9.117446055394484716e-01 0.000000000000000000e+00
-8.617446055394477611e-01 0.000000000000000000e+00
-8.117446055394488269e-01 0.000000000000000000e+00
-7.617446055394481164e-01 0.000000000000000000e+00
-7.117446055394474058e-01 0.000000000000000000e+00
-6.617446055394484716e-01 0.000000000000000000e+00
-6.117446055394477611e-01 0.000000000000000000e+00
-5.617446055394488269e-01 0.000000000000000000e+00
-5.117446055394481164e-01 0.000000000000000000e+00
-4.617446055394474058e-01 0.000000000000000000e+00
-4.117446055394484716e-01 0.000000000000000000e+00
-3.617446055394477611e-01 0.000000000000000000e+00
-3.117446055394488269e-01 0.000000000000000000e+00
-2.617446055394481164e-01 0.000000000000000000e+00
-2.117446055394474058e-01 0.000000000000000000e+00
-1.617446055394484716e-01 0.000000000000000000e+00
-1.117446055394477611e-01 0.000000000000000000e+00
-6.174460553944882690e-02 0.000000000000000000e+00
-1.174460553944811636e-02 0.000000000000000000e+00
3.825539446055259418e-02 0.000000000000000000e+00
8.825539446055152837e-02 0.000000000000000000e+00
1.382553944605522389e-01 0.000000000000000000e+00
1.882553944605511731e-01 0.000000000000000000e+00
2.382553944605518836e-01 0.000000000000000000e+00
2.882553944605525942e-01 0.000000000000000000e+00
3.382553944605515284e-01 0.000000000000000000e+00
3.882553944605522389e-01 0.000000000000000000e+00
4.382553944605511731e-01 0.000000000000000000e+00
4.882553944605518836e-01 2.691792064219993656e-05
5.382553944605525942e-01 0.000000000000000000e+00
5.882553944605515284e-01 5.383584128439987312e-05
6.382553944605522389e-01 2.153433651375994925e-04
6.882553944605511731e-01 4.845225715595987835e-04
7.382553944605518836e-01 1.022880984403597366e-03
7.882553944605525942e-01 2.745627905504393305e-03
8.382553944605515284e-01 5.545091652293186735e-03
8.882553944605522389e-01 1.119785498715517372e-02
9.382553944605511731e-01 2.258413541880574527e-02
9.882553944605518836e-01 4.191120243990529431e-02
1.038255394460552594e+00 7.146707930504081485e-02
1.088255394460551528e+00 1.322746620357704572e-01
1.138255394460552239e+00 2.172814554238378659e-01
1.188255394460551173e+00 4.006194129178616281e-01
1.238255394460551884e+00 6.407541829669273215e-01
1.288255394460552594e+00 1.135640153973773270e+00
1.338255394460551528e+00 1.791172275373268175e+00
1.388255394460552239e+00 2.689961645616324226e+00
1.438255394460551173e+00 3.587243612303416374e+00
1.488255394460551884e+00 4.574323762252888947e+00
1.538255394460552594e+00 4.999411565034510119e+00
1.588255394460551528e+00 5.076262228467990134e+00
1.638255394460552239e+00 4.744175841505169799e+00
1.688255394460551173e+00 3.879518394636423118e+00
1.738255394460551884e+00 2.963851488150708313e+00
1.788255394460552594e+00 2.099570892170952607e+00
1.838255394460551528e+00 1.311656437053118296e+00
1.888255394460552239e+00 7.892334332293021726e-01
1.938255394460551173e+00 4.636342651412516669e-01
1.988255394460551884e+00 2.418305990495242253e-01
2.038255394460552594e+00 1.309556839243026793e-01
2.088255394460551528e+00 9.286682621558976780e-02
2.138255394460552239e+00 7.397044592476542668e-02
2.188255394460551173e+00 7.553168532201301466e-02
2.238255394460551884e+00 8.942133237338818763e-02
2.288255394460552594e+00 1.066757195050383189e-01
2.338255394460551528e+00 1.400001052600818585e-01
2.388255394460552239e+00 1.733783268564098035e-01
2.438255394460551173e+00 1.832572037320971403e-01
2.488255394460551884e+00 1.986811722600776986e-01
2.538255394460552594e+00 1.929207372426469391e-01
2.588255394460551528e+00 1.781697167307213781e-01
2.638255394460552239e+00 1.675371380770524221e-01
2.688255394460551173e+00 1.507672735169618417e-01
2.738255394460551884e+00 1.423958001972376874e-01
2.788255394460552594e+00 1.314132885752201108e-01
2.838255394460551528e+00 1.211037249692575035e-01
2.888255394460552239e+00 1.102288850298087375e-01
2.938255394460551173e+00 9.569320788302076997e-02
2.988255394460551884e+00 8.742940624586539866e-02
3.038255394460552594e+00 7.983855262476499681e-02
3.088255394460551528e+00 7.329749790871042947e-02
3.138255394460552239e+00 7.512791651238001633e-02
3.188255394460551173e+00 8.148054578393920666e-02
3.238255394460551884e+00 1.171467906348541421e-01
3.288255394460552594e+00 1.778197837623727851e-01
3.338255394460549752e+00 2.906058712531904842e-01
3.388255394460554015e+00 4.892332076719838052e-01
3.438255394460551173e+00 7.353168381829756628e-01
3.488255394460551884e+00 1.104899888600380908e+00
3.538255394460552594e+00 1.571629714615485396e+00
3.588255394460549752e+00 1.966165677468209916e+00
3.638255394460554015e+00 2.396960079425977774e+00
3.688255394460551173e+00 2.713218729051184219e+00
3.738255394460551884e+00 2.877310373286035450e+00
3.788255394460552594e+00 2.999679240525476853e+00
3.838255394460549752e+00 2.935210820587407454e+00
3.888255394460554015e+00 2.824524330906680980e+00
3.938255394460551173e+00 2.732088191421366830e+00
3.988255394460551884e+00 2.516341057474134502e+00
4.038255394460552594e+00 2.357498407764512471e+00
4.088255394460549752e+00 2.145116013897555352e+00
4.138255394460554015e+00 1.986273364187933321e+00
4.188255394460551173e+00 1.752464305489784602e+00
4.238255394460551884e+00 1.573540886981081632e+00
4.288255394460552594e+00 1.435909558737513469e+00
4.338255394460549752e+00 1.300943104637522829e+00
4.388255394460554015e+00 1.128533822924232322e+00
4.438255394460551173e+00 1.125949702542581088e+00
4.488255394460551884e+00 1.077632034989832288e+00
4.538255394460552594e+00 1.011117853082956319e+00
4.588255394460549752e+00 9.583587286242443160e-01
4.638255394460554015e+00 9.651420446260785546e-01
4.688255394460551173e+00 9.793277888045180957e-01
4.738255394460551884e+00 1.001131304524700116e+00
4.788255394460552594e+00 1.003526999461855862e+00
4.838255394460549752e+00 9.858688435205725797e-01
4.888255394460554015e+00 9.843345220439672083e-01
4.938255394460551173e+00 9.936481225861684141e-01
4.988255394460551884e+00 9.606736697994735508e-01
5.038255394460552594e+00 9.504986957967218597e-01
5.088255394460549752e+00 9.562322128935105692e-01
5.138255394460554015e+00 9.365013770627779177e-01
5.188255394460551173e+00 8.804044304444331726e-01
5.238255394460551884e+00 9.090989338490185201e-01
5.288255394460552594e+00 8.460302457843439372e-01
5.338255394460549752e+00 8.432307820375551932e-01
5.388255394460554015e+00 8.062186411545302356e-01
5.438255394460551173e+00 7.914137848013202969e-01
5.488255394460551884e+00 7.744554947967343672e-01
5.538255394460552594e+00 7.434460502169198959e-01
5.588255394460549752e+00 7.163666220508668747e-01
5.638255394460554015e+00 7.395429517238010231e-01
5.688255394460551173e+00 7.259224838788479461e-01
5.738255394460551884e+00 7.074567903182986672e-01
5.788255394460552594e+00 7.101485823825186561e-01
5.838255394460549752e+00 7.076452157627941553e-01
5.888255394460554015e+00 7.099870748586655234e-01
5.938255394460551173e+00 7.437959831852686277e-01
5.988255394460551884e+00 7.146707930504082595e-01
6.038255394460552594e+00 7.687758135412302574e-01
6.088255394460549752e+00 7.793007205123303471e-01
6.138255394460554015e+00 8.208081541426026639e-01
6.188255394460551173e+00 8.281298285572811224e-01
6.238255394460551884e+00 8.770666082848005418e-01
6.288255394460552594e+00 8.602429078834255005e-01
6.338255394460549752e+00 8.791931240155342886e-01
6.388255394460554015e+00 9.131097040247062591e-01
6.438255394460551173e+00 9.292604564100261921e-01
6.488255394460555436e+00 9.528405548925932278e-01
6.538255394460552594e+00 9.379549447774568893e-01
6.588255394460549752e+00 9.937557942687371693e-01
6.638255394460554015e+00 9.694219940081884035e-01
6.688255394460551173e+00 1.007376262113690357e+00
6.738255394460555436e+00 9.876454262829579278e-01
6.788255394460552594e+00 1.020727550752221546e+00
6.838255394460549752e+00 1.050579524744421178e+00
6.888255394460554015e+00 1.079489371514143814e+00
6.938255394460551173e+00 1.072813727194878552e+00
6.988255394460555436e+00 1.116474594476526638e+00
7.038255394460552594e+00 1.148964524691661993e+00
7.088255394460549752e+00 1.183446381034320094e+00
7.138255394460554015e+00 1.218520431631106682e+00
7.188255394460551173e+00 1.246515069098994788e+00
7.238255394460555436e+00 1.262961918611378742e+00
7.288255394460552594e+00 1.263231097817800741e+00
7.338255394460549752e+00 1.247295688797618540e+00
7.388255394460554015e+00 1.277201498631102439e+00
7.438255394460551173e+00 1.274994229138442181e+00
7.488255394460555436e+00 1.234698101937068859e+00
7.538255394460552594e+00 1.218412759948537705e+00
7.588255394460549752e+00 1.222558119727436665e+00
7.638255394460554015e+00 1.186111255177897839e+00
7.688255394460551173e+00 1.187672494575145343e+00
7.738255394460555436e+00 1.147268695691203488e+00
7.788255394460552594e+00 1.133513638243039301e+00
7.838255394460549752e+00 1.074751817481116811e+00
7.888255394460554015e+00 1.087403240182950537e+00
7.938255394460551173e+00 1.105330575330656151e+00
7.988255394460555436e+00 9.873224112352514403e-01
8.038255394460552594e+00 1.010929427638460831e+00
8.088255394460549752e+00 1.031521636929743746e+00
8.138255394460554015e+00 9.912524276490125574e-01
8.188255394460551173e+00 9.715754276595645056e-01
8.238255394460555436e+00 9.514139050985568336e-01
8.288255394460552594e+00 9.301218298705765664e-01
8.338255394460549752e+00 9.035269242760830544e-01
8.388255394460554015e+00 8.583048175971870197e-01
8.438255394460551173e+00 8.439844838155368123e-01
8.488255394460555436e+00 8.603505795659942557e-01
8.538255394460552594e+00 8.622348340109484699e-01
8.588255394460549752e+00 8.672415672503975825e-01
8.638255394460554015e+00 8.425578340215000850e-01
8.688255394460551173e+00 8.727328230614062043e-01
8.738255394460555436e+00 8.497987546742519216e-01
8.788255394460552594e+00 8.455457232127843170e-01
8.838255394460549752e+00 8.579279667081962657e-01
8.888255394460554015e+00 8.755053688875527040e-01
8.938255394460551173e+00 8.998930049893860694e-01
8.988255394460555436e+00 8.832846479531486494e-01
9.038255394460552594e+00 8.680221869490213349e-01
9.088255394460549752e+00 9.007274605292943104e-01
9.138255394460554015e+00 9.029347300219546790e-01
9.188255394460551173e+00 8.848458873503962652e-01
9.238255394460555436e+00 9.066763209912204191e-01
9.288255394460552594e+00 9.432846930646123784e-01
9.338255394460549752e+00 9.077530378169084146e-01
9.388255394460554015e+00 9.450612758269976155e-01
9.438255394460551173e+00 9.525175398448869624e-01
9.488255394460555436e+00 9.706333004370876205e-01
9.538255394460552594e+00 9.660034180866292619e-01
9.588255394460549752e+00 9.538096000357125792e-01
9.638255394460554015e+00 9.784125795026832328e-01
9.688255394460551173e+00 9.594085275292901782e-01
9.738255394460555436e+00 9.775242881214907253e-01
9.788255394460552594e+00 9.741864659618579836e-01
9.838255394460549752e+00 9.964475863329571581e-01
9.888255394460554015e+00 1.022719476879744516e+00
9.938255394460551173e+00 1.024226880435707532e+00
9.988255394460555436e+00 1.031117868120110526e+00
1.003825539446055259e+01 9.879146054893797047e-01
1.008825539446054975e+01 9.918446219031409328e-01
1.013825539446055402e+01 9.897181061724071860e-01
1.018825539446055117e+01 1.049206710791668939e+00
1.023825539446055544e+01 1.020243028180662037e+00
1.028825539446055259e+01 9.843076041233249640e-01
1.033825539446054975e+01 1.019489326402680307e+00
1.038825539446055402e+01 1.010498740908185589e+00
1.043825539446055117e+01 9.956669666343332947e-01
1.048825539446055544e+01 1.027457030912771518e+00
1.053825539446055259e+01 9.872954933146093071e-01
1.058825539446054975e+01 1.007483933796259112e+00
1.063825539446055402e+01 9.728405699297477671e-01
1.068825539446055117e+01 1.012409913273781825e+00
1.073825539446055544e+01 1.032302256628367498e+00
1.078825539446055259e+01 9.945633318880032769e-01
1.083825539446054975e+01 1.032033077421945721e+00
1.088825539446055402e+01 9.673493141187390343e-01
1.093825539446055117e+01 9.804852593921326021e-01
1.098825539446055544e+01 1.038116527487082719e+00
1.103825539446055259e+01 9.981972511747001509e-01
1.108825539446054975e+01 1.038412624614146740e+00
1.113825539446055402e+01 9.948863469357095424e-01
1.118825539446055117e+01 9.892066656802054325e-01
1.123825539446055544e+01 1.020808304514148279e+00
1.128825539446055259e+01 9.979819078095625295e-01
1.133825539446054975e+01 1.003230902334791619e+00
1.138825539446055402e+01 1.003096312731580619e+00
1.143825539446055117e+01 9.379549447774568893e-01
1.148825539446055544e+01 9.493950610503916199e-01
1.153825539446055259e+01 9.711447409292892630e-01
1.158825539446054975e+01 9.477261499705752490e-01
1.163825539446055402e+01 9.326251964903011782e-01
1.168825539446055117e+01 9.660303360072712842e-01
1.173825539446055544e+01 9.421810583182821386e-01
1.178825539446055259e+01 9.167436233114032440e-01
1.183825539446054975e+01 9.504448599554375932e-01
1.188825539446055402e+01 9.544556301311252211e-01
1.193825539446055117e+01 9.076992019756240371e-01
1.198825539446055544e+01 9.089912621664496539e-01
1.203825539446055259e+01 9.380895343806677777e-01
1.208825539446054975e+01 9.269455152347970683e-01
1.213825539446055402e+01 9.019387669581933054e-01
1.218825539446055117e+01 9.379549447774568893e-01
1.223825539446055544e+01 9.188970569627792351e-01
1.228825539446055259e+01 9.386278927935116645e-01
1.233825539446054975e+01 9.041729543714959183e-01
1.238825539446055402e+01 8.935672936384690956e-01
1.243825539446055117e+01 9.141325850091098770e-01
1.248825539446055544e+01 9.215080952650724910e-01
1.253825539446055259e+01 9.247651636627787219e-01
1.258825539446054975e+01 9.491527997646119763e-01
1.263825539446055402e+01 9.251150966311273427e-01
1.268825539446055117e+01 9.400814605081906361e-01
1.273825539446055544e+01 9.541056971627766004e-01
1.278825539446055259e+01 9.492335535265384872e-01
1.283825539446054975e+01 9.560976232902995697e-01
1.288825539446055402e+01 9.339441746017690393e-01
1.293825539446055117e+01 9.064071417847984202e-01
1.298825539446055544e+01 9.400545425875483918e-01
1.303825539446055259e+01 9.174165713274582412e-01
1.308825539446054975e+01 9.321945097600259356e-01
1.313825539446055402e+01 9.540787792421345781e-01
1.318825539446055117e+01 9.348863018242459244e-01
1.323825539446055544e+01 9.629886109747026746e-01
1.328825539446055259e+01 9.440114769219518642e-01
1.333825539446054975e+01 9.109293524526879127e-01
1.338825539446055402e+01 9.126520993737887721e-01
1.343825539446055117e+01 9.481568367008506026e-01
1.348825539446055544e+01 9.899334495375446963e-01
1.353825539446055259e+01 9.500680090664466171e-01
1.358825539446054975e+01 9.080491349439725468e-01
1.363825539446055402e+01 9.484798517485569791e-01
1.368825539446055117e+01 9.481030008595660030e-01
1.373825539446055544e+01 9.590316766402993132e-01
1.378825539446055259e+01 9.474031349228689836e-01
1.383825539446054975e+01 9.453842908747039919e-01
1.388825539446055402e+01 9.195700049788342323e-01
1.393825539446055117e+01 9.298257327435123232e-01
1.398825539446055544e+01 9.420195507944290059e-01
1.403825539446055259e+01 9.462187464146120108e-01
1.408825539446054975e+01 9.673493141187390343e-01
1.413825539446055402e+01 9.574704372430515864e-01
1.418825539446055117e+01 9.563398845760793243e-01
1.423825539446055544e+01 9.890451581563521888e-01
1.428825539446055259e+01 9.650343729435097995e-01
1.433825539446054975e+01 9.764744892164449741e-01
1.438825539446055402e+01 9.955592949517645396e-01
1.443825539446055117e+01 9.905525617123154269e-01
1.448825539446055544e+01 9.651689625467209099e-01
1.453825539446055259e+01 1.040404550741669709e+00
1.458825539446054975e+01 1.004711387970112613e+00
1.463825539446055402e+01 9.781972361375457226e-01
1.468825539446055117e+01 9.755861978352522446e-01
1.473825539446055544e+01 9.889913223150679222e-01
1.478825539446055259e+01 9.789240199948850973e-01
1.483825539446054975e+01 1.000377602746718386e+00
1.488825539446055402e+01 1.014213413956809084e+00
1.493825539446055117e+01 1.001373565810479871e+00
1.498825539446055544e+01 9.941864809990124119e-01
1.503825539446055259e+01 9.900411212201136735e-01
1.508825539446054975e+01 1.006945575383415337e+00
1.513825539446055402e+01 9.782779898994721224e-01
1.518825539446055117e+01 1.006434134891213361e+00
1.523825539446055544e+01 1.003365491938002618e+00
1.528825539446055259e+01 1.005142074700387855e+00
1.533825539446054975e+01 9.502025986696577275e-01
1.538825539446055402e+01 9.622349091967210555e-01
1.543825539446055117e+01 9.627463496889230310e-01
1.548825539446055544e+01 9.494758148123183528e-01
1.553825539446055259e+01 9.876454262829579278e-01
1.558825539446054975e+01 9.700949420242434007e-01
1.563825539446055402e+01 9.315753975852553159e-01
1.568825539446055117e+01 9.583587286242443160e-01
1.573825539446055544e+01 9.771474372324997493e-01
1.578825539446055259e+01 9.289643592829620600e-01
1.583825539446054975e+01 9.311716287756224286e-01
1.588825539446055402e+01 9.279414782985583310e-01
1.593825539446055117e+01 9.407813264448877666e-01
1.598825539446055544e+01 9.617773045458037906e-01
1.603825539446055259e+01 9.258687984091089618e-01
1.608825539446054975e+01 9.544825480517675764e-01
1.613825539446055402e+01 9.531635699402996043e-01
1.618825539446055117e+01 9.521676068765383416e-01
1.623825539446055544e+01 9.389239899205760187e-01
1.628825539446055259e+01 9.278338066159895758e-01
1.633825539446054975e+01 9.654112238325007755e-01
1.638825539446055402e+01 9.585471540687396930e-01
1.643825539446055117e+01 9.442806561283736411e-01
1.648825539446055544e+01 9.530558982577308491e-01
1.653825539446055259e+01 9.536480925118593355e-01
1.658825539446054975e+01 9.721945398343351252e-01
1.663825539446055402e+01 9.775781239627751029e-01
1.668825539446055117e+01 9.712793305325002624e-01
1.673825539446055544e+01 9.321675918393836913e-01
1.678825539446055259e+01 9.490720460026853544e-01
1.683825539446054975e+01 9.888028968705725452e-01
1.688825539446055402e+01 9.617234687045194130e-01
1.693825539446055117e+01 9.731097491361697660e-01
1.698825539446055544e+01 9.272954482031454670e-01
1.703825539446055259e+01 9.956131307930489172e-01
1.708825539446054975e+01 9.966090938568104018e-01
1.713825539446055402e+01 9.927059953636914180e-01
1.718825539446055117e+01 1.017981922846717069e+00
1.723825539446055544e+01 9.781164823756189897e-01
1.728825539446055259e+01 9.350208914274569239e-01
1.733825539446054975e+01 9.791393633600227187e-01
1.738825539446055402e+01 9.700141882623170009e-01
1.743825539446055117e+01 1.003284738176075885e+00
1.748825539446055544e+01 9.560168695283728368e-01
1.753825539446055259e+01 9.462456643352543662e-01
1.758825539446054975e+01 9.931905179352511492e-01
1.763825539446055402e+01 9.982241690953423952e-01
1.768825539446055117e+01 9.949132648563518977e-01
1.773825539446055544e+01 9.524637040036025848e-01
1.778825539446055259e+01 9.894489269659851871e-01
1.783825539446054975e+01 9.469724481925938520e-01
1.788825539446055402e+01 9.878069338068109495e-01
1.793825539446055117e+01 1.003392409858644641e+00
1.798825539446055544e+01 9.815350582971784643e-01
1.803825539446055259e+01 9.727598161678212563e-01
1.808825539446054975e+01 9.979280719682782630e-01
1.813825539446055402e+01 9.911716738870861576e-01
1.818825539446055117e+01 1.004442208763690392e+00
1.823825539446055544e+01 1.005599679351305120e+00
1.828825539446055259e+01 1.025653530229744037e+00
1.833825539446054975e+01 1.033378973454055716e+00
1.838825539446055402e+01 1.066784112971025600e+00
1.843825539446055117e+01 1.001238976207268649e+00
1.848825539446055544e+01 1.027187851706349520e+00
1.853825539446055259e+01 9.980088257302048849e-01
1.858825539446054975e+01 9.704717929132343768e-01
1.863825539446055402e+01 1.019085557593047309e+00
1.868825539446055117e+01 1.012679092480203824e+00
1.873825539446055544e+01 9.653843059118584202e-01
1.878825539446055259e+01 1.025142089737542284e+00
1.883825539446054975e+01 9.627732676095650532e-01
1.888825539446055402e+01 9.536480925118593355e-01
1.893825539446055117e+01 1.010714084273323321e+00
1.898825539446055544e+01 9.495296506536027303e-01
1.903825539446055259e+01 9.199468558678248753e-01
1.908825539446054975e+01 9.651420446260785546e-01
1.913825539446055402e+01 9.450612758269976155e-01
1.918825539446055117e+01 9.656534851182805301e-01
1.923825539446055544e+01 9.523291144003915853e-01
1.928825539446055259e+01 9.689913072779132719e-01
1.933825539446055686e+01 9.304717628389251871e-01
1.938825539446055402e+01 9.616696328632348134e-01
1.943825539446055117e+01 9.720330323104818815e-01
1.948825539446054833e+01 9.647113578958034230e-01
1.953825539446055259e+01 9.519791814320430756e-01
1.958825539446055686e+01 9.670262990710327689e-01
1.963825539446055402e+01 9.438230514774563762e-01
1.968825539446055117e+01 9.343479434114020377e-01
1.973825539446054833e+01 9.325982785696590449e-01
1.978825539446055259e+01 9.775512060421329696e-01
1.983825539446055686e+01 9.451958654302085039e-01
1.988825539446055402e+01 9.797853934554354716e-01
1.993825539446055117e+01 9.459495672081901230e-01
1.998825539446054833e+01 9.741595480412156283e-01
2.003825539446055259e+01 9.405390651591079010e-01
2.008825539446055686e+01 9.633385439430514063e-01
2.013825539446055402e+01 9.417503715880070070e-01
2.018825539446055117e+01 9.818042375036004632e-01
2.023825539446054833e+01 9.939442197132325463e-01
2.028825539446055259e+01 1.026299560325157012e+00
2.033825539446055686e+01 1.024199962515065288e+00
2.038825539446055402e+01 1.027483948833413763e+00
2.043825539446055117e+01 9.800545726618574705e-01
2.048825539446054833e+01 9.826925288847929707e-01
2.053825539446055259e+01 9.925714057604805296e-01
2.058825539446055686e+01 9.598661321802075541e-01
2.063825539446055402e+01 1.000323766905434120e+00
2.068825539446055117e+01 1.016313011766900809e+00
2.073825539446054833e+01 1.013890398909102819e+00
2.078825539446055259e+01 1.018708706704056555e+00
2.083825539446055686e+01 1.004926731335250123e+00
2.088825539446055402e+01 1.031225539802679503e+00
2.093825539446055117e+01 1.032894450882495763e+00
2.098825539446054833e+01 1.009152844876075816e+00
2.103825539446055259e+01 1.027780045960478006e+00
2.108825539446055686e+01 1.005518925589378609e+00
2.113825539446055402e+01 1.020862140355432546e+00
2.118825539446055117e+01 9.970397805870855334e-01
2.123825539446054833e+01 1.030902524754973015e+00
2.128825539446055259e+01 1.008345307256809598e+00
2.133825539446055686e+01 9.682376054999317638e-01
2.138825539446055402e+01 1.025707366071028748e+00
2.143825539446055117e+01 1.023984619149927777e+00
2.148825539446054833e+01 9.631501184985558073e-01
2.153825539446055259e+01 1.016259175925616320e+00
2.158825539446055686e+01 1.001535073334333115e+00
2.163825539446055402e+01 9.830155439324994582e-01
2.168825539446055117e+01 9.681299338173630087e-01
2.173825539446054833e+01 1.007753113002681111e+00
2.178825539446055259e+01 9.955862128724068949e-01
2.183825539446055686e+01 9.833654769008480789e-01
2.188825539446055402e+01 9.775512060421329696e-01
2.193825539446055117e+01 1.013540465940754087e+00
2.198825539446054833e+01 9.865148736159854437e-01
2.203825539446055259e+01 9.640384098797484258e-01
2.208825539446055686e+01 9.947248394118564097e-01
2.213825539446055402e+01 1.020323781942588548e+00
2.218825539446055117e+01 9.802429981063529585e-01
2.223825539446054833e+01 9.720868681517662591e-01
2.228825539446055259e+01 9.577126985288315630e-01
2.233825539446055686e+01 9.957746383169020499e-01
2.238825539446055402e+01 9.494488968916761085e-01
2.243825539446055117e+01 9.845229474884626963e-01
2.248825539446054833e+01 9.518176739081897209e-01
2.253825539446055259e+01 9.607275056407578173e-01
2.258825539446055686e+01 1.004415290843048369e+00
2.263825539446055402e+01 9.186817135976416138e-01
2.268825539446055117e+01 9.655996492769960415e-01
2.273825539446054833e+01 9.611581923710331710e-01
2.278825539446055259e+01 9.477799858118596266e-01
2.283825539446055686e+01 8.816695727146166561e-01
2.288825539446055402e+01 8.981164222270008324e-01
2.293825539446055117e+01 9.333250624269984197e-01
2.298825539446054833e+01 9.241998873292927019e-01
2.303825539446055259e+01 9.123829201673667733e-01
2.308825539446055686e+01 8.905794044471848636e-01
2.313825539446055402e+01 8.863532909063596144e-01
2.318825539446055117e+01 8.942402416545242039e-01
2.323825539446054833e+01 8.905524865265426193e-01
2.328825539446055259e+01 9.183048627086508597e-01
2.333825539446055686e+01 8.960975781788359518e-01
2.338825539446055402e+01 9.070531718802112842e-01
2.343825539446055117e+01 9.195161691375498547e-01
2.348825539446054833e+01 9.346709584591084141e-01
2.353825539446055259e+01 9.401622142701171470e-01
2.358825539446055686e+01 9.507409570825018363e-01
2.363825539446055402e+01 9.306601882834206751e-01
2.368825539446055117e+01 9.745363989302064933e-01
2.373825539446054833e+01 9.783856615820412106e-01
2.378825539446055259e+01 9.948325110944251648e-01
2.383825539446055686e+01 1.013190532972405578e+00
2.388825539446055402e+01 1.041481267567357705e+00
2.393825539446055117e+01 1.015640063750845812e+00
2.398825539446054833e+01 1.078924095180658016e+00
2.403825539446055259e+01 1.086703374246253739e+00
2.408825539446055686e+01 1.137605162180653551e+00
2.413825539446055402e+01 1.151252547946248983e+00
2.418825539446055117e+01 1.197093766799915304e+00
2.423825539446054833e+01 1.212840750375602461e+00
2.428825539446055259e+01 1.193648272957713807e+00
2.433825539446055686e+01 1.197093766799915304e+00
2.438825539446055402e+01 1.208641554755419456e+00
2.443825539446055117e+01 1.229691368697619858e+00
2.448825539446054833e+01 1.224361620410463924e+00
2.453825539446055259e+01 1.192517720290741545e+00
2.458825539446055686e+01 1.163877052727440908e+00
2.463825539446055402e+01 1.213352190867804214e+00
2.468825539446055117e+01 1.177470602651751630e+00
2.473825539446054833e+01 1.138681879006341546e+00
2.478825539446055259e+01 1.133594392004966034e+00
2.483825539446055686e+01 1.119327894064599871e+00
2.488825539446055402e+01 1.117389803778361612e+00
2.493825539446055117e+01 1.078870259339373305e+00
2.498825539446054833e+01 1.052006174538457683e+00
2.503825539446055259e+01 1.011898472781580072e+00
2.508825539446055686e+01 1.044576828441210692e+00
2.513825539446055402e+01 1.025599694388459548e+00
2.518825539446055117e+01 1.005465089748094121e+00
2.523825539446054833e+01 9.881299488545174370e-01
2.528825539446055259e+01 9.853035671870864487e-01
2.533825539446055686e+01 9.862456944095634448e-01
2.538825539446055402e+01 9.753170186288302457e-01
2.543825539446055117e+01 9.516023305430520995e-01
2.548825539446054833e+01 9.131097040247062591e-01
2.553825539446055259e+01 9.329482115380074436e-01
2.558825539446055686e+01 9.060841267370920438e-01
2.563825539446055402e+01 8.844421185407633779e-01
2.568825539446055117e+01 8.794084673806719099e-01
2.573825539446055544e+01 8.419387218467294653e-01
2.578825539446055259e+01 8.408889229416838251e-01
2.583825539446055686e+01 8.044689763127872428e-01
2.588825539446055402e+01 7.949669503260907710e-01
2.593825539446055117e+01 7.843882075137063037e-01
2.598825539446055544e+01 7.674299175091201519e-01
2.603825539446055259e+01 7.259494017994900794e-01
2.608825539446055686e+01 7.357206069926086611e-01
2.613825539446055402e+01 7.503101199806809785e-01
2.618825539446055117e+01 7.589507725068272981e-01
2.623825539446055544e+01 7.202158847027013699e-01
2.628825539446055259e+01 7.468915440591216148e-01
2.633825539446055686e+01 7.551822636169192027e-01
2.638825539446055402e+01 7.714676056054502462e-01
2.643825539446055117e+01 7.491257314724241168e-01
2.648825539446055544e+01 7.983586083270078904e-01
2.653825539446055259e+01 7.804851090205870978e-01
2.658825539446055686e+01 8.504178668490225412e-01
2.663825539446055402e+01 8.756937943320484141e-01
2.668825539446055117e+01 8.864878805095705028e-01
2.673825539446055544e+01 8.876453510971851202e-01
2.678825539446055259e+01 9.409966698100252769e-01
2.683825539446055686e+01 9.228539912971824855e-01
2.688825539446055402e+01 9.544825480517675764e-01
2.693825539446055117e+01 9.894220090453430538e-01
2.698825539446055544e+01 9.969859447458012669e-01
2.703825539446055259e+01 9.784394974233254771e-01
2.708825539446055686e+01 9.711447409292892630e-01
2.713825539446055402e+01 9.639845740384640482e-01
2.718825539446055117e+01 9.674839037219501447e-01
2.723825539446055544e+01 9.564206383380059462e-01
2.728825539446055259e+01 9.581972211003910722e-01
2.733825539446055686e+01 9.780895644549768564e-01
2.738825539446055402e+01 1.018385691656350067e+00
2.743825539446055117e+01 1.030418002183413506e+00
2.748825539446055544e+01 1.114590340031572646e+00
2.753825539446055259e+01 1.227726360490739133e+00
2.758825539446055686e+01 1.385223114168251168e+00
2.763825539446055402e+01 1.514590640774663655e+00
2.768825539446055117e+01 1.660405016893460761e+00
2.773825539446055544e+01 1.880189838937023294e+00
2.778825539446055259e+01 2.045412035838846787e+00
2.783825539446055686e+01 2.252841532307639394e+00
2.788825539446055402e+01 2.419194281876434705e+00
2.793825539446055117e+01 2.531791943922756971e+00
2.798825539446055544e+01 2.669207928801187624e+00
2.803825539446055259e+01 2.856879671518606223e+00
2.808825539446055686e+01 2.947754571606672869e+00
2.813825539446055402e+01 2.807646794664021783e+00
2.818825539446055117e+01 2.749531003997512268e+00
2.823825539446055544e+01 2.494295280468173281e+00
2.828825539446055259e+01 2.191953195814982713e+00
2.833825539446055686e+01 1.771549111225104500e+00
2.838825539446055402e+01 1.303419553336605308e+00
2.843825539446055117e+01 9.846844550123158291e-01
2.848825539446055544e+01 6.614540639407789913e-01
2.853825539446055259e+01 4.208347713201537887e-01
2.858825539446055686e+01 2.625843158646603559e-01
2.863825539446055402e+01 1.543204390417322602e-01
2.868825539446055117e+01 1.108479972045793432e-01
2.873825539446055544e+01 8.541056219770039315e-02
2.878825539446055259e+01 7.854649243393940772e-02
2.883825539446055686e+01 7.480490146467361212e-02
2.888825539446055402e+01 8.387624072109498008e-02
2.893825539446055117e+01 9.321675918393837468e-02
2.898825539446055544e+01 1.026111134880661468e-01
2.903825539446055259e+01 1.137551326339369256e-01
2.908825539446055686e+01 1.215613296201749072e-01
2.913825539446055402e+01 1.263258015738442930e-01
2.918825539446055117e+01 1.390310601169626459e-01
2.923825539446055544e+01 1.479947276908152309e-01
2.928825539446055259e+01 1.607807399958602057e-01
2.933825539446055686e+01 1.788426647467763753e-01
2.938825539446055402e+01 1.885869520192527404e-01
2.943825539446055117e+01 1.878870860825555544e-01
2.948825539446055544e+01 1.769853282224645719e-01
2.953825539446055259e+01 1.562046934866862247e-01
2.958825539446055686e+01 1.344011777665042873e-01
2.963825539446055402e+01 1.094213474105427408e-01
2.968825539446055117e+01 9.345902046971817090e-02
2.973825539446055544e+01 8.059225440274660202e-02
2.978825539446055259e+01 1.044415320917357615e-01
2.983825539446055686e+01 1.619382105834747954e-01
2.988825539446055402e+01 2.208615388692504733e-01
2.993825539446055117e+01 3.825844060875877028e-01
2.998825539446055544e+01 6.176855249765619282e-01
3.003825539446055259e+01 9.888836506324991671e-01
3.008825539446055686e+01 1.573406297377870633e+00
3.013825539446055402e+01 2.357444571923227983e+00
3.018825539446055117e+01 3.214672672694727673e+00
3.023825539446055544e+01 4.100945209839160555e+00
3.028825539446055259e+01 4.710663030305631160e+00
3.033825539446055686e+01 5.011228532196435381e+00
3.038825539446055402e+01 4.810151664999201770e+00
3.043825539446055117e+01 4.190420378053833161e+00
3.048825539446055544e+01 3.310042865530041567e+00
3.053825539446055259e+01 2.353379965906256199e+00
3.058825539446055686e+01 1.557820821326036942e+00
3.063825539446055402e+01 9.619926479109413009e-01
3.068825539446055117e+01 5.636074224063822857e-01
3.073825539446055544e+01 3.166893363554822427e-01
3.078825539446055259e+01 1.961508877197109535e-01
3.083825539446055686e+01 1.116286169032031234e-01
3.088825539446055402e+01 6.866761555825204311e-02
3.093825539446055117e+01 3.542398356513511842e-02
3.098825539446055544e+01 1.765815594128316082e-02
3.103825539446055259e+01 9.663533510549776259e-03
3.108825539446055686e+01 4.549128588531788780e-03
3.113825539446055402e+01 1.911172365596195289e-03
3.118825539446055117e+01 9.421272224769977220e-04
3.123825539446055544e+01 3.499329683485991787e-04
3.128825539446055259e+01 2.691792064219993656e-05
3.133825539446055686e+01 0.000000000000000000e+00
3.138825539446055402e+01 2.691792064219993656e-05
3.143825539446055117e+01 0.000000000000000000e+00
3.148825539446055544e+01 0.000000000000000000e+00
3.153825539446055259e+01 0.000000000000000000e+00
3.158825539446055686e+01 0.000000000000000000e+00
3.163825539446055402e+01 0.000000000000000000e+00
3.168825539446055117e+01 0.000000000000000000e+00
3.173825539446055544e+01 0.000000000000000000e+00
3.178825539446055259e+01 0.000000000000000000e+00
3.183825539446055686e+01 0.000000000000000000e+00
3.188825539446055402e+01 0.000000000000000000e+00
3.193825539446055117e+01 0.000000000000000000e+00
3.198825539446055544e+01 0.000000000000000000e+00
3.203825539446054904e+01 0.000000000000000000e+00
3.208825539446056041e+01 0.000000000000000000e+00
3.213825539446055757e+01 0.000000000000000000e+00
3.218825539446055473e+01 0.000000000000000000e+00
3.223825539446055188e+01 0.000000000000000000e+00
3.228825539446054904e+01 0.000000000000000000e+00
3.233825539446056041e+01 0.000000000000000000e+00
3.238825539446055757e+01 0.000000000000000000e+00
3.243825539446055473e+01 0.000000000000000000e+00
3.248825539446055188e+01 0.000000000000000000e+00
3.253825539446054904e+01 0.000000000000000000e+00
3.258825539446056041e+01 0.000000000000000000e+00
3.263825539446055757e+01 0.000000000000000000e+00
3.268825539446055473e+01 0.000000000000000000e+00
3.273825539446055188e+01 0.000000000000000000e+00
3.278825539446054904e+01 0.000000000000000000e+00
3.283825539446056041e+01 0.000000000000000000e+00
3.288825539446055757e+01 0.000000000000000000e+00
3.293825539446055473e+01 0.000000000000000000e+00
3.298825539446055188e+01 0.000000000000000000e+00
3.303825539446054904e+01 0.000000000000000000e+00
3.308825539446056041e+01 0.000000000000000000e+00
3.313825539446055757e+01 0.000000000000000000e+00
3.318825539446055473e+01 0.000000000000000000e+00
3.323825539446055188e+01 0.000000000000000000e+00
3.328825539446054904e+01 0.000000000000000000e+00
3.333825539446056041e+01 0.000000000000000000e+00
3.338825539446055757e+01 0.000000000000000000e+00
3.343825539446055473e+01 0.000000000000000000e+00
3.348825539446055188e+01 0.000000000000000000e+00
3.353825539446054904e+01 0.000000000000000000e+00
3.358825539446056041e+01 0.000000000000000000e+00
3.363825539446055757e+01 0.000000000000000000e+00
3.368825539446055473e+01 0.000000000000000000e+00
3.373825539446055188e+01 0.000000000000000000e+00
3.378825539446054904e+01 0.000000000000000000e+00
3.383825539446056041e+01 0.000000000000000000e+00
3.388825539446055757e+01 0.000000000000000000e+00
3.393825539446055473e+01 0.000000000000000000e+00
3.398825539446055188e+01 0.000000000000000000e+00
3.403825539446054904e+01 0.000000000000000000e+00
3.408825539446056041e+01 0.000000000000000000e+00
3.413825539446055757e+01 0.000000000000000000e+00
3.418825539446055473e+01 0.000000000000000000e+00
3.423825539446055188e+01 0.000000000000000000e+00
3.428825539446054904e+01 0.000000000000000000e+00
3.433825539446056041e+01 0.000000000000000000e+00
3.438825539446055757e+01 0.000000000000000000e+00
3.443825539446055473e+01 0.000000000000000000e+00
3.448825539446055188e+01 0.000000000000000000e+00
3.453825539446054904e+01 0.000000000000000000e+00
3.458825539446056041e+01 0.000000000000000000e+00
3.463825539446055757e+01 0.000000000000000000e+00
3.468825539446055473e+01 0.000000000000000000e+00
3.473825539446055188e+01 0.000000000000000000e+00
3.478825539446054904e+01 0.000000000000000000e+00
3.483825539446056041e+01 0.000000000000000000e+00
3.488825539446055757e+01 0.000000000000000000e+00
3.493825539446055473e+01 0.000000000000000000e+00
3.498825539446055188e+01 0.000000000000000000e+00
3.503825539446054904e+01 0.000000000000000000e+00
3.508825539446056041e+01 0.000000000000000000e+00
3.513825539446055757e+01 0.000000000000000000e+00
3.518825539446055473e+01 0.000000000000000000e+00
3.523825539446055188e+01 0.000000000000000000e+00
3.528825539446054904e+01 0.000000000000000000e+00
3.533825539446056041e+01 0.000000000000000000e+00
3.538825539446055757e+01 0.000000000000000000e+00
3.543825539446055473e+01 0.000000000000000000e+00
3.548825539446055188e+01 0.000000000000000000e+00
3.553825539446054904e+01 0.000000000000000000e+00
3.558825539446056041e+01 0.000000000000000000e+00
3.563825539446055757e+01 0.000000000000000000e+00
3.568825539446055473e+01 0.000000000000000000e+00
3.573825539446055188e+01 0.000000000000000000e+00
3.578825539446054904e+01 0.000000000000000000e+00
3.583825539446056041e+01 0.000000000000000000e+00
3.588825539446055757e+01 0.000000000000000000e+00
3.593825539446055473e+01 0.000000000000000000e+00
3.598825539446055188e+01 0.000000000000000000e+00
3.603825539446054904e+01 0.000000000000000000e+00
3.608825539446056041e+01 0.000000000000000000e+00
3.613825539446055757e+01 0.000000000000000000e+00
3.618825539446055473e+01 0.000000000000000000e+00
3.623825539446055188e+01 0.000000000000000000e+00
3.628825539446054904e+01 0.000000000000000000e+00
3.633825539446056041e+01 0.000000000000000000e+00
3.638825539446055757e+01 0.000000000000000000e+00
3.643825539446055473e+01 0.000000000000000000e+00
3.648825539446055188e+01 0.000000000000000000e+00
3.653825539446054904e+01 0.000000000000000000e+00
3.658825539446056041e+01 0.000000000000000000e+00
3.663825539446055757e+01 0.000000000000000000e+00
3.668825539446055473e+01 0.000000000000000000e+00
3.673825539446055188e+01 0.000000000000000000e+00
3.678825539446054904e+01 0.000000000000000000e+00
3.683825539446056041e+01 0.000000000000000000e+00
3.688825539446055757e+01 0.000000000000000000e+00
3.693825539446055473e+01 0.000000000000000000e+00
3.698825539446055188e+01 0.000000000000000000e+00
3.703825539446054904e+01 0.000000000000000000e+00
3.708825539446056041e+01 0.000000000000000000e+00
3.713825539446055757e+01 0.000000000000000000e+00
3.718825539446055473e+01 0.000000000000000000e+00
3.723825539446055188e+01 0.000000000000000000e+00
