-8.266333879528712458e+00 1.520340402620355962e-04
-8.216333879528713524e+00 1.303148916531733333e-04
-8.166333879528712814e+00 6.515744582658666666e-05
-8.116333879528712103e+00 2.171914860886222561e-05
-8.066333879528713169e+00 2.171914860886222561e-05
-8.016333879528712458e+00 6.515744582658666666e-05
-7.966333879528712636e+00 0.000000000000000000e+00
-7.916333879528712814e+00 0.000000000000000000e+00
-7.866333879528712991e+00 0.000000000000000000e+00
-7.816333879528713169e+00 0.000000000000000000e+00
-7.766333879528712458e+00 0.000000000000000000e+00
-7.716333879528712636e+00 0.000000000000000000e+00
-7.666333879528712814e+00 0.000000000000000000e+00
-7.616333879528712991e+00 2.171914860886222561e-05
-7.566333879528713169e+00 0.000000000000000000e+00
-7.516333879528712458e+00 0.000000000000000000e+00
-7.466333879528712636e+00 0.000000000000000000e+00
-7.416333879528712814e+00 0.000000000000000000e+00
-7.366333879528712991e+00 0.000000000000000000e+00
-7.316333879528713169e+00 0.000000000000000000e+00
-7.266333879528712458e+00 0.000000000000000000e+00
-7.216333879528712636e+00 0.000000000000000000e+00
-7.166333879528712814e+00 0.000000000000000000e+00
-7.116333879528712103e+00 0.000000000000000000e+00
-7.066333879528713169e+00 0.000000000000000000e+00
-7.016333879528712458e+00 0.000000000000000000e+00
-6.966333879528712636e+00 0.000000000000000000e+00
-6.916333879528712814e+00 0.000000000000000000e+00
-6.866333879528712103e+00 0.000000000000000000e+00
-6.816333879528713169e+00 0.000000000000000000e+00
-6.766333879528712458e+00 0.000000000000000000e+00
-6.716333879528712636e+00 0.000000000000000000e+00
-6.666333879528712814e+00 0.000000000000000000e+00
-6.616333879528712103e+00 0.000000000000000000e+00
-6.566333879528713169e+00 0.000000000000000000e+00
-6.516333879528712458e+00 0.000000000000000000e+00
-6.466333879528712636e+00 0.000000000000000000e+00
-6.416333879528712814e+00 0.000000000000000000e+00
-6.366333879528712103e+00 0.000000000000000000e+00
-6.316333879528713169e+00 0.000000000000000000e+00
-6.266333879528712458e+00 0.000000000000000000e+00
-6.216333879528712636e+00 0.000000000000000000e+00
-6.166333879528712814e+00 0.000000000000000000e+00
-6.116333879528712991e+00 0.000000000000000000e+00
-6.066333879528713169e+00 0.000000000000000000e+00
-6.016333879528712458e+00 0.000000000000000000e+00
-5.966333879528712636e+00 0.000000000000000000e+00
-5.916333879528712814e+00 0.000000000000000000e+00
-5.866333879528712103e+00 0.000000000000000000e+00
-5.816333879528713169e+00 0.000000000000000000e+00
-5.766333879528712458e+00 0.000000000000000000e+00
-5.716333879528712636e+00 0.000000000000000000e+00
-5.666333879528712814e+00 0.000000000000000000e+00
-5.616333879528712103e+00 0.000000000000000000e+00
-5.566333879528713169e+00 0.000000000000000000e+00
-5.516333879528712458e+00 0.000000000000000000e+00
-5.466333879528712636e+00 0.000000000000000000e+00
-5.416333879528712814e+00 0.000000000000000000e+00
-5.366333879528712103e+00 0.000000000000000000e+00
-5.316333879528713169e+00 0.000000000000000000e+00
-5.266333879528712458e+00 0.000000000000000000e+00
-5.216333879528712636e+00 0.000000000000000000e+00
-5.166333879528712814e+00 0.000000000000000000e+00
-5.116333879528712103e+00 0.000000000000000000e+00
-5.066333879528713169e+00 0.000000000000000000e+00
-5.016333879528712458e+00 0.000000000000000000e+00
-4.966333879528712636e+00 0.000000000000000000e+00
-4.916333879528712814e+00 0.000000000000000000e+00
-4.866333879528712103e+00 0.000000000000000000e+00
-4.816333879528713169e+00 0.000000000000000000e+00
-4.766333879528712458e+00 0.000000000000000000e+00
-4.716333879528712636e+00 0.000000000000000000e+00
-4.666333879528712814e+00 0.000000000000000000e+00
-4.616333879528712103e+00 0.000000000000000000e+00
-4.566333879528713169e+00 0.000000000000000000e+00
-4.516333879528712458e+00 0.000000000000000000e+00
-4.466333879528712636e+00 0.000000000000000000e+00
-4.416333879528712814e+00 0.000000000000000000e+00
-4.366333879528712103e+00 0.000000000000000000e+00
-4.316333879528713169e+00 0.000000000000000000e+00
-4.266333879528712458e+00 0.000000000000000000e+00
-4.216333879528712636e+00 0.000000000000000000e+00
-4.166333879528712814e+00 0.000000000000000000e+00
-4.116333879528712103e+00 0.000000000000000000e+00
-4.066333879528713169e+00 0.000000000000000000e+00
-4.016333879528712458e+00 0.000000000000000000e+00
-3.966333879528712636e+00 0.000000000000000000e+00
-3.916333879528712814e+00 0.000000000000000000e+00
-3.866333879528712103e+00 0.000000000000000000e+00
-3.816333879528713169e+00 0.000000000000000000e+00
-3.766333879528712458e+00 0.000000000000000000e+00
-3.716333879528712636e+00 0.000000000000000000e+00
-3.666333879528712814e+00 0.000000000000000000e+00
-3.616333879528712103e+00 0.000000000000000000e+00
-3.566333879528713169e+00 0.000000000000000000e+00
-3.516333879528712458e+00 0.000000000000000000e+00
-3.466333879528711748e+00 0.000000000000000000e+00
-3.416333879528712814e+00 0.000000000000000000e+00
-3.366333879528712103e+00 0.000000000000000000e+00
-3.316333879528713169e+00 0.000000000000000000e+00
-3.266333879528712458e+00 0.000000000000000000e+00
-3.216333879528711748e+00 0.000000000000000000e+00
-3.166333879528712814e+00 0.000000000000000000e+00
-3.116333879528712103e+00 0.000000000000000000e+00
-3.066333879528713169e+00 0.000000000000000000e+00
-3.016333879528712458e+00 0.000000000000000000e+00
-2.966333879528711748e+00 0.000000000000000000e+00
-2.916333879528712814e+00 0.000000000000000000e+00
-2.866333879528712103e+00 0.000000000000000000e+00
-2.816333879528713169e+00 0.000000000000000000e+00
-2.766333879528712458e+00 0.000000000000000000e+00
-2.716333879528711748e+00 0.000000000000000000e+00
-2.666333879528712814e+00 0.000000000000000000e+00
-2.616333879528712103e+00 0.000000000000000000e+00
-2.566333879528713169e+00 0.000000000000000000e+00
-2.516333879528712458e+00 0.000000000000000000e+00
-2.466333879528711748e+00 0.000000000000000000e+00
-2.416333879528712814e+00 0.000000000000000000e+00
-2.366333879528712103e+00 0.000000000000000000e+00
-2.316333879528713169e+00 0.000000000000000000e+00
-2.266333879528712458e+00 0.000000000000000000e+00
-2.216333879528711748e+00 0.000000000000000000e+00
-2.166333879528712814e+00 0.000000000000000000e+00
-2.116333879528712103e+00 0.000000000000000000e+00
-2.066333879528713169e+00 0.000000000000000000e+00
-2.016333879528712458e+00 0.000000000000000000e+00
-1.966333879528711748e+00 0.000000000000000000e+00
-1.916333879528712814e+00 0.000000000000000000e+00
-1.866333879528712103e+00 0.000000000000000000e+00
-1.816333879528713169e+00 0.000000000000000000e+00
-1.766333879528712458e+00 0.000000000000000000e+00
-1.716333879528711748e+00 0.000000000000000000e+00
-1.666333879528712814e+00 0.000000000000000000e+00
-1.616333879528712103e+00 0.000000000000000000e+00
-1.566333879528713169e+00 0.000000000000000000e+00
-1.516333879528712458e+00 0.000000000000000000e+00
-1.466333879528711748e+00 0.000000000000000000e+00
-1.416333879528712814e+00 0.000000000000000000e+00
-1.366333879528712103e+00 0.000000000000000000e+00
-1.316333879528713169e+00 0.000000000000000000e+00
-1.266333879528712458e+00 0.000000000000000000e+00
-1.216333879528711748e+00 0.000000000000000000e+00
-1.166333879528712814e+00 0.000000000000000000e+00
-1.116333879528712103e+00 0.000000000000000000e+00
-1.066333879528713169e+00 0.000000000000000000e+00
-1.016333879528712458e+00 0.000000000000000000e+00
-9.663338795287117478e-01 0.000000000000000000e+00
-9.163338795287128136e-01 0.000000000000000000e+00
-8.663338795287121030e-01 0.000000000000000000e+00
-8.163338795287131688e-01 0.000000000000000000e+00
-7.663338795287124583e-01 0.000000000000000000e+00
-7.163338795287117478e-01 0.000000000000000000e+00
-6.663338795287128136e-01 0.000000000000000000e+00
-6.163338795287121030e-01 0.000000000000000000e+00
-5.663338795287131688e-01 0.000000000000000000e+00
-5.163338795287124583e-01 0.000000000000000000e+00
-4.663338795287117478e-01 0.000000000000000000e+00
-4.163338795287128136e-01 0.000000000000000000e+00
-3.663338795287121030e-01 0.000000000000000000e+00
-3.163338795287131688e-01 0.000000000000000000e+00
-2.663338795287124583e-01 0.000000000000000000e+00
-2.163338795287135241e-01 0.000000000000000000e+00
-1.663338795287128136e-01 0.000000000000000000e+00
-1.163338795287121030e-01 0.000000000000000000e+00
-6.633387952871139248e-02 0.000000000000000000e+00
-1.633387952871245830e-02 0.000000000000000000e+00
3.366612047128647589e-02 0.000000000000000000e+00
8.366612047128718643e-02 0.000000000000000000e+00
1.336661204712878970e-01 2.171914860886222561e-05
1.836661204712886075e-01 2.171914860886222561e-05
2.336661204712875417e-01 2.171914860886222561e-05
2.836661204712864759e-01 0.000000000000000000e+00
3.336661204712871864e-01 0.000000000000000000e+00
3.836661204712878970e-01 0.000000000000000000e+00
4.336661204712886075e-01 0.000000000000000000e+00
4.836661204712875417e-01 2.171914860886222561e-05
5.336661204712864759e-01 4.343829721772445122e-05
5.836661204712871864e-01 6.515744582658666666e-05
6.336661204712878970e-01 1.085957430443111247e-04
6.836661204712886075e-01 2.389106346974844851e-04
7.336661204712875417e-01 4.778212693949689702e-04
7.836661204712864759e-01 1.129395727660835718e-03
8.336661204712871864e-01 2.410825495583706572e-03
8.836661204712878970e-01 4.951965882820587479e-03
9.336661204712886075e-01 1.009940410312093473e-02
9.836661204712875417e-01 1.817892738561768459e-02
1.033666120471286476e+00 3.260044206190220589e-02
1.083666120471287186e+00 5.151782050022119669e-02
1.133666120471287897e+00 7.590842438797347491e-02
1.183666120471288608e+00 1.028836069601803405e-01
1.233666120471287542e+00 1.359401511428686704e-01
1.283666120471288252e+00 1.602873167334032123e-01
1.333666120471287186e+00 1.910850694607698630e-01
1.383666120471287897e+00 2.214050009187415180e-01
1.433666120471288608e+00 2.861063446245420416e-01
1.483666120471287542e+00 4.758882651687802445e-01
1.533666120471288252e+00 9.377025220390177163e-01
1.583666120471287186e+00 1.891194865116678336e+00
1.633666120471287897e+00 3.320575473363119201e+00
1.683666120471288608e+00 5.013778579761409837e+00
1.733666120471287542e+00 6.239563888948374881e+00
1.783666120471288252e+00 6.674489839840841654e+00
1.833666120471287186e+00 6.019570632689209333e+00
1.883666120471287897e+00 4.868629509608382477e+00
1.933666120471288608e+00 3.363622825905883573e+00
1.983666120471287542e+00 2.235834315242104076e+00
2.033666120471288252e+00 1.398886923599598209e+00
2.083666120471287186e+00 8.162924813154779358e-01
2.133666120471287897e+00 4.634649121645109671e-01
2.183666120471288608e+00 2.795037234474480048e-01
2.233666120471287542e+00 1.743178867347282002e-01
2.283666120471288252e+00 1.121794025647733783e-01
2.333666120471287186e+00 9.764929214544455782e-02
2.383666120471287897e+00 9.098151352252385748e-02
2.433666120471288608e+00 9.908275595362946164e-02
2.483666120471287542e+00 1.253846449189616186e-01
2.533666120471288252e+00 1.504702615621974771e-01
2.583666120471287186e+00 1.613515550152374856e-01
2.633666120471287897e+00 1.609823294888867995e-01
2.683666120471288608e+00 1.420866701991767012e-01
2.733666120471287542e+00 1.115929855523341285e-01
2.783666120471288252e+00 9.095979437391499278e-02
2.833666120471287186e+00 6.646059474311841186e-02
2.883666120471287897e+00 5.149610135161234586e-02
2.933666120471288608e+00 5.106171837943508651e-02
2.983666120471287542e+00 4.684820354931581998e-02
3.033666120471288252e+00 5.012779498925401533e-02
3.083666120471287186e+00 5.799012678566213552e-02
3.133666120471287897e+00 7.054379468158450406e-02
3.183666120471288608e+00 7.957896050287119327e-02
3.233666120471287542e+00 9.777960703709773216e-02
3.283666120471288252e+00 1.090518451650972082e-01
3.333666120471287186e+00 1.287511129533352727e-01
3.383666120471287897e+00 1.512087126148987937e-01
3.433666120471288608e+00 1.618510954332412766e-01
3.483666120471287542e+00 2.039862437344340251e-01
3.533666120471288252e+00 2.250755370336392225e-01
3.583666120471287186e+00 3.028300890533659473e-01
3.633666120471287897e+00 3.792163347107344595e-01
3.683666120471288608e+00 5.129628518441080587e-01
3.733666120471287542e+00 6.497717689313310396e-01
3.783666120471288252e+00 8.781703357021263256e-01
3.833666120471287186e+00 1.166426876038945792e+00
3.883666120471287897e+00 1.450144114316513022e+00
3.933666120471288608e+00 1.809921811022315863e+00
3.983666120471287542e+00 2.094942198216414475e+00
4.033666120471288252e+00 2.353139436878568969e+00
4.083666120471287186e+00 2.548720370101373423e+00
4.133666120471287897e+00 2.657272674848466743e+00
4.183666120471288608e+00 2.636509168778394141e+00
4.233666120471287542e+00 2.580712676002226758e+00
4.283666120471288252e+00 2.404374908446874848e+00
4.333666120471287186e+00 2.169069652418461835e+00
4.383666120471287897e+00 1.995511935885043497e+00
4.433666120471288608e+00 1.778733113619989759e+00
4.483666120471287542e+00 1.539800759773896299e+00
4.533666120471288252e+00 1.347651452031292107e+00
4.583666120471287186e+00 1.193684407543067705e+00
4.633666120471287897e+00 1.066649107329832757e+00
4.683666120471288608e+00 9.526452962819148551e-01
4.733666120471287542e+00 8.859023526068812160e-01
4.783666120471288252e+00 8.847512377306115949e-01
4.833666120471287186e+00 8.339501491344829542e-01
4.883666120471287897e+00 8.152065238850347839e-01
4.933666120471288608e+00 8.179865749069691327e-01
4.983666120471287542e+00 7.854295711422847326e-01
5.033666120471288252e+00 7.916195284958104095e-01
5.083666120471287186e+00 8.484368212565939205e-01
5.133666120471287897e+00 8.303664896140205975e-01
5.183666120471288608e+00 8.493490254981661547e-01
5.233666120471287542e+00 8.725016379152132906e-01
5.283666120471288252e+00 9.370075092835341568e-01
5.333666120471287186e+00 9.105101479807221621e-01
5.383666120471287897e+00 9.450870325660308824e-01
5.433666120471288608e+00 9.340319859241199563e-01
5.483666120471287542e+00 9.684785556177755161e-01
5.533666120471288252e+00 9.502344707863310536e-01
5.583666120471287186e+00 9.919352361153467301e-01
5.633666120471287897e+00 1.015630827247615331e+00
5.683666120471288608e+00 9.371812624724049634e-01
5.733666120471287542e+00 9.723662832187618399e-01
5.783666120471288252e+00 9.735173980950313499e-01
5.833666120471287186e+00 9.504733814210287735e-01
5.883666120471287897e+00 9.496697729225007656e-01
5.933666120471288608e+00 9.156575862010225553e-01
5.983666120471287542e+00 9.152666415260630739e-01
6.033666120471288252e+00 8.679840550045698766e-01
6.083666120471287186e+00 8.774318846494248980e-01
6.133666120471287897e+00 8.895294504245612188e-01
6.183666120471288608e+00 8.743260463983576480e-01
6.233666120471287542e+00 8.977827268959288620e-01
6.283666120471288252e+00 8.900941482883917288e-01
6.333666120471287186e+00 8.676365486268280414e-01
6.383666120471287897e+00 8.757160719093248780e-01
6.433666120471288608e+00 8.621633231773949690e-01
6.483666120471287542e+00 8.636836635800151374e-01
6.533666120471288252e+00 8.809503867240606745e-01
6.583666120471287186e+00 8.642266422952367133e-01
6.633666120471287897e+00 8.469816382998002213e-01
6.683666120471288608e+00 8.521073573714916805e-01
6.733666120471287542e+00 8.261746939325100847e-01
6.783666120471288252e+00 8.132300813616283319e-01
6.833666120471287186e+00 8.186598685138437581e-01
6.883666120471287897e+00 7.943995795177447583e-01
6.933666120471288608e+00 8.247846684215430768e-01
6.983666120471287542e+00 7.898168391612747641e-01
7.033666120471288252e+00 8.200064557275932309e-01
7.083666120471287186e+00 8.329510682984752057e-01
7.133666120471287897e+00 8.048030517013897711e-01
7.183666120471288608e+00 8.194634770123716550e-01
7.233666120471287542e+00 8.517381318451411332e-01
7.283666120471288252e+00 8.712419272958992211e-01
7.333666120471287186e+00 9.098151352252387136e-01
7.383666120471287897e+00 9.533403090373986366e-01
7.433666120471288608e+00 9.755807172128733162e-01
7.483666120471287542e+00 1.029183575979545351e+00
7.533666120471288252e+00 1.060198520193000649e+00
7.583666120471287186e+00 1.113909974702717021e+00
7.633666120471287897e+00 1.161474910156125251e+00
7.683666120471288608e+00 1.172681990838298161e+00
7.733666120471285765e+00 1.232887470782064288e+00
7.783666120471290029e+00 1.249198551387319833e+00
7.833666120471287186e+00 1.262078006512375117e+00
7.883666120471287897e+00 1.277954704145453313e+00
7.933666120471288608e+00 1.294352661345144151e+00
7.983666120471285765e+00 1.329277052308194929e+00
8.033666120471290029e+00 1.284383572133676488e+00
8.083666120471287186e+00 1.289531010353976992e+00
8.133666120471287897e+00 1.279518482845291238e+00
8.183666120471288608e+00 1.245658330164075123e+00
8.233666120471285765e+00 1.228435045317247232e+00
8.283666120471290029e+00 1.221810704991544316e+00
8.333666120471287186e+00 1.179914467325049232e+00
8.383666120471287897e+00 1.153721174102761315e+00
8.433666120471288608e+00 1.125095336236280996e+00
8.483666120471285765e+00 1.110847574748867306e+00
8.533666120471290029e+00 1.095079472858833336e+00
8.583666120471287186e+00 1.034396171645672435e+00
8.633666120471287897e+00 1.035308375887244559e+00
8.683666120471288608e+00 1.048079235269255616e+00
8.733666120471285765e+00 1.030443286598859309e+00
8.783666120471290029e+00 1.010570265621750341e+00
8.833666120471287186e+00 9.350093476115188817e-01
8.883666120471287897e+00 9.402436624262545672e-01
8.933666120471288608e+00 9.411558666678268015e-01
8.983666120471285765e+00 9.265823179512802099e-01
9.033666120471290029e+00 9.533620281860073487e-01
9.083666120471287186e+00 9.018659268343951485e-01
9.133666120471287897e+00 8.676799869240459095e-01
9.183666120471288608e+00 8.828182335044227891e-01
9.233666120471285765e+00 8.823838505322456616e-01
9.283666120471290029e+00 8.745432378844463228e-01
9.333666120471287186e+00 9.036468970203216378e-01
9.383666120471287897e+00 8.532150339505435443e-01
9.433666120471288608e+00 9.070350842033041427e-01
9.483666120471285765e+00 8.821883781947658099e-01
9.533666120471290029e+00 8.563643104988287735e-01
9.583666120471287186e+00 8.643352380382809397e-01
9.633666120471287897e+00 9.288628285552107400e-01
9.683666120471288608e+00 8.970659949918364795e-01
9.733666120471285765e+00 9.092721565100170267e-01
9.783666120471290029e+00 8.895728887217789760e-01
9.833666120471287186e+00 8.927656035672817403e-01
9.883666120471287897e+00 8.672673231004773831e-01
9.933666120471288608e+00 9.247579094681357414e-01
9.983666120471285765e+00 9.080124458907029572e-01
1.003366612047129003e+01 9.333369731686363968e-01
1.008366612047128719e+01 9.670885301068081752e-01
1.013366612047128790e+01 9.301876966203515007e-01
1.018366612047128861e+01 9.295795604593032335e-01
1.023366612047128577e+01 1.015761142139268491e+00
1.028366612047129003e+01 9.910230318737744959e-01
1.033366612047128719e+01 9.644170748279181637e-01
1.038366612047128790e+01 9.817489554177902811e-01
1.043366612047128861e+01 9.927388446138745159e-01
1.048366612047128577e+01 1.040890197079721968e+00
1.053366612047129003e+01 9.840729043189384573e-01
1.058366612047128719e+01 1.009028206070521128e+00
1.063366612047128790e+01 1.022537516505233501e+00
1.068366612047128861e+01 1.010657142216185855e+00
1.073366612047128577e+01 9.962573466885102924e-01
1.078366612047129003e+01 1.035742758859421908e+00
1.083366612047128719e+01 1.021147490994266160e+00
1.088366612047129145e+01 1.031637839772346910e+00
1.093366612047128861e+01 1.025860546242389315e+00
1.098366612047128577e+01 1.047253907622118785e+00
1.103366612047129003e+01 1.052249311802156972e+00
1.108366612047128719e+01 1.048991439510827739e+00
1.113366612047129145e+01 1.029531082357287186e+00
1.118366612047128861e+01 1.042649448117039856e+00
1.123366612047128577e+01 1.052792290517378770e+00
1.128366612047129003e+01 1.068777583893501193e+00
1.133366612047128719e+01 1.006530503980502145e+00
1.138366612047129145e+01 1.081027183708899386e+00
1.143366612047128861e+01 1.065780341385478280e+00
1.148366612047128577e+01 1.073620954033277286e+00
1.153366612047129003e+01 1.038001550314743504e+00
1.158366612047128719e+01 1.058439269155682538e+00
1.163366612047129145e+01 1.061718860595621150e+00
1.168366612047128861e+01 1.060806656354048805e+00
1.173366612047128577e+01 1.091995353756374909e+00
1.178366612047129003e+01 1.103897447194031267e+00
1.183366612047128719e+01 1.090735643137060951e+00
1.188366612047129145e+01 1.079854349684020942e+00
1.193366612047128861e+01 1.050446622467621438e+00
1.198366612047128577e+01 1.066040971168784601e+00
1.203366612047129003e+01 1.105178876961954382e+00
1.208366612047128719e+01 1.084480528337708805e+00
1.213366612047129145e+01 1.031876750407044296e+00
1.218366612047128861e+01 1.030030622775291116e+00
1.223366612047128577e+01 1.053921686245039346e+00
1.228366612047129003e+01 1.039695643906234812e+00
1.233366612047128719e+01 1.043344460872523527e+00
1.238366612047129145e+01 1.002599338082297953e+00
1.243366612047128861e+01 9.868963936380904522e-01
1.248366612047128577e+01 1.031246895097387206e+00
1.253366612047129003e+01 9.865923255575665962e-01
1.258366612047128719e+01 1.008072563531731358e+00
1.263366612047129145e+01 9.636786237752169582e-01
1.268366612047128861e+01 9.783607682348076651e-01
1.273366612047128577e+01 9.635048705863459295e-01
1.278366612047129003e+01 9.411341475192179784e-01
1.283366612047128719e+01 9.547737728455834016e-01
1.288366612047129145e+01 9.536009388207047355e-01
1.293366612047128861e+01 9.436318496092370722e-01
1.298366612047128577e+01 9.302311349175690358e-01
1.303366612047129003e+01 9.308392710786171920e-01
1.308366612047128719e+01 9.373984539584935272e-01
1.313366612047129145e+01 8.961103524530465991e-01
1.318366612047128861e+01 8.978478843417554423e-01
1.323366612047128577e+01 9.167001053342478389e-01
1.328366612047129003e+01 9.303614498092221963e-01
1.333366612047128719e+01 9.184159180743479700e-01
1.338366612047129145e+01 9.211090925018470266e-01
1.343366612047128861e+01 9.267126328429333704e-01
1.348366612047128577e+01 9.478670835879652312e-01
1.353366612047129003e+01 9.093373139558436069e-01
1.358366612047128719e+01 9.479322410337918114e-01
1.363366612047129145e+01 9.567502153689899647e-01
1.368366612047128861e+01 9.357477986642201984e-01
1.373366612047128577e+01 9.625275088989472261e-01
1.378366612047129003e+01 9.474761389130058609e-01
1.383366612047128719e+01 9.462381474423005034e-01
1.388366612047129145e+01 9.760585384822683119e-01
1.393366612047128861e+01 9.993631849395774314e-01
1.398366612047128577e+01 1.008268035869210877e+00
1.403366612047129003e+01 1.013502350683946673e+00
1.408366612047128719e+01 1.027424324942227463e+00
1.413366612047129145e+01 9.970392360384292552e-01
1.418366612047128861e+01 1.045016835315406123e+00
1.423366612047128577e+01 1.069255405162896189e+00
1.428366612047129003e+01 1.036329175871861130e+00
1.433366612047128719e+01 1.074185651897108018e+00
1.438366612047129145e+01 1.034439609942890081e+00
1.443366612047128861e+01 1.043366180021132461e+00
1.448366612047128577e+01 1.076661634838518067e+00
1.453366612047129003e+01 1.081222656046379349e+00
1.458366612047128719e+01 1.041585209835205639e+00
1.463366612047129145e+01 1.078355728430009597e+00
1.468366612047128861e+01 1.051011320331451948e+00
1.473366612047128577e+01 1.138126825401598374e+00
1.478366612047129003e+01 1.069993856215597505e+00
1.483366612047128719e+01 1.110760698154432013e+00
1.488366612047129145e+01 1.095709328168490204e+00
1.493366612047128861e+01 1.066431915843744083e+00
1.498366612047128577e+01 1.021560154817834798e+00
1.503366612047129003e+01 1.056918928753062259e+00
1.508366612047128719e+01 1.046884682095768015e+00
1.513366612047129145e+01 1.032007065298697679e+00
1.518366612047128861e+01 1.030095780221117474e+00
1.523366612047128577e+01 1.038153584355005377e+00
1.528366612047129003e+01 1.031681278069564556e+00
1.533366612047128719e+01 1.042410537482342470e+00
1.538366612047129145e+01 1.006508784831893211e+00
1.543366612047128861e+01 1.014088767696386117e+00
1.548366612047128577e+01 1.028075899400493487e+00
1.553366612047129003e+01 1.041194265160246157e+00
1.558366612047128719e+01 1.045755286368107217e+00
1.563366612047129145e+01 9.988636445215737236e-01
1.568366612047128861e+01 1.010049006055137699e+00
1.573366612047128577e+01 9.840294660217208111e-01
1.578366612047129003e+01 1.032528324865310321e+00
1.583366612047128719e+01 1.008941329476085613e+00
1.588366612047129145e+01 1.014979252789349529e+00
1.593366612047128861e+01 9.981251934688724070e-01
1.598366612047128577e+01 1.017846180405719281e+00
1.603366612047128825e+01 9.853543340868613498e-01
1.608366612047128541e+01 1.009744937974613732e+00
1.613366612047128967e+01 9.653509982180992210e-01
1.618366612047128683e+01 9.557076962357645700e-01
1.623366612047128399e+01 9.463467431853447298e-01
1.628366612047128825e+01 9.632659599516484317e-01
1.633366612047128541e+01 9.123345564638665195e-01
1.638366612047128967e+01 9.192412457214848009e-01
1.643366612047128683e+01 9.266691945457156132e-01
1.648366612047128399e+01 9.001283949456861944e-01
1.653366612047128825e+01 8.776490761355135728e-01
1.658366612047128541e+01 9.140069309067490044e-01
1.663366612047128967e+01 9.094893479961054794e-01
1.668366612047128683e+01 8.803422505630126293e-01
1.673366612047128399e+01 9.090766841725371750e-01
1.678366612047128825e+01 9.111834415875968984e-01
1.683366612047128541e+01 8.791476973895251401e-01
1.688366612047128967e+01 9.202403265574925495e-01
1.693366612047128683e+01 8.560819615669135185e-01
1.698366612047128399e+01 8.943945397129464681e-01
1.703366612047128825e+01 8.905936887063956586e-01
1.708366612047128541e+01 8.878570759816788449e-01
1.713366612047128967e+01 8.871837823748041085e-01
1.718366612047128683e+01 9.102495181974158411e-01
1.723366612047128399e+01 9.131381649623946384e-01
1.728366612047128825e+01 9.002587098373392438e-01
1.733366612047128541e+01 8.905285312605688564e-01
1.738366612047128967e+01 9.570977217467314668e-01
1.743366612047128683e+01 9.340537050727287793e-01
1.748366612047128399e+01 9.493874239905855106e-01
1.753366612047128825e+01 9.916311680348226520e-01
1.758366612047128541e+01 9.629401727225156415e-01
1.763366612047128967e+01 9.787951512069850146e-01
1.768366612047128683e+01 9.862231000312160489e-01
1.773366612047128399e+01 9.902628616724642452e-01
1.778366612047128825e+01 1.062761379728846212e+00
1.783366612047128541e+01 1.082178298585169340e+00
1.788366612047128967e+01 1.070059013661423863e+00
1.793366612047128683e+01 1.100596136605484388e+00
1.798366612047128399e+01 1.144686008281474487e+00
1.803366612047128825e+01 1.195009275608208466e+00
1.808366612047128541e+01 1.210342994526065308e+00
1.813366612047128967e+01 1.244833002516938514e+00
1.818366612047128683e+01 1.270461597875395920e+00
1.823366612047128399e+01 1.268354840460336197e+00
1.828366612047128825e+01 1.299543537862662079e+00
1.833366612047128541e+01 1.314095367430599959e+00
1.838366612047128967e+01 1.327691554459747847e+00
1.843366612047128683e+01 1.313747861052858568e+00
1.848366612047128399e+01 1.310946090882314952e+00
1.853366612047128825e+01 1.281755555152004122e+00
1.858366612047128541e+01 1.275087776529083561e+00
1.863366612047128967e+01 1.264575708602394322e+00
1.868366612047128683e+01 1.209865173256670312e+00
1.873366612047128399e+01 1.184909871505087420e+00
1.878366612047128825e+01 1.131980306345290233e+00
1.883366612047128541e+01 1.098597974933468890e+00
1.888366612047128967e+01 1.083242536867003336e+00
1.893366612047128683e+01 1.000188512586714262e+00
1.898366612047128399e+01 9.849633894119018684e-01
1.903366612047128825e+01 9.259307434930142966e-01
1.908366612047128541e+01 9.068613310144333362e-01
1.913366612047128967e+01 8.328207534068220452e-01
1.918366612047128683e+01 8.467861659623203696e-01
1.923366612047128399e+01 8.073441920886266221e-01
1.928366612047128825e+01 8.006329751684881924e-01
1.933366612047128541e+01 7.913154604152862204e-01
1.938366612047128967e+01 7.841481413743617290e-01
1.943366612047128683e+01 7.657303033540465709e-01
1.948366612047128399e+01 7.836268818077490872e-01
1.953366612047128825e+01 7.638624565736844563e-01
1.958366612047128541e+01 7.795219627206739776e-01
1.963366612047128967e+01 8.194200387151540088e-01
1.968366612047128683e+01 8.180951706500133591e-01
1.973366612047128399e+01 8.423554596461124699e-01
1.978366612047128825e+01 8.283031704961786312e-01
1.983366612047128541e+01 8.652691614284622190e-01
1.988366612047128967e+01 8.658990167381191982e-01
1.993366612047128683e+01 8.862932972818406974e-01
1.998366612047128399e+01 8.817322760739796372e-01
2.003366612047128825e+01 8.952415865086920110e-01
2.008366612047128541e+01 8.576457402667514440e-01
2.013366612047128967e+01 8.503915446313915494e-01
2.018366612047128683e+01 8.712636464445080442e-01
2.023366612047128399e+01 8.735875953456563314e-01
2.028366612047128825e+01 8.721758506860803895e-01
2.033366612047128541e+01 8.845992036903495004e-01
2.038366612047128967e+01 8.779314250674288278e-01
2.043366612047128683e+01 9.080993224851385826e-01
2.048366612047128399e+01 9.165046329967680983e-01
2.053366612047128825e+01 9.290583008926904807e-01
2.058366612047128541e+01 9.164829138481593862e-01
2.063366612047128967e+01 9.451739091604662857e-01
2.068366612047128683e+01 9.608768536046736752e-01
2.073366612047128399e+01 9.753200874295669953e-01
2.078366612047128825e+01 9.911967850626455245e-01
2.083366612047128541e+01 1.004467184862660289e+00
2.088366612047128967e+01 9.975170573078241398e-01
2.093366612047128683e+01 1.021733908006705827e+00
2.098366612047128399e+01 1.004293431673789261e+00
2.103366612047128825e+01 1.011634503903584781e+00
2.108366612047128541e+01 9.959315594593773913e-01
2.113366612047128967e+01 1.004597499754313450e+00
2.118366612047128683e+01 9.438707602439345701e-01
2.123366612047128399e+01 9.756893129559175426e-01
2.128366612047128825e+01 9.352916965434339147e-01
2.133366612047128541e+01 9.150277308913655760e-01
2.138366612047128967e+01 8.923963780409310820e-01
2.143366612047128683e+01 8.730663357790436896e-01
2.148366612047128399e+01 8.597307785332022334e-01
2.153366612047128825e+01 8.805377229004923700e-01
2.158366612047128541e+01 8.862932972818406974e-01
2.163366612047128967e+01 8.983039864625417259e-01
2.168366612047128683e+01 9.816403596747459437e-01
2.173366612047128399e+01 1.088998111248351774e+00
2.178366612047128825e+01 1.193402058611152894e+00
2.183366612047128541e+01 1.228217853831158779e+00
2.188366612047128967e+01 1.417022412687998001e+00
2.193366612047128683e+01 1.582305133601439540e+00
2.198366612047128399e+01 1.746979718353833366e+00
2.203366612047128825e+01 2.003613178316149046e+00
2.208366612047128541e+01 2.163531269523201850e+00
2.213366612047128967e+01 2.380701036463214848e+00
2.218366612047128683e+01 2.374967181230475788e+00
2.223366612047128399e+01 2.383350772593496369e+00
2.228366612047128825e+01 2.367908457932595301e+00
2.233366612047128541e+01 2.250451302255868313e+00
2.238366612047128967e+01 2.046703969156132175e+00
2.243366612047128683e+01 1.777799190229808479e+00
2.248366612047128399e+01 1.507200317711993920e+00
2.253366612047128825e+01 1.257821053385038024e+00
2.258366612047128541e+01 1.031963627001479811e+00
2.263366612047128967e+01 8.109930090549154480e-01
2.268366612047128683e+01 6.541590369503212932e-01
2.273366612047128399e+01 5.558364511980020684e-01
2.278366612047128825e+01 4.401602657072017921e-01
2.283366612047128541e+01 3.540438414730631145e-01
2.288366612047128967e+01 2.930564721793779692e-01
2.293366612047128683e+01 2.663636385390862893e-01
2.298366612047128399e+01 2.239678604545872476e-01
2.303366612047128825e+01 1.765983973386587302e-01
2.308366612047128541e+01 1.417608829700437445e-01
2.313366612047128967e+01 1.214317598721487146e-01
2.318366612047128683e+01 1.068147728583844353e-01
2.323366612047128399e+01 1.009940410312093473e-01
2.328366612047128825e+01 9.217606669601127733e-02
2.333366612047128541e+01 8.212010089010807201e-02
2.338366612047128967e+01 7.736360734476725731e-02
2.343366612047128683e+01 6.748139472773492797e-02
2.348366612047128399e+01 7.030488404688702009e-02
2.353366612047128825e+01 7.577810949632028670e-02
2.358366612047128541e+01 9.376156454445822019e-02
2.363366612047128967e+01 1.200200152125726477e-01
2.368366612047128683e+01 1.401319468243790722e-01
2.373366612047129109e+01 1.616121847985438065e-01
2.378366612047128825e+01 1.676283889631986490e-01
2.383366612047128541e+01 1.659342953717074243e-01
2.388366612047128257e+01 1.481028743638315159e-01
2.393366612047128683e+01 1.323130533251886953e-01
2.398366612047129109e+01 1.137649004132203212e-01
2.403366612047128825e+01 1.102463983385846558e-01
2.408366612047128541e+01 1.238425853677324051e-01
2.413366612047128257e+01 1.560303636060662302e-01
2.418366612047128683e+01 2.344582092326677469e-01
2.423366612047129109e+01 3.862099005627880888e-01
2.428366612047128825e+01 6.192346459872708486e-01
2.433366612047128541e+01 1.067213805193663045e+00
2.438366612047128257e+01 1.745024994979035293e+00
2.443366612047128683e+01 2.729315090784062647e+00
2.448366612047129109e+01 4.053053760196997146e+00
2.453366612047128825e+01 5.273170371597050377e+00
2.458366612047128541e+01 6.204444025647845251e+00
2.463366612047128257e+01 6.363189282830019167e+00
2.468366612047128683e+01 5.406113280231896745e+00
2.473366612047129109e+01 3.968674867851567534e+00
2.478366612047128825e+01 2.418752984825942143e+00
2.483366612047128541e+01 1.300043078280666231e+00
2.488366612047128257e+01 6.392597010046418005e-01
2.493366612047128683e+01 3.522411521385275801e-01
2.498366612047129109e+01 2.444055792955265871e-01
2.503366612047128825e+01 1.985998948794361896e-01
2.508366612047128541e+01 1.735359973848091542e-01
2.513366612047128257e+01 1.478856828777428967e-01
2.518366612047128683e+01 1.178046620544686979e-01
2.523366612047129109e+01 8.637705401744506795e-02
2.528366612047128825e+01 6.096565014507626667e-02
2.533366612047128541e+01 4.041933556109259668e-02
2.538366612047128257e+01 2.458607622523203973e-02
2.543366612047128683e+01 1.290117427366416041e-02
2.548366612047129109e+01 6.711216920138427140e-03
2.553366612047128825e+01 3.279591439938196219e-03
2.558366612047128541e+01 1.172834024878559919e-03
2.563366612047128257e+01 7.818893499190399457e-04
2.568366612047128683e+01 3.257872291329333468e-04
2.573366612047129109e+01 1.737531888708978049e-04
2.578366612047128825e+01 6.515744582658666666e-05
2.583366612047128541e+01 2.171914860886222561e-05
2.588366612047128257e+01 6.515744582658666666e-05
2.593366612047128683e+01 0.000000000000000000e+00
2.598366612047129109e+01 0.000000000000000000e+00
2.603366612047128825e+01 0.000000000000000000e+00
2.608366612047128541e+01 0.000000000000000000e+00
2.613366612047128257e+01 0.000000000000000000e+00
2.618366612047128683e+01 0.000000000000000000e+00
2.623366612047129109e+01 0.000000000000000000e+00
2.628366612047128825e+01 0.000000000000000000e+00
2.633366612047128541e+01 0.000000000000000000e+00
2.638366612047128257e+01 0.000000000000000000e+00
2.643366612047128683e+01 0.000000000000000000e+00
2.648366612047129109e+01 0.000000000000000000e+00
2.653366612047128825e+01 0.000000000000000000e+00
2.658366612047128541e+01 0.000000000000000000e+00
2.663366612047128257e+01 0.000000000000000000e+00
2.668366612047128683e+01 0.000000000000000000e+00
2.673366612047129109e+01 0.000000000000000000e+00
2.678366612047128825e+01 0.000000000000000000e+00
2.683366612047128541e+01 0.000000000000000000e+00
2.688366612047128257e+01 0.000000000000000000e+00
2.693366612047128683e+01 0.000000000000000000e+00
2.698366612047129109e+01 0.000000000000000000e+00
2.703366612047128825e+01 0.000000000000000000e+00
2.708366612047128541e+01 0.000000000000000000e+00
2.713366612047128257e+01 0.000000000000000000e+00
2.718366612047128683e+01 0.000000000000000000e+00
2.723366612047129109e+01 0.000000000000000000e+00
2.728366612047128825e+01 0.000000000000000000e+00
2.733366612047128541e+01 0.000000000000000000e+00
2.738366612047128257e+01 0.000000000000000000e+00
2.743366612047128683e+01 0.000000000000000000e+00
2.748366612047129109e+01 0.000000000000000000e+00
2.753366612047128825e+01 0.000000000000000000e+00
2.758366612047128541e+01 0.000000000000000000e+00
2.763366612047128257e+01 0.000000000000000000e+00
2.768366612047128683e+01 0.000000000000000000e+00
2.773366612047129109e+01 0.000000000000000000e+00
2.778366612047128825e+01 0.000000000000000000e+00
2.783366612047128541e+01 0.000000000000000000e+00
2.788366612047128257e+01 0.000000000000000000e+00
2.793366612047128683e+01 0.000000000000000000e+00
2.798366612047129109e+01 0.000000000000000000e+00
2.803366612047128825e+01 0.000000000000000000e+00
2.808366612047128541e+01 0.000000000000000000e+00
2.813366612047128257e+01 0.000000000000000000e+00
2.818366612047128683e+01 0.000000000000000000e+00
2.823366612047129109e+01 0.000000000000000000e+00
2.828366612047128825e+01 0.000000000000000000e+00
2.833366612047128541e+01 0.000000000000000000e+00
2.838366612047128257e+01 0.000000000000000000e+00
2.843366612047128683e+01 0.000000000000000000e+00
2.848366612047129109e+01 0.000000000000000000e+00
2.853366612047128825e+01 0.000000000000000000e+00
2.858366612047128541e+01 0.000000000000000000e+00
2.863366612047128257e+01 0.000000000000000000e+00
2.868366612047128683e+01 0.000000000000000000e+00
2.873366612047129109e+01 0.000000000000000000e+00
2.878366612047128825e+01 0.000000000000000000e+00
2.883366612047128541e+01 0.000000000000000000e+00
2.888366612047128257e+01 0.000000000000000000e+00
2.893366612047128683e+01 0.000000000000000000e+00
2.898366612047129109e+01 0.000000000000000000e+00
2.903366612047128825e+01 0.000000000000000000e+00
2.908366612047128541e+01 0.000000000000000000e+00
2.913366612047128257e+01 0.000000000000000000e+00
2.918366612047128683e+01 0.000000000000000000e+00
2.923366612047129109e+01 0.000000000000000000e+00
2.928366612047128825e+01 0.000000000000000000e+00
2.933366612047128541e+01 0.000000000000000000e+00
2.938366612047128257e+01 0.000000000000000000e+00
2.943366612047128683e+01 0.000000000000000000e+00
2.948366612047129109e+01 0.000000000000000000e+00
2.953366612047128825e+01 0.000000000000000000e+00
2.958366612047128541e+01 0.000000000000000000e+00
2.963366612047128257e+01 0.000000000000000000e+00
2.968366612047128683e+01 0.000000000000000000e+00
2.973366612047129109e+01 0.000000000000000000e+00
2.978366612047128825e+01 0.000000000000000000e+00
2.983366612047128541e+01 0.000000000000000000e+00
2.988366612047128257e+01 0.000000000000000000e+00
2.993366612047128683e+01 0.000000000000000000e+00
2.998366612047129109e+01 0.000000000000000000e+00
3.003366612047128825e+01 0.000000000000000000e+00
3.008366612047128541e+01 0.000000000000000000e+00
3.013366612047128967e+01 0.000000000000000000e+00
3.018366612047128683e+01 0.000000000000000000e+00
3.023366612047129109e+01 0.000000000000000000e+00
3.028366612047128825e+01 0.000000000000000000e+00
3.033366612047128541e+01 0.000000000000000000e+00
3.038366612047128967e+01 0.000000000000000000e+00
3.043366612047128683e+01 0.000000000000000000e+00
3.048366612047129109e+01 0.000000000000000000e+00
3.053366612047128825e+01 0.000000000000000000e+00
3.058366612047128541e+01 0.000000000000000000e+00
3.063366612047128967e+01 0.000000000000000000e+00
3.068366612047128683e+01 0.000000000000000000e+00
3.073366612047129109e+01 0.000000000000000000e+00
3.078366612047128825e+01 0.000000000000000000e+00
3.083366612047128541e+01 0.000000000000000000e+00
3.088366612047128967e+01 0.000000000000000000e+00
3.093366612047128683e+01 0.000000000000000000e+00
3.098366612047129109e+01 0.000000000000000000e+00
3.103366612047128825e+01 0.000000000000000000e+00
3.108366612047128541e+01 0.000000000000000000e+00
3.113366612047128967e+01 0.000000000000000000e+00
3.118366612047128683e+01 0.000000000000000000e+00
3.123366612047129109e+01 0.000000000000000000e+00
3.128366612047128825e+01 0.000000000000000000e+00
3.133366612047128541e+01 0.000000000000000000e+00
3.138366612047128967e+01 0.000000000000000000e+00
3.143366612047128683e+01 0.000000000000000000e+00
3.148366612047129109e+01 0.000000000000000000e+00
3.153366612047128825e+01 0.000000000000000000e+00
3.158366612047128541e+01 0.000000000000000000e+00
3.163366612047128967e+01 0.000000000000000000e+00
3.168366612047128683e+01 0.000000000000000000e+00
3.173366612047129109e+01 0.000000000000000000e+00
3.178366612047128825e+01 0.000000000000000000e+00
3.183366612047128541e+01 0.000000000000000000e+00
3.188366612047128967e+01 0.000000000000000000e+00
3.193366612047128683e+01 0.000000000000000000e+00
3.198366612047129109e+01 0.000000000000000000e+00
3.203366612047128825e+01 0.000000000000000000e+00
3.208366612047128541e+01 0.000000000000000000e+00
3.213366612047128967e+01 0.000000000000000000e+00
3.218366612047128683e+01 0.000000000000000000e+00
3.223366612047129109e+01 0.000000000000000000e+00
3.228366612047128825e+01 0.000000000000000000e+00
3.233366612047128541e+01 0.000000000000000000e+00
3.238366612047128967e+01 0.000000000000000000e+00
3.243366612047128683e+01 0.000000000000000000e+00
3.248366612047129109e+01 0.000000000000000000e+00
3.253366612047128825e+01 0.000000000000000000e+00
3.258366612047128541e+01 0.000000000000000000e+00
3.263366612047128967e+01 0.000000000000000000e+00
3.268366612047128683e+01 0.000000000000000000e+00
3.273366612047129109e+01 0.000000000000000000e+00
3.278366612047128825e+01 0.000000000000000000e+00
3.283366612047128541e+01 0.000000000000000000e+00
3.288366612047128967e+01 0.000000000000000000e+00
3.293366612047128683e+01 0.000000000000000000e+00
3.298366612047129109e+01 0.000000000000000000e+00
3.303366612047128825e+01 0.000000000000000000e+00
3.308366612047128541e+01 0.000000000000000000e+00
3.313366612047128967e+01 0.000000000000000000e+00
3.318366612047128683e+01 0.000000000000000000e+00
3.323366612047129109e+01 0.000000000000000000e+00
3.328366612047128825e+01 0.000000000000000000e+00
3.333366612047128541e+01 0.000000000000000000e+00
3.338366612047128967e+01 0.000000000000000000e+00
3.343366612047128683e+01 0.000000000000000000e+00
3.348366612047129109e+01 0.000000000000000000e+00
3.353366612047128825e+01 0.000000000000000000e+00
3.358366612047128541e+01 0.000000000000000000e+00
3.363366612047128967e+01 0.000000000000000000e+00
3.368366612047128683e+01 0.000000000000000000e+00
3.373366612047129109e+01 0.000000000000000000e+00
3.378366612047128825e+01 0.000000000000000000e+00
3.383366612047128541e+01 0.000000000000000000e+00
3.388366612047128967e+01 0.000000000000000000e+00
3.393366612047128683e+01 0.000000000000000000e+00
3.398366612047129109e+01 0.000000000000000000e+00
3.403366612047128825e+01 0.000000000000000000e+00
3.408366612047128541e+01 0.000000000000000000e+00
3.413366612047128967e+01 0.000000000000000000e+00
3.418366612047128683e+01 0.000000000000000000e+00
3.423366612047129109e+01 0.000000000000000000e+00
3.428366612047128825e+01 0.000000000000000000e+00
3.433366612047128541e+01 0.000000000000000000e+00
3.438366612047128967e+01 0.000000000000000000e+00
3.443366612047128683e+01 0.000000000000000000e+00
3.448366612047129109e+01 0.000000000000000000e+00
3.453366612047128825e+01 0.000000000000000000e+00
3.458366612047128541e+01 0.000000000000000000e+00
3.463366612047128967e+01 0.000000000000000000e+00
3.468366612047128683e+01 0.000000000000000000e+00
3.473366612047129109e+01 0.000000000000000000e+00
3.478366612047128825e+01 0.000000000000000000e+00
3.483366612047128541e+01 0.000000000000000000e+00
3.488366612047128967e+01 0.000000000000000000e+00
3.493366612047128683e+01 0.000000000000000000e+00
3.498366612047129109e+01 0.000000000000000000e+00
3.503366612047128825e+01 0.000000000000000000e+00
3.508366612047128541e+01 0.000000000000000000e+00
3.513366612047128967e+01 0.000000000000000000e+00
3.518366612047128683e+01 0.000000000000000000e+00
3.523366612047129109e+01 0.000000000000000000e+00
3.528366612047128825e+01 0.000000000000000000e+00
3.533366612047128541e+01 0.000000000000000000e+00
3.538366612047128967e+01 0.000000000000000000e+00
3.543366612047128683e+01 0.000000000000000000e+00
3.548366612047129109e+01 0.000000000000000000e+00
3.553366612047128825e+01 0.000000000000000000e+00
3.558366612047128541e+01 0.000000000000000000e+00
3.563366612047128967e+01 0.000000000000000000e+00
3.568366612047128683e+01 0.000000000000000000e+00
3.573366612047129109e+01 0.000000000000000000e+00
3.578366612047128825e+01 0.000000000000000000e+00
3.583366612047128541e+01 0.000000000000000000e+00
3.588366612047128967e+01 0.000000000000000000e+00
3.593366612047128683e+01 0.000000000000000000e+00
3.598366612047129109e+01 0.000000000000000000e+00
3.603366612047128825e+01 0.000000000000000000e+00
3.608366612047128541e+01 0.000000000000000000e+00
3.613366612047128967e+01 0.000000000000000000e+00
3.618366612047128683e+01 0.000000000000000000e+00
3.623366612047129109e+01 0.000000000000000000e+00
3.628366612047128825e+01 0.000000000000000000e+00
3.633366612047128541e+01 0.000000000000000000e+00
3.638366612047128967e+01 0.000000000000000000e+00
3.643366612047128683e+01 0.000000000000000000e+00
3.648366612047129109e+01 0.000000000000000000e+00
3.653366612047128825e+01 0.000000000000000000e+00
3.658366612047128541e+01 0.000000000000000000e+00
3.663366612047128967e+01 0.000000000000000000e+00
3.668366612047128683e+01 0.000000000000000000e+00
3.673366612047129109e+01 0.000000000000000000e+00
3.678366612047128825e+01 0.000000000000000000e+00
3.683366612047128541e+01 0.000000000000000000e+00
3.688366612047128967e+01 0.000000000000000000e+00
3.693366612047128683e+01 0.000000000000000000e+00
3.698366612047129109e+01 0.000000000000000000e+00
3.703366612047128825e+01 0.000000000000000000e+00
3.708366612047128541e+01 0.000000000000000000e+00
3.713366612047128967e+01 0.000000000000000000e+00
3.718366612047128683e+01 0.000000000000000000e+00
3.723366612047129109e+01 0.000000000000000000e+00
3.728366612047128825e+01 0.000000000000000000e+00
3.733366612047128541e+01 0.000000000000000000e+00
3.738366612047128967e+01 0.000000000000000000e+00
3.743366612047128683e+01 0.000000000000000000e+00
3.748366612047129109e+01 0.000000000000000000e+00
3.753366612047128825e+01 0.000000000000000000e+00
3.758366612047128541e+01 0.000000000000000000e+00
3.763366612047128967e+01 0.000000000000000000e+00
3.768366612047128683e+01 0.000000000000000000e+00
3.773366612047129109e+01 0.000000000000000000e+00
3.778366612047128825e+01 0.000000000000000000e+00
3.783366612047128541e+01 0.000000000000000000e+00
3.788366612047128967e+01 0.000000000000000000e+00
3.793366612047128683e+01 0.000000000000000000e+00
3.798366612047129109e+01 0.000000000000000000e+00
3.803366612047128825e+01 0.000000000000000000e+00
3.808366612047128541e+01 0.000000000000000000e+00
3.813366612047128967e+01 0.000000000000000000e+00
3.818366612047128683e+01 0.000000000000000000e+00
3.823366612047129109e+01 0.000000000000000000e+00
3.828366612047128825e+01 0.000000000000000000e+00
3.833366612047128541e+01 0.000000000000000000e+00
3.838366612047128967e+01 0.000000000000000000e+00
3.843366612047128683e+01 0.000000000000000000e+00
3.848366612047129109e+01 0.000000000000000000e+00
3.853366612047128825e+01 0.000000000000000000e+00
3.858366612047128541e+01 0.000000000000000000e+00
3.863366612047128967e+01 0.000000000000000000e+00
3.868366612047128683e+01 0.000000000000000000e+00
3.873366612047129109e+01 0.000000000000000000e+00
3.878366612047128825e+01 0.000000000000000000e+00
3.883366612047128541e+01 0.000000000000000000e+00
3.888366612047128967e+01 0.000000000000000000e+00
3.893366612047128683e+01 0.000000000000000000e+00
3.898366612047129109e+01 0.000000000000000000e+00
3.903366612047128825e+01 0.000000000000000000e+00
3.908366612047128541e+01 0.000000000000000000e+00
3.913366612047128967e+01 0.000000000000000000e+00
3.918366612047128683e+01 0.000000000000000000e+00
3.923366612047129109e+01 0.000000000000000000e+00
3.928366612047128825e+01 0.000000000000000000e+00
3.933366612047128541e+01 0.000000000000000000e+00
3.938366612047128967e+01 0.000000000000000000e+00
3.943366612047128683e+01 0.000000000000000000e+00
3.948366612047129109e+01 0.000000000000000000e+00
3.953366612047128825e+01 0.000000000000000000e+00
3.958366612047128541e+01 0.000000000000000000e+00
3.963366612047128967e+01 0.000000000000000000e+00
3.968366612047128683e+01 0.000000000000000000e+00
3.973366612047129109e+01 0.000000000000000000e+00
3.978366612047128825e+01 0.000000000000000000e+00
3.983366612047128541e+01 0.000000000000000000e+00
3.988366612047128967e+01 0.000000000000000000e+00
3.993366612047128683e+01 0.000000000000000000e+00
3.998366612047129109e+01 0.000000000000000000e+00
4.003366612047128825e+01 0.000000000000000000e+00
4.008366612047128541e+01 0.000000000000000000e+00
4.013366612047128967e+01 0.000000000000000000e+00
4.018366612047128683e+01 0.000000000000000000e+00
4.023366612047129109e+01 0.000000000000000000e+00
4.028366612047128825e+01 0.000000000000000000e+00
4.033366612047128541e+01 0.000000000000000000e+00
4.038366612047128967e+01 0.000000000000000000e+00
4.043366612047128683e+01 0.000000000000000000e+00
4.048366612047129109e+01 0.000000000000000000e+00
4.053366612047128825e+01 0.000000000000000000e+00
4.058366612047128541e+01 0.000000000000000000e+00
4.063366612047128967e+01 0.000000000000000000e+00
4.068366612047128683e+01 0.000000000000000000e+00
4.073366612047129109e+01 0.000000000000000000e+00
4.078366612047128825e+01 0.000000000000000000e+00
4.083366612047128541e+01 0.000000000000000000e+00
4.088366612047128967e+01 0.000000000000000000e+00
4.093366612047128683e+01 0.000000000000000000e+00
4.098366612047129109e+01 0.000000000000000000e+00
4.103366612047128825e+01 0.000000000000000000e+00
4.108366612047128541e+01 0.000000000000000000e+00
4.113366612047128967e+01 0.000000000000000000e+00
4.118366612047128683e+01 0.000000000000000000e+00
4.123366612047129109e+01 0.000000000000000000e+00
4.128366612047128825e+01 0.000000000000000000e+00
4.133366612047128541e+01 0.000000000000000000e+00
4.138366612047128967e+01 0.000000000000000000e+00
4.143366612047128683e+01 0.000000000000000000e+00
4.148366612047129109e+01 0.000000000000000000e+00
4.153366612047128825e+01 0.000000000000000000e+00
4.158366612047128541e+01 0.000000000000000000e+00
4.163366612047128967e+01 0.000000000000000000e+00
