-1.261509188081191724e+01 0.000000000000000000e+00
-1.256509188081191830e+01 0.000000000000000000e+00
-1.251509188081191759e+01 0.000000000000000000e+00
-1.246509188081191688e+01 0.000000000000000000e+00
-1.241509188081191795e+01 0.000000000000000000e+00
-1.236509188081191724e+01 0.000000000000000000e+00
-1.231509188081191830e+01 0.000000000000000000e+00
-1.226509188081191759e+01 0.000000000000000000e+00
-1.221509188081191688e+01 0.000000000000000000e+00
-1.216509188081191795e+01 0.000000000000000000e+00
-1.211509188081191724e+01 0.000000000000000000e+00
-1.206509188081191830e+01 0.000000000000000000e+00
-1.201509188081191759e+01 0.000000000000000000e+00
-1.196509188081191688e+01 0.000000000000000000e+00
-1.191509188081191795e+01 0.000000000000000000e+00
-1.186509188081191724e+01 0.000000000000000000e+00
-1.181509188081191830e+01 0.000000000000000000e+00
-1.176509188081191759e+01 0.000000000000000000e+00
-1.171509188081191688e+01 0.000000000000000000e+00
-1.166509188081191795e+01 0.000000000000000000e+00
-1.161509188081191724e+01 0.000000000000000000e+00
-1.156509188081191652e+01 0.000000000000000000e+00
-1.151509188081191759e+01 0.000000000000000000e+00
-1.146509188081191688e+01 0.000000000000000000e+00
-1.141509188081191795e+01 0.000000000000000000e+00
-1.136509188081191724e+01 0.000000000000000000e+00
-1.131509188081191652e+01 0.000000000000000000e+00
-1.126509188081191759e+01 0.000000000000000000e+00
-1.121509188081191688e+01 0.000000000000000000e+00
-1.116509188081191795e+01 0.000000000000000000e+00
-1.111509188081191724e+01 0.000000000000000000e+00
-1.106509188081191652e+01 0.000000000000000000e+00
-1.101509188081191759e+01 0.000000000000000000e+00
-1.096509188081191688e+01 0.000000000000000000e+00
-1.091509188081191795e+01 0.000000000000000000e+00
-1.086509188081191724e+01 0.000000000000000000e+00
-1.081509188081191652e+01 0.000000000000000000e+00
-1.076509188081191759e+01 0.000000000000000000e+00
-1.071509188081191688e+01 0.000000000000000000e+00
-1.066509188081191795e+01 0.000000000000000000e+00
-1.061509188081191724e+01 0.000000000000000000e+00
-1.056509188081191652e+01 0.000000000000000000e+00
-1.051509188081191759e+01 0.000000000000000000e+00
-1.046509188081191866e+01 0.000000000000000000e+00
-1.041509188081191795e+01 0.000000000000000000e+00
-1.036509188081191724e+01 0.000000000000000000e+00
-1.031509188081191652e+01 0.000000000000000000e+00
-1.026509188081191759e+01 0.000000000000000000e+00
-1.021509188081191688e+01 0.000000000000000000e+00
-1.016509188081191795e+01 0.000000000000000000e+00
-1.011509188081191724e+01 0.000000000000000000e+00
-1.006509188081191652e+01 0.000000000000000000e+00
-1.001509188081191759e+01 0.000000000000000000e+00
-9.965091880811916880e+00 0.000000000000000000e+00
-9.915091880811917946e+00 0.000000000000000000e+00
-9.865091880811917235e+00 0.000000000000000000e+00
-9.815091880811916525e+00 0.000000000000000000e+00
-9.765091880811917591e+00 0.000000000000000000e+00
-9.715091880811916880e+00 0.000000000000000000e+00
-9.665091880811917946e+00 0.000000000000000000e+00
-9.615091880811917235e+00 0.000000000000000000e+00
-9.565091880811916525e+00 0.000000000000000000e+00
-9.515091880811917591e+00 0.000000000000000000e+00
-9.465091880811916880e+00 0.000000000000000000e+00
-9.415091880811917946e+00 0.000000000000000000e+00
-9.365091880811917235e+00 0.000000000000000000e+00
-9.315091880811916525e+00 0.000000000000000000e+00
-9.265091880811917591e+00 0.000000000000000000e+00
-9.215091880811916880e+00 0.000000000000000000e+00
-9.165091880811917946e+00 0.000000000000000000e+00
-9.115091880811917235e+00 0.000000000000000000e+00
-9.065091880811916525e+00 0.000000000000000000e+00
-9.015091880811917591e+00 0.000000000000000000e+00
-8.965091880811916880e+00 0.000000000000000000e+00
-8.915091880811917946e+00 0.000000000000000000e+00
-8.865091880811917235e+00 0.000000000000000000e+00
-8.815091880811916525e+00 0.000000000000000000e+00
-8.765091880811917591e+00 0.000000000000000000e+00
-8.715091880811916880e+00 0.000000000000000000e+00
-8.665091880811917946e+00 0.000000000000000000e+00
-8.615091880811917235e+00 0.000000000000000000e+00
-8.565091880811916525e+00 0.000000000000000000e+00
-8.515091880811917591e+00 0.000000000000000000e+00
-8.465091880811916880e+00 0.000000000000000000e+00
-8.415091880811917946e+00 0.000000000000000000e+00
-8.365091880811917235e+00 0.000000000000000000e+00
-8.315091880811916525e+00 0.000000000000000000e+00
-8.265091880811917591e+00 0.000000000000000000e+00
-8.215091880811916880e+00 0.000000000000000000e+00
-8.165091880811917946e+00 0.000000000000000000e+00
-8.115091880811917235e+00 0.000000000000000000e+00
-8.065091880811916525e+00 0.000000000000000000e+00
-8.015091880811917591e+00 0.000000000000000000e+00
-7.965091880811916880e+00 0.000000000000000000e+00
-7.915091880811917946e+00 0.000000000000000000e+00
-7.865091880811917235e+00 0.000000000000000000e+00
-7.815091880811916525e+00 0.000000000000000000e+00
-7.765091880811917591e+00 0.000000000000000000e+00
-7.715091880811916880e+00 0.000000000000000000e+00
-7.665091880811917946e+00 0.000000000000000000e+00
-7.615091880811917235e+00 0.000000000000000000e+00
-7.565091880811916525e+00 0.000000000000000000e+00
-7.515091880811917591e+00 0.000000000000000000e+00
-7.465091880811916880e+00 0.000000000000000000e+00
-7.415091880811917946e+00 0.000000000000000000e+00
-7.365091880811917235e+00 0.000000000000000000e+00
-7.315091880811916525e+00 0.000000000000000000e+00
-7.265091880811917591e+00 0.000000000000000000e+00
-7.215091880811916880e+00 0.000000000000000000e+00
-7.165091880811917946e+00 0.000000000000000000e+00
-7.115091880811917235e+00 0.000000000000000000e+00
-7.065091880811916525e+00 0.000000000000000000e+00
-7.015091880811917591e+00 0.000000000000000000e+00
-6.965091880811916880e+00 0.000000000000000000e+00
-6.915091880811917946e+00 0.000000000000000000e+00
-6.865091880811917235e+00 0.000000000000000000e+00
-6.815091880811916525e+00 0.000000000000000000e+00
-6.765091880811917591e+00 0.000000000000000000e+00
-6.715091880811916880e+00 0.000000000000000000e+00
-6.665091880811917946e+00 0.000000000000000000e+00
-6.615091880811917235e+00 0.000000000000000000e+00
-6.565091880811916525e+00 0.000000000000000000e+00
-6.515091880811917591e+00 0.000000000000000000e+00
-6.465091880811916880e+00 0.000000000000000000e+00
-6.415091880811917946e+00 0.000000000000000000e+00
-6.365091880811917235e+00 0.000000000000000000e+00
-6.315091880811916525e+00 0.000000000000000000e+00
-6.265091880811917591e+00 0.000000000000000000e+00
-6.215091880811916880e+00 0.000000000000000000e+00
-6.165091880811917946e+00 0.000000000000000000e+00
-6.115091880811917235e+00 0.000000000000000000e+00
-6.065091880811916525e+00 0.000000000000000000e+00
-6.015091880811917591e+00 0.000000000000000000e+00
-5.965091880811916880e+00 0.000000000000000000e+00
-5.915091880811917946e+00 0.000000000000000000e+00
-5.865091880811917235e+00 0.000000000000000000e+00
-5.815091880811916525e+00 0.000000000000000000e+00
-5.765091880811917591e+00 0.000000000000000000e+00
-5.715091880811916880e+00 0.000000000000000000e+00
-5.665091880811917946e+00 0.000000000000000000e+00
-5.615091880811917235e+00 0.000000000000000000e+00
-5.565091880811916525e+00 0.000000000000000000e+00
-5.515091880811917591e+00 0.000000000000000000e+00
-5.465091880811916880e+00 0.000000000000000000e+00
-5.415091880811917946e+00 0.000000000000000000e+00
-5.365091880811917235e+00 0.000000000000000000e+00
-5.315091880811916525e+00 0.000000000000000000e+00
-5.265091880811917591e+00 0.000000000000000000e+00
-5.215091880811916880e+00 0.000000000000000000e+00
-5.165091880811917946e+00 0.000000000000000000e+00
-5.115091880811917235e+00 0.000000000000000000e+00
-5.065091880811916525e+00 0.000000000000000000e+00
-5.015091880811917591e+00 0.000000000000000000e+00
-4.965091880811916880e+00 0.000000000000000000e+00
-4.915091880811917946e+00 0.000000000000000000e+00
-4.865091880811917235e+00 0.000000000000000000e+00
-4.815091880811916525e+00 0.000000000000000000e+00
-4.765091880811917591e+00 0.000000000000000000e+00
-4.715091880811916880e+00 0.000000000000000000e+00
-4.665091880811917946e+00 0.000000000000000000e+00
-4.615091880811917235e+00 0.000000000000000000e+00
-4.565091880811918301e+00 0.000000000000000000e+00
-4.515091880811917591e+00 0.000000000000000000e+00
-4.465091880811916880e+00 0.000000000000000000e+00
-4.415091880811916170e+00 0.000000000000000000e+00
-4.365091880811917235e+00 0.000000000000000000e+00
-4.315091880811918301e+00 0.000000000000000000e+00
-4.265091880811917591e+00 0.000000000000000000e+00
-4.215091880811916880e+00 0.000000000000000000e+00
-4.165091880811916170e+00 0.000000000000000000e+00
-4.115091880811917235e+00 0.000000000000000000e+00
-4.065091880811918301e+00 0.000000000000000000e+00
-4.015091880811917591e+00 0.000000000000000000e+00
-3.965091880811916880e+00 0.000000000000000000e+00
-3.915091880811916170e+00 0.000000000000000000e+00
-3.865091880811917235e+00 0.000000000000000000e+00
-3.815091880811918301e+00 0.000000000000000000e+00
-3.765091880811917591e+00 0.000000000000000000e+00
-3.715091880811916880e+00 0.000000000000000000e+00
-3.665091880811916170e+00 0.000000000000000000e+00
-3.615091880811917235e+00 0.000000000000000000e+00
-3.565091880811918301e+00 0.000000000000000000e+00
-3.515091880811917591e+00 0.000000000000000000e+00
-3.465091880811916880e+00 0.000000000000000000e+00
-3.415091880811916170e+00 0.000000000000000000e+00
-3.365091880811917235e+00 0.000000000000000000e+00
-3.315091880811918301e+00 0.000000000000000000e+00
-3.265091880811917591e+00 0.000000000000000000e+00
-3.215091880811916880e+00 0.000000000000000000e+00
-3.165091880811916170e+00 0.000000000000000000e+00
-3.115091880811917235e+00 0.000000000000000000e+00
-3.065091880811916525e+00 0.000000000000000000e+00
-3.015091880811917591e+00 0.000000000000000000e+00
-2.965091880811916880e+00 0.000000000000000000e+00
-2.915091880811916170e+00 0.000000000000000000e+00
-2.865091880811917235e+00 0.000000000000000000e+00
-2.815091880811916525e+00 0.000000000000000000e+00
-2.765091880811917591e+00 0.000000000000000000e+00
-2.715091880811916880e+00 0.000000000000000000e+00
-2.665091880811916170e+00 0.000000000000000000e+00
-2.615091880811917235e+00 0.000000000000000000e+00
-2.565091880811916525e+00 0.000000000000000000e+00
-2.515091880811917591e+00 0.000000000000000000e+00
-2.465091880811916880e+00 0.000000000000000000e+00
-2.415091880811916170e+00 0.000000000000000000e+00
-2.365091880811917235e+00 0.000000000000000000e+00
-2.315091880811916525e+00 0.000000000000000000e+00
-2.265091880811917591e+00 0.000000000000000000e+00
-2.215091880811916880e+00 0.000000000000000000e+00
-2.165091880811916170e+00 0.000000000000000000e+00
-2.115091880811917235e+00 0.000000000000000000e+00
-2.065091880811916525e+00 0.000000000000000000e+00
-2.015091880811917591e+00 0.000000000000000000e+00
-1.965091880811916880e+00 0.000000000000000000e+00
-1.915091880811916170e+00 0.000000000000000000e+00
-1.865091880811917235e+00 0.000000000000000000e+00
-1.815091880811916525e+00 0.000000000000000000e+00
-1.765091880811917591e+00 0.000000000000000000e+00
-1.715091880811916880e+00 0.000000000000000000e+00
-1.665091880811916170e+00 0.000000000000000000e+00
-1.615091880811917235e+00 0.000000000000000000e+00
-1.565091880811916525e+00 0.000000000000000000e+00
-1.515091880811917591e+00 0.000000000000000000e+00
-1.465091880811916880e+00 0.000000000000000000e+00
-1.415091880811916170e+00 0.000000000000000000e+00
-1.365091880811917235e+00 0.000000000000000000e+00
-1.315091880811916525e+00 0.000000000000000000e+00
-1.265091880811917591e+00 0.000000000000000000e+00
-1.215091880811916880e+00 0.000000000000000000e+00
-1.165091880811916170e+00 0.000000000000000000e+00
-1.115091880811917235e+00 0.000000000000000000e+00
-1.065091880811916525e+00 0.000000000000000000e+00
-1.015091880811917591e+00 0.000000000000000000e+00
-9.650918808119168801e-01 0.000000000000000000e+00
-9.150918808119161696e-01 0.000000000000000000e+00
-8.650918808119172354e-01 0.000000000000000000e+00
-8.150918808119165249e-01 0.000000000000000000e+00
-7.650918808119175907e-01 0.000000000000000000e+00
-7.150918808119168801e-01 0.000000000000000000e+00
-6.650918808119161696e-01 0.000000000000000000e+00
-6.150918808119172354e-01 0.000000000000000000e+00
-5.650918808119165249e-01 0.000000000000000000e+00
-5.150918808119175907e-01 0.000000000000000000e+00
-4.650918808119168801e-01 0.000000000000000000e+00
-4.150918808119161696e-01 0.000000000000000000e+00
-3.650918808119172354e-01 0.000000000000000000e+00
-3.150918808119165249e-01 0.000000000000000000e+00
-2.650918808119175907e-01 0.000000000000000000e+00
-2.150918808119168801e-01 3.009978648678261239e-05
-1.650918808119161696e-01 3.009978648678261239e-05
-1.150918808119172354e-01 1.504989324339130619e-04
-6.509188081191652486e-02 1.504989324339130619e-04
-1.509188081191759068e-02 3.009978648678261239e-04
3.490811918808311987e-02 4.815965837885217982e-04
8.490811918808383041e-02 8.126942351431305344e-04
1.349081191880827646e-01 1.053492527037391650e-03
1.849081191880834751e-01 1.685588043259826294e-03
2.349081191880824093e-01 2.438082705429391386e-03
2.849081191880831199e-01 4.123670748689217680e-03
3.349081191880838304e-01 5.568460500054783074e-03
3.849081191880827646e-01 1.005332868658539297e-02
4.349081191880834751e-01 2.010665737317078594e-02
4.849081191880824093e-01 3.244756983275165485e-02
5.349081191880831199e-01 4.656436969505269030e-02
5.849081191880838304e-01 6.922950891960001629e-02
6.349081191880827646e-01 8.497169725218731151e-02
6.849081191880834751e-01 9.291804088469793332e-02
7.349081191880824093e-01 9.556682209553479801e-02
7.849081191880831199e-01 9.126255262792488943e-02
8.349081191880838304e-01 8.560379276840975049e-02
8.849081191880827646e-01 7.988483333592105717e-02
9.349081191880834751e-01 8.659708572247357128e-02
9.849081191880824093e-01 1.008342847307217571e-01
1.034908119188083120e+00 1.082087324199834943e-01
1.084908119188083830e+00 1.235897233147294078e-01
1.134908119188082765e+00 1.384590178392000326e-01
1.184908119188083475e+00 1.542915055312476802e-01
1.234908119188082409e+00 2.117218981480288864e-01
1.284908119188083120e+00 2.727040655702504535e-01
1.334908119188083830e+00 3.948489991336143201e-01
1.384908119188082765e+00 5.118769689942250789e-01
1.434908119188083475e+00 6.686667568038757725e-01
1.484908119188082409e+00 7.652268718534743774e-01
1.534908119188083120e+00 8.650678636301323277e-01
1.584908119188083830e+00 8.943248560952848925e-01
1.634908119188082765e+00 9.246353410874751377e-01
1.684908119188083475e+00 8.840006293303186435e-01
1.734908119188082409e+00 8.921576714682366571e-01
1.784908119188083120e+00 9.183745854982243717e-01
1.834908119188083830e+00 1.044974287461632123e+00
1.884908119188082765e+00 1.363008631480977284e+00
1.934908119188083475e+00 1.998324824857497628e+00
1.984908119188082409e+00 2.877419188990471000e+00
2.034908119188083120e+00 3.741222861588158199e+00
2.084908119188083830e+00 4.377622647278203161e+00
2.134908119188082765e+00 4.605989727353422047e+00
2.184908119188083475e+00 4.270828604823098118e+00
2.234908119188082409e+00 3.469391689826024194e+00
2.284908119188083120e+00 2.649593905072013200e+00
2.334908119188083830e+00 1.937432956794736150e+00
2.384908119188082765e+00 1.373513456964864154e+00
2.434908119188083475e+00 1.007590352645048037e+00
2.484908119188082409e+00 7.761530943481764755e-01
2.534908119188083120e+00 6.774257946715295242e-01
2.584908119188083830e+00 6.002198423329321297e-01
2.634908119188082765e+00 5.444449379729239258e-01
2.684908119188083475e+00 5.465519230269986206e-01
2.734908119188082409e+00 5.259034694970657897e-01
2.784908119188083120e+00 4.979708676373315046e-01
2.834908119188083830e+00 4.956531840778493625e-01
2.884908119188082765e+00 5.024557358238621596e-01
2.934908119188083475e+00 5.285823504943893969e-01
2.984908119188082409e+00 5.629864064487820619e-01
3.034908119188083120e+00 6.434130359414651501e-01
3.084908119188083830e+00 6.948535710473766613e-01
3.134908119188082765e+00 7.710060308589365974e-01
3.184908119188083475e+00 8.429144207758604290e-01
3.234908119188082409e+00 9.084416559575859695e-01
3.284908119188083120e+00 9.310164958226729848e-01
3.334908119188083830e+00 1.009155541542360757e+00
3.384908119188080988e+00 1.077752954945738306e+00
3.434908119188085251e+00 1.120314053038048874e+00
3.484908119188082409e+00 1.180242727933233260e+00
3.534908119188083120e+00 1.272408274155761188e+00
3.584908119188083830e+00 1.288511659926190100e+00
3.634908119188080988e+00 1.281980006258558236e+00
3.684908119188085251e+00 1.308768816231794752e+00
3.734908119188082409e+00 1.339109401010471601e+00
3.784908119188083120e+00 1.272919970526036559e+00
3.834908119188083830e+00 1.252542415074485049e+00
3.884908119188080988e+00 1.240984097063560165e+00
3.934908119188085251e+00 1.237131324393252241e+00
3.984908119188082409e+00 1.228793683536413051e+00
4.034908119188083120e+00 1.147193162370745645e+00
4.084908119188083830e+00 1.146922264292364657e+00
4.134908119188080988e+00 1.122210339586716232e+00
4.184908119188085251e+00 1.097167317229712946e+00
4.234908119188082409e+00 1.042295406464308405e+00
4.284908119188083120e+00 1.000908200044982266e+00
4.334908119188083830e+00 9.751427828122962715e-01
4.384908119188080988e+00 8.783719692572902193e-01
4.434908119188085251e+00 8.527570509570382429e-01
4.484908119188082409e+00 8.495062740164656123e-01
4.534908119188083120e+00 8.281956251838236138e-01
4.584908119188083830e+00 7.316054103477381831e-01
4.634908119188080988e+00 6.930776836446563838e-01
4.684908119188085251e+00 6.980140486284889256e-01
4.734908119188082409e+00 6.573793368713322094e-01
4.784908119188083120e+00 6.263464570034594781e-01
4.834908119188083830e+00 6.380251741603311100e-01
4.884908119188080988e+00 6.164436272493079016e-01
4.934908119188085251e+00 6.075039906627335284e-01
4.984908119188082409e+00 6.356171912413883796e-01
5.034908119188083120e+00 6.270688518791422972e-01
5.084908119188083830e+00 6.506971842712665488e-01
5.134908119188080988e+00 6.647537845605939744e-01
5.184908119188085251e+00 7.365718751180572177e-01
5.234908119188082409e+00 7.979754395510938458e-01
5.284908119188083120e+00 8.669942499652862899e-01
5.334908119188083830e+00 8.917362744574217626e-01
5.384908119188080988e+00 9.636747641608321979e-01
5.434908119188085251e+00 9.703569167608978585e-01
5.484908119188082409e+00 1.095180731321585332e+00
5.534908119188083120e+00 1.153363618600536045e+00
5.584908119188083830e+00 1.218439356984960087e+00
5.634908119188080988e+00 1.275237654085519035e+00
5.684908119188085251e+00 1.404155039608409039e+00
5.734908119188082409e+00 1.451592303111578275e+00
5.784908119188083120e+00 1.509624691458095302e+00
5.834908119188083830e+00 1.471879559203669974e+00
5.884908119188080988e+00 1.575452924504688879e+00
5.934908119188085251e+00 1.549717607058489710e+00
5.984908119188082409e+00 1.570396160374909256e+00
6.034908119188083120e+00 1.533554021715087146e+00
6.084908119188083830e+00 1.474287542122612482e+00
6.134908119188080988e+00 1.443435260973660261e+00
6.184908119188085251e+00 1.387931254692033045e+00
6.234908119188082409e+00 1.318611446412972787e+00
6.284908119188083120e+00 1.234693241687822907e+00
6.334908119188083830e+00 1.178376541171052505e+00
6.384908119188080988e+00 1.114233896167718729e+00
6.434908119188085251e+00 1.032091578845289126e+00
6.484908119188082409e+00 1.020352662115443731e+00
6.534908119188086673e+00 9.424544146876503437e-01
6.584908119188083830e+00 8.702751266923458573e-01
6.634908119188080988e+00 8.507704650489105180e-01
6.684908119188085251e+00 8.306939074622265995e-01
6.734908119188082409e+00 7.543608489317457089e-01
6.784908119188086673e+00 7.746180052373505820e-01
6.834908119188083830e+00 7.869288179104447778e-01
6.884908119188080988e+00 7.710361306454234231e-01
6.934908119188085251e+00 7.408761445856671957e-01
6.984908119188082409e+00 7.865375206861164870e-01
7.034908119188086673e+00 7.732635148454453100e-01
7.084908119188083830e+00 7.798854678725375411e-01
7.134908119188080988e+00 8.334931876054973987e-01
7.184908119188085251e+00 8.376469581406732479e-01
7.234908119188082409e+00 8.064936791268534355e-01
7.284908119188086673e+00 8.927596671979721732e-01
7.334908119188083830e+00 9.101573437873327066e-01
7.384908119188080988e+00 9.233711500550302320e-01
7.434908119188085251e+00 9.575645075040152276e-01
7.484908119188082409e+00 9.837513217475160054e-01
7.534908119188086673e+00 1.014513303537007971e+00
7.584908119188083830e+00 9.895003809664916217e-01
7.634908119188080988e+00 1.037690139131830502e+00
7.684908119188085251e+00 1.093164045626971115e+00
7.734908119188082409e+00 1.073749683342996253e+00
7.784908119188086673e+00 1.111675414316342314e+00
7.834908119188083830e+00 1.096143924489162425e+00
7.884908119188080988e+00 1.102284280932465999e+00
7.934908119188085251e+00 1.149872043368069363e+00
7.984908119188082409e+00 1.131962670408433791e+00
8.034908119188086673e+00 1.123504630405647742e+00
8.084908119188083830e+00 1.091478457583711092e+00
8.134908119188080988e+00 1.090455064843160571e+00
8.184908119188085251e+00 1.073388485905154788e+00
8.234908119188082409e+00 1.088317980002598828e+00
8.284908119188086673e+00 1.101200688618941825e+00
8.334908119188083830e+00 1.080732833807929616e+00
8.384908119188080988e+00 1.038472733580486862e+00
8.434908119188085251e+00 9.968447288692665609e-01
8.484908119188082409e+00 1.015626995637018970e+00
8.534908119188086673e+00 1.008071949228836584e+00
8.584908119188083830e+00 9.688218276500719650e-01
8.634908119188080988e+00 9.479927754012184016e-01
8.684908119188085251e+00 9.573839087850946061e-01
8.734908119188082409e+00 9.416417204525072693e-01
8.784908119188086673e+00 9.735474941284969486e-01
8.834908119188083830e+00 9.079901591602843602e-01
8.884908119188080988e+00 9.393842364659986677e-01
8.934908119188085251e+00 9.426952129795446167e-01
8.984908119188082409e+00 9.180133880603829066e-01
9.034908119188086673e+00 9.234915492009774241e-01
9.084908119188083830e+00 9.363140582443467697e-01
9.134908119188080988e+00 9.390230390281572026e-01
9.184908119188085251e+00 9.602132887148520091e-01
9.234908119188082409e+00 9.815239375474942296e-01
9.284908119188086673e+00 9.778517635961068155e-01
9.334908119188083830e+00 9.796878505718005226e-01
9.384908119188080988e+00 9.769186702150165491e-01
9.434908119188085251e+00 1.032151778418262555e+00
9.484908119188082409e+00 1.030496290161489803e+00
9.534908119188086673e+00 1.028359205320928060e+00
9.584908119188083830e+00 1.038713531872381246e+00
9.634908119188080988e+00 1.056743303977964121e+00
9.684908119188085251e+00 1.076278065407886064e+00
9.734908119188082409e+00 1.086843090464746586e+00
9.784908119188086673e+00 1.048285263975178072e+00
9.834908119188083830e+00 1.059693083053668605e+00
9.884908119188080988e+00 1.066886932024009527e+00
9.934908119188085251e+00 1.056111208461741668e+00
9.984908119188082409e+00 1.122571537024557475e+00
1.003490811918808667e+01 1.133828857170614102e+00
1.008490811918808383e+01 1.083471914378226986e+00
1.013490811918808099e+01 1.081154230818744733e+00
1.018490811918808525e+01 1.066254836507787296e+00
1.023490811918808241e+01 1.059482384548261047e+00
1.028490811918808667e+01 1.023121842472227705e+00
1.033490811918808383e+01 1.026192020693879714e+00
1.038490811918808099e+01 9.950688414665463943e-01
1.043490811918808525e+01 1.015657095423505796e+00
1.048490811918808241e+01 9.899819775502800567e-01
1.053490811918808667e+01 1.012285919336986195e+00
1.058490811918808383e+01 1.034108264539903344e+00
1.063490811918808099e+01 9.915772662340796018e-01
1.068490811918808525e+01 1.018697173858670757e+00
1.073490811918808241e+01 9.898916781908198015e-01
1.078490811918808667e+01 9.801995469420758944e-01
1.083490811918808383e+01 9.748417849474284580e-01
1.088490811918808099e+01 9.855874087232098235e-01
1.093490811918808525e+01 9.782731606069217101e-01
1.098490811918808241e+01 9.508823549039495671e-01
1.103490811918808667e+01 9.857078078691570155e-01
1.108490811918808383e+01 9.409193255768244502e-01
1.113490811918808099e+01 9.667449423824838739e-01
1.118490811918808525e+01 9.386317418038290228e-01
1.123490811918808241e+01 9.718017065122632747e-01
1.128490811918808667e+01 9.522368452958547280e-01
1.133490811918808383e+01 1.022911143966820369e+00
1.138490811918808099e+01 1.025319126885762877e+00
1.143490811918808525e+01 1.018245677061369037e+00
1.148490811918808241e+01 1.006235862253142654e+00
1.153490811918808667e+01 9.624406729148740069e-01
1.158490811918808383e+01 1.013038413999155729e+00
1.163490811918808099e+01 1.039225228242656618e+00
1.168490811918808525e+01 1.051596240488724021e+00
1.173490811918808241e+01 1.045335484899473588e+00
1.178490811918808667e+01 1.026583317918207783e+00
1.183490811918808383e+01 1.033054772012865996e+00
1.188490811918808099e+01 1.055027616148217495e+00
1.193490811918808525e+01 1.037900837637238061e+00
1.198490811918808241e+01 1.081154230818744733e+00
1.203490811918808667e+01 1.054455720204968472e+00
1.208490811918808383e+01 1.016710587950543143e+00
1.213490811918808099e+01 1.064388649745606985e+00
1.218490811918808525e+01 1.023031543112767450e+00
1.223490811918808241e+01 1.053643025969825286e+00
1.228490811918808667e+01 1.056321906967149005e+00
1.233490811918808383e+01 1.030706988666896917e+00
1.238490811918808099e+01 9.840222198258972153e-01
1.243490811918808525e+01 9.826978292204786580e-01
1.248490811918808241e+01 1.023091742685741101e+00
1.253490811918808667e+01 9.971156269476476597e-01
1.258490811918808383e+01 1.036456047885872422e+00
1.263490811918808099e+01 9.887177865178352620e-01
1.268490811918808525e+01 9.928715570530112222e-01
1.273490811918808241e+01 9.853165106448289468e-01
1.278490811918808667e+01 9.808918420312717767e-01
1.283490811918808383e+01 9.662633457986955499e-01
1.288490811918808099e+01 9.374578501308444833e-01
1.293490811918808525e+01 9.746310864420210107e-01
1.298490811918808241e+01 9.345381708416266031e-01
1.303490811918808667e+01 9.547351275742577137e-01
1.308490811918808383e+01 9.814035384015471486e-01
1.313490811918808099e+01 9.909150709313705452e-01
1.318490811918808525e+01 1.015356097558637760e+00
1.323490811918808241e+01 1.025860923042525075e+00
1.328490811918808667e+01 9.624707727013608327e-01
1.333490811918808383e+01 1.007921450296402677e+00
1.338490811918808099e+01 9.959718350611499460e-01
1.343490811918808525e+01 1.018456375566776595e+00
1.348490811918808241e+01 1.056081108675254843e+00
1.353490811918808667e+01 9.842931179042780920e-01
1.358490811918808383e+01 1.013881208020785518e+00
1.363490811918808099e+01 1.034770459842612844e+00
1.368490811918808525e+01 1.030586589520949836e+00
1.373490811918808241e+01 1.027907708523626118e+00
1.378490811918808667e+01 1.024416133291159436e+00
1.383490811918808383e+01 1.038262035075079526e+00
1.388490811918808099e+01 1.033506268810167938e+00
1.393490811918808525e+01 1.002112191504453520e+00
1.398490811918808241e+01 1.008011749655862932e+00
1.403490811918808667e+01 1.003045284885543786e+00
1.408490811918808383e+01 1.043529497710266485e+00
1.413490811918808099e+01 9.983798179800924544e-01
1.418490811918808525e+01 1.023603439056016251e+00
1.423490811918808241e+01 1.049007658850861002e+00
1.428490811918808667e+01 1.055659711664439726e+00
1.433490811918808383e+01 9.822162326366902230e-01
1.438490811918808099e+01 1.013188912931589636e+00
1.443490811918808525e+01 1.020111863823549347e+00
1.448490811918808241e+01 1.062943859994241125e+00
1.453490811918808667e+01 9.880856910016128092e-01
1.458490811918808383e+01 1.047592968885981968e+00
1.463490811918808099e+01 1.006627159477470945e+00
1.468490811918808525e+01 1.012586917201853787e+00
1.473490811918808241e+01 1.010780930012646905e+00
1.478490811918808667e+01 1.028840801904716606e+00
1.483490811918808383e+01 9.988614145638810005e-01
1.488490811918808099e+01 9.947979433881654066e-01
1.493490811918808525e+01 1.026794016423615341e+00
1.498490811918808241e+01 1.062913760207754521e+00
1.503490811918808667e+01 1.000998499404442743e+00
1.508490811918808383e+01 1.042054608172414021e+00
1.513490811918808099e+01 1.021466354215454730e+00
1.518490811918808525e+01 1.050301949669792512e+00
1.523490811918808241e+01 9.985002171260397574e-01
1.528490811918808667e+01 1.048586261840045886e+00
1.533490811918808383e+01 1.022850944393846717e+00
1.538490811918808099e+01 1.050121350950871779e+00
1.543490811918808525e+01 9.960019348476366607e-01
1.548490811918808241e+01 1.000005206450378825e+00
1.553490811918808667e+01 9.939852491530222212e-01
1.558490811918808383e+01 9.847446147015801454e-01
1.563490811918808099e+01 9.945571450962710225e-01
1.568490811918808525e+01 9.871826974070092575e-01
1.573490811918808241e+01 1.031038086318251779e+00
1.578490811918808667e+01 1.010269233642371534e+00
1.583490811918808383e+01 9.512736521282777469e-01
1.588490811918808099e+01 9.790858548420648955e-01
1.593490811918808525e+01 9.751728825987830973e-01
1.598490811918808241e+01 9.817045362664149621e-01
1.603490811918808845e+01 9.521465459363943618e-01
1.608490811918808561e+01 9.842028185448179478e-01
1.613490811918808276e+01 9.785741584717895236e-01
1.618490811918808703e+01 9.618988767581118093e-01
1.623490811918808419e+01 9.589490976824072144e-01
1.628490811918808845e+01 9.701161184690036965e-01
1.633490811918808561e+01 9.967544295098061946e-01
1.638490811918808276e+01 9.907043724259628759e-01
1.643490811918808703e+01 9.973865250260285364e-01
1.648490811918808419e+01 9.805005448069435969e-01
1.653490811918808845e+01 9.878749924962053619e-01
1.658490811918808561e+01 9.878147929232317104e-01
1.663490811918808276e+01 9.836911221745425760e-01
1.668490811918808703e+01 1.018034978555961478e+00
1.673490811918808419e+01 9.817647358393883916e-01
1.678490811918808845e+01 9.563003164715704330e-01
1.683490811918808561e+01 9.849553132069874817e-01
1.688490811918808276e+01 9.643369594635414765e-01
1.693490811918808703e+01 9.644272588230017318e-01
1.698490811918808419e+01 1.005122170153131655e+00
1.703490811918808845e+01 9.817647358393883916e-01
1.708490811918808561e+01 9.831493260177803784e-01
1.713490811918808276e+01 1.025830823256038027e+00
1.718490811918808703e+01 9.902227758421744408e-01
1.723490811918808419e+01 1.011051828091027893e+00
1.728490811918808845e+01 1.008764244318032466e+00
1.733490811918808561e+01 1.024235534572238704e+00
1.738490811918808276e+01 1.005393068231512865e+00
1.743490811918808703e+01 1.038653332299407595e+00
1.748490811918808419e+01 1.032272177564209859e+00
1.753490811918808845e+01 1.049429055861675675e+00
1.758490811918808561e+01 1.099394701429734722e+00
1.763490811918808276e+01 1.058458991807710525e+00
1.768490811918808703e+01 1.090695863135054733e+00
1.773490811918808419e+01 1.093073746267510415e+00
1.778490811918808845e+01 1.060716475794219127e+00
1.783490811918808561e+01 1.050362149242765941e+00
1.788490811918808276e+01 1.113330902573115067e+00
1.793490811918808703e+01 1.091448357797224267e+00
1.798490811918808419e+01 1.028118407029033676e+00
1.803490811918808845e+01 1.027365912366864142e+00
1.808490811918808561e+01 1.072696190815958683e+00
1.813490811918808276e+01 1.049910652445464443e+00
1.818490811918808703e+01 1.049158157783294687e+00
1.823490811918808419e+01 1.039104829096709315e+00
1.828490811918808845e+01 1.028178606602007328e+00
1.833490811918808561e+01 1.014122006312679680e+00
1.838490811918808276e+01 1.032031379272315474e+00
1.843490811918808703e+01 1.005122170153131655e+00
1.848490811918808419e+01 9.993430111476695465e-01
1.853490811918808845e+01 9.838416211069765938e-01
1.858490811918808561e+01 1.008463246453164652e+00
1.863490811918808276e+01 9.893197822475708891e-01
1.868490811918808703e+01 1.034168464112877217e+00
1.873490811918808419e+01 9.826677294339919433e-01
1.878490811918808845e+01 9.901625762692007893e-01
1.883490811918808561e+01 9.850757123529345627e-01
1.888490811918808276e+01 1.004580373996369680e+00
1.893490811918808703e+01 9.825172305015579255e-01
1.898490811918808419e+01 9.643971590365147950e-01
1.903490811918808845e+01 1.014844401188362610e+00
1.908490811918808561e+01 1.013369511650510368e+00
1.913490811918808276e+01 1.010299333428858359e+00
1.918490811918808703e+01 1.022549946528979126e+00
1.923490811918808419e+01 9.702064178284639517e-01
1.928490811918808845e+01 9.892294828881104118e-01
1.933490811918808561e+01 1.025349226672249703e+00
1.938490811918808987e+01 9.870622982610621765e-01
1.943490811918808703e+01 9.994032107206430871e-01
1.948490811918808419e+01 1.010841129585620557e+00
1.953490811918808134e+01 9.996741087990240748e-01
1.958490811918808561e+01 9.384812428713951160e-01
1.963490811918808987e+01 1.020352662115443731e+00
1.968490811918808703e+01 9.609657833770217650e-01
1.973490811918808419e+01 1.001991792358506439e+00
1.978490811918808134e+01 9.690325261554794123e-01
1.983490811918808561e+01 9.955504380503349404e-01
1.988490811918808987e+01 1.002924885739596705e+00
1.993490811918808703e+01 9.719522054446972925e-01
1.998490811918808419e+01 9.835406232421086692e-01
2.003490811918808134e+01 9.718017065122632747e-01
2.008490811918808561e+01 9.223778571009664251e-01
2.013490811918808987e+01 9.995838094395638196e-01
2.018490811918808703e+01 1.017824280050553920e+00
2.023490811918808419e+01 1.014513303537007971e+00
2.028490811918808134e+01 1.004339575704475518e+00
2.033490811918808561e+01 1.039706824826444942e+00
2.038490811918808987e+01 1.032181878204749381e+00
2.043490811918808703e+01 1.048104665256257340e+00
2.048490811918808419e+01 1.050121350950871779e+00
2.053490811918808134e+01 9.921792619638153399e-01
2.058490811918808561e+01 1.050151450737358605e+00
2.063490811918808987e+01 1.050000951804924476e+00
2.068490811918808703e+01 1.041934209026466940e+00
2.073490811918808419e+01 1.052378834937380381e+00
2.078490811918808134e+01 1.039375727175090303e+00
2.083490811918808561e+01 1.035402555358835075e+00
2.088490811918808987e+01 1.030827387812843998e+00
2.093490811918808703e+01 1.008704044745058814e+00
2.098490811918808419e+01 1.022850944393846717e+00
2.103490811918808134e+01 1.029412697847965408e+00
2.108490811918808561e+01 1.046298678067050458e+00
2.113490811918808987e+01 1.037238642334528560e+00
2.118490811918808703e+01 9.880856910016128092e-01
2.123490811918808419e+01 1.051566140702237417e+00
2.128490811918808134e+01 9.854068100042890910e-01
2.133490811918808561e+01 1.051505941129263988e+00
2.138490811918808987e+01 1.024596732010080169e+00
2.143490811918808703e+01 9.917879647394871601e-01
2.148490811918808419e+01 9.930521557719319548e-01
2.153490811918808134e+01 1.016981486028924131e+00
2.158490811918808561e+01 1.025650224537117516e+00
2.163490811918808987e+01 1.033024672226379170e+00
2.168490811918808703e+01 1.054094522767127007e+00
2.173490811918808419e+01 9.866710010367339967e-01
2.178490811918808134e+01 1.040549618848074953e+00
2.183490811918808561e+01 1.040098122050773011e+00
2.188490811918808987e+01 1.041693410734572556e+00
2.193490811918808703e+01 1.068632719640243200e+00
2.198490811918808419e+01 1.038683432085894420e+00
2.203490811918808134e+01 9.967845292962930204e-01
2.208490811918808561e+01 1.021436254428968127e+00
2.213490811918808987e+01 1.048736760772479792e+00
2.218490811918808703e+01 9.932327544908525763e-01
2.223490811918808419e+01 1.029984593791214209e+00
2.228490811918808134e+01 1.053221628959010392e+00
2.233490811918808561e+01 1.023392740550608693e+00
2.238490811918808987e+01 9.991624124287488140e-01
2.243490811918808703e+01 1.033837366461522578e+00
2.248490811918808419e+01 1.057646297572567562e+00
2.253490811918808134e+01 1.012677216561314264e+00
2.258490811918808561e+01 1.045877281056235342e+00
2.263490811918808987e+01 1.039586425680497861e+00
2.268490811918808703e+01 1.069535713234846419e+00
2.273490811918808419e+01 1.092712548829669172e+00
2.278490811918808134e+01 1.030044793364187861e+00
2.283490811918808561e+01 1.053342028104957473e+00
2.288490811918808987e+01 1.070378507256476430e+00
2.293490811918808703e+01 1.007801051150455374e+00
2.298490811918808419e+01 1.049910652445464443e+00
2.303490811918808134e+01 9.818550351988487579e-01
2.308490811918808561e+01 1.012797615707261345e+00
2.313490811918808987e+01 1.036726945964253410e+00
2.318490811918808703e+01 9.757447785420320097e-01
2.323490811918808419e+01 9.622600741959532744e-01
2.328490811918808134e+01 9.712599103555014102e-01
2.333490811918808561e+01 9.926307587611169492e-01
2.338490811918808987e+01 9.762263751258204447e-01
2.343490811918808703e+01 9.907344722124495906e-01
2.348490811918808419e+01 9.859486061610511776e-01
2.353490811918808134e+01 9.731260971176819430e-01
2.358490811918808561e+01 9.820657337042562052e-01
2.363490811918808987e+01 9.925404594016566939e-01
2.368490811918808703e+01 9.625309722743344842e-01
2.373490811918808419e+01 9.993731109341563723e-01
2.378490811918808134e+01 9.954601386908745742e-01
2.383490811918808561e+01 9.288794109821113532e-01
2.388490811918808987e+01 9.483539728390597556e-01
2.393490811918808703e+01 9.322204872821443500e-01
2.398490811918808419e+01 9.575946072905021644e-01
2.403490811918808134e+01 9.427855123390049830e-01
2.408490811918808561e+01 9.715910080068558274e-01
2.413490811918808987e+01 9.523873442282886348e-01
2.418490811918808703e+01 9.588888981094336739e-01
2.423490811918808419e+01 9.926006589746301234e-01
2.428490811918808134e+01 9.624707727013608327e-01
2.433490811918808561e+01 9.524475438012622863e-01
2.438490811918808987e+01 9.869418991151148735e-01
2.443490811918808703e+01 9.649389551932769926e-01
2.448490811918808419e+01 9.649088554067901669e-01
2.453490811918808134e+01 1.000306204315246639e+00
2.458490811918808561e+01 9.733066958366025645e-01
2.463490811918808987e+01 9.943765463773502900e-01
2.468490811918808703e+01 9.618687769716250946e-01
2.473490811918808419e+01 1.042807102834583555e+00
2.478490811918808134e+01 1.048736760772479792e+00
2.483490811918808561e+01 1.063636155083437229e+00
2.488490811918808987e+01 1.072515592097038173e+00
2.493490811918808703e+01 1.081605727616046453e+00
2.498490811918808419e+01 1.122360838519150139e+00
2.503490811918808134e+01 1.094729234524283612e+00
2.508490811918808561e+01 1.105565157659525344e+00
2.513490811918808987e+01 1.157306690630304669e+00
2.518490811918808703e+01 1.141775200803124779e+00
2.523490811918808419e+01 1.126875806492167342e+00
2.528490811918808134e+01 1.136929135178752936e+00
2.533490811918808561e+01 1.136146540730096577e+00
2.538490811918808987e+01 1.091568756943171348e+00
2.543490811918808703e+01 1.118778963927222980e+00
2.548490811918808419e+01 1.099785998654063235e+00
2.553490811918808134e+01 1.105565157659525344e+00
2.558490811918808561e+01 1.077632555799791225e+00
2.563490811918808987e+01 1.090545364202620826e+00
2.568490811918808703e+01 1.043980994507567983e+00
2.573490811918808419e+01 1.010720730439673476e+00
2.578490811918808845e+01 9.970253275881870714e-01
2.583490811918808561e+01 1.007229155207206350e+00
2.588490811918808987e+01 9.843232176907650288e-01
2.593490811918808703e+01 9.870923980475490023e-01
2.598490811918808419e+01 1.010299333428858359e+00
2.603490811918808845e+01 9.395046356119457487e-01
2.608490811918808561e+01 9.273142220847986339e-01
2.613490811918808987e+01 9.370364531200294778e-01
2.618490811918808703e+01 9.246353410874751377e-01
2.623490811918808419e+01 9.190668805874203651e-01
2.628490811918808845e+01 9.946474444557313888e-01
2.633490811918808561e+01 9.510930534093571254e-01
2.638490811918808987e+01 9.051607792305267353e-01
2.643490811918808703e+01 9.020003016494146930e-01
2.648490811918808419e+01 9.374578501308444833e-01
2.653490811918808845e+01 9.631329680040700003e-01
2.658490811918808561e+01 9.813132390420866713e-01
2.663490811918808987e+01 9.305950988118580902e-01
2.668490811918808703e+01 9.384511430849082902e-01
2.673490811918808419e+01 9.570227113472531411e-01
2.678490811918808845e+01 9.892294828881104118e-01
2.683490811918808561e+01 1.001480095988231067e+00
2.688490811918808987e+01 1.040489419275101524e+00
2.693490811918808703e+01 9.778216638096199897e-01
2.698490811918808419e+01 1.071371800210540348e+00
2.703490811918808845e+01 1.054726618283349682e+00
2.708490811918808561e+01 1.077843254305198339e+00
2.713490811918808987e+01 1.078144252170066375e+00
2.718490811918808703e+01 1.108545036521716654e+00
2.723490811918808419e+01 1.067428728180771724e+00
2.728490811918808845e+01 1.106016654456827286e+00
2.733490811918808561e+01 1.049338756502215642e+00
2.738490811918808987e+01 1.096745920218898052e+00
2.743490811918808703e+01 1.118417766489381515e+00
2.748490811918808419e+01 1.074652676937599471e+00
2.753490811918808845e+01 1.125370817167828275e+00
2.758490811918808561e+01 1.067789925618613189e+00
2.763490811918808987e+01 1.070017309818635187e+00
2.768490811918808703e+01 1.033777166888548926e+00
2.773490811918808419e+01 9.918180645259739858e-01
2.778490811918808845e+01 1.011112027664001545e+00
2.783490811918808561e+01 9.478121766822977801e-01
2.788490811918808987e+01 9.155151057819799210e-01
2.793490811918808703e+01 9.477218773228374138e-01
2.798490811918808419e+01 9.369762535470560483e-01
2.803490811918808845e+01 8.753619906086119729e-01
2.808490811918808561e+01 8.669641501787995752e-01
2.813490811918808987e+01 8.559476283246371109e-01
2.818490811918808703e+01 8.630511779355177771e-01
2.823490811918808419e+01 8.587469084679079101e-01
2.828490811918808845e+01 8.296404149351892521e-01
2.833490811918808561e+01 8.200084832594187745e-01
2.838490811918808987e+01 8.122126385593420039e-01
2.843490811918808703e+01 8.461350979299459008e-01
2.848490811918808419e+01 8.438776139434372991e-01
2.853490811918808845e+01 8.591081059057492642e-01
2.858490811918808561e+01 8.764154831356494313e-01
2.863490811918808987e+01 9.235216489874641388e-01
2.868490811918808703e+01 9.432370091363067033e-01
2.873490811918808419e+01 1.002744287020675973e+00
2.878490811918808845e+01 1.033867466248009181e+00
2.883490811918808561e+01 1.103397973032476997e+00
2.888490811918808987e+01 1.140450810197706444e+00
2.893490811918808703e+01 1.181988515549466490e+00
2.898490811918808419e+01 1.265846520701642941e+00
2.903490811918808845e+01 1.344978859375394187e+00
2.908490811918808561e+01 1.352172708345735330e+00
2.913490811918808987e+01 1.368667391340492312e+00
2.918490811918808703e+01 1.470434769452304336e+00
2.923490811918808419e+01 1.469652175003647976e+00
2.928490811918808845e+01 1.512845368612180774e+00
2.933490811918808561e+01 1.458906551227866499e+00
2.938490811918808987e+01 1.482083386822688809e+00
2.943490811918808703e+01 1.443585759906094168e+00
2.948490811918808419e+01 1.459297848452194568e+00
2.953490811918808845e+01 1.393018118608299272e+00
2.958490811918808561e+01 1.376824433478410104e+00
2.963490811918808987e+01 1.314879072888611722e+00
2.968490811918808703e+01 1.211275607801105769e+00
2.973490811918808419e+01 1.148186455324809341e+00
2.978490811918808845e+01 1.080883332740363523e+00
2.983490811918808561e+01 9.802296467285626091e-01
2.988490811918808987e+01 9.144014136819689220e-01
2.993490811918808703e+01 8.468875925921155456e-01
2.998490811918808419e+01 8.148012201972053559e-01
3.003490811918808845e+01 7.540598510668781174e-01
3.008490811918808561e+01 7.417490383937839216e-01
3.013490811918808987e+01 6.826631575202297686e-01
3.018490811918808703e+01 6.438344329522802667e-01
3.023490811918808419e+01 6.327577115251439288e-01
3.028490811918808845e+01 6.212896928736798552e-01
3.033490811918808561e+01 6.116577611979094886e-01
3.038490811918808987e+01 6.132229500952222079e-01
3.043490811918808703e+01 6.578910332416075812e-01
3.048490811918808419e+01 6.282728433386133293e-01
3.053490811918808845e+01 6.536168635604843180e-01
3.058490811918808561e+01 6.823320598688751293e-01
3.063490811918808987e+01 6.872985246391940528e-01
3.068490811918808703e+01 7.365417753315706140e-01
3.073490811918808419e+01 7.605614049480230454e-01
3.078490811918808845e+01 7.763336930670972080e-01
3.083490811918808561e+01 8.376168583541866441e-01
3.088490811918808987e+01 8.798769585816292871e-01
3.093490811918808703e+01 9.193678784522880676e-01
3.098490811918808419e+01 9.757146787555450729e-01
3.103490811918808845e+01 1.020593460407337894e+00
3.108490811918808561e+01 1.082448521637676464e+00
3.113490811918808987e+01 1.140902306995008164e+00
3.118490811918808703e+01 1.152310126073498697e+00
3.123490811918808419e+01 1.240111203255443550e+00
3.128490811918808845e+01 1.239960704323009644e+00
3.133490811918808561e+01 1.315029571821045851e+00
3.138490811918808987e+01 1.330561061648225518e+00
3.143490811918808703e+01 1.334383734532046617e+00
3.148490811918808419e+01 1.328273477875229869e+00
3.153490811918808845e+01 1.356055580802530525e+00
3.158490811918808561e+01 1.319875637445417471e+00
3.163490811918808987e+01 1.273281167963878024e+00
3.168490811918808703e+01 1.301725466193887737e+00
3.173490811918808419e+01 1.185118893344091706e+00
3.178490811918808845e+01 1.140300311265272537e+00
3.183490811918808561e+01 1.074532277791652390e+00
3.188490811918808987e+01 9.975069241719758395e-01
3.193490811918808703e+01 9.801393473691022429e-01
3.198490811918808419e+01 8.991107221466834165e-01
3.203490811918808845e+01 8.402957393515102513e-01
3.208490811918808561e+01 7.956577559916115927e-01
3.213490811918808987e+01 7.308830154720553640e-01
3.218490811918808703e+01 6.526536703929074479e-01
3.223490811918808419e+01 6.026278252518746381e-01
3.228490811918808845e+01 5.528728781892230382e-01
3.233490811918808561e+01 5.098000837266370988e-01
3.238490811918808987e+01 5.079940965374301065e-01
3.243490811918808703e+01 5.103719796698860112e-01
3.248490811918808419e+01 5.571169480838593646e-01
3.253490811918808845e+01 5.629262068758084103e-01
3.258490811918808561e+01 5.976011609085820631e-01
3.263490811918808987e+01 6.582221308929621095e-01
3.268490811918808703e+01 7.307325165396215683e-01
3.273490811918808419e+01 7.932196732861822586e-01
3.278490811918808845e+01 1.054847017429296763e+00
3.283490811918808561e+01 1.393620114338034899e+00
3.288490811918808987e+01 1.971475815311287683e+00
3.293490811918808703e+01 2.618199827766298782e+00
3.298490811918808419e+01 3.488806052109998834e+00
3.303490811918808845e+01 4.166713443365317460e+00
3.308490811918808561e+01 4.665557204810764524e+00
3.313490811918808987e+01 4.516292363622810946e+00
3.318490811918808703e+01 3.821408692788947015e+00
3.323490811918808419e+01 2.885184933904060500e+00
3.328490811918808845e+01 1.909741153226896415e+00
3.333490811918808561e+01 1.293478124696509024e+00
3.338490811918808987e+01 9.275550203766930180e-01
3.343490811918808703e+01 8.306939074622265995e-01
3.348490811918808419e+01 8.051391887349480525e-01
3.353490811918808845e+01 7.915641850294091730e-01
3.358490811918808561e+01 7.836479411833852105e-01
3.363490811918808987e+01 7.837683403293325135e-01
3.368490811918808703e+01 7.980055393375806716e-01
3.373490811918808419e+01 7.130639418718800471e-01
3.378490811918808845e+01 6.601786170146030086e-01
3.383490811918808561e+01 5.516387869432649582e-01
3.388490811918808987e+01 4.341894200718391383e-01
3.393490811918808703e+01 3.276060761221419870e-01
3.398490811918808419e+01 2.494971301889410964e-01
3.403490811918808845e+01 1.869196740829200121e-01
3.408490811918808561e+01 1.495658390528228077e-01
3.413490811918808987e+01 1.204593455201040247e-01
3.418490811918808703e+01 1.008342847307217571e-01
3.423490811918808419e+01 9.261704301983009202e-02
3.428490811918808845e+01 8.626598807111897360e-02
3.433490811918808561e+01 8.235301582783723096e-02
3.438490811918808987e+01 8.915556757385008357e-02
3.443490811918808703e+01 9.288794109821113532e-02
3.448490811918808419e+01 1.015566796064045207e-01
3.453490811918808845e+01 9.671061398203253945e-02
3.458490811918808561e+01 8.861377141708801086e-02
3.463490811918808987e+01 7.199868927638400362e-02
3.468490811918808703e+01 5.210273040862070659e-02
3.473490811918808419e+01 3.383216001114365545e-02
3.478490811918808845e+01 1.983575929478974265e-02
3.483490811918808561e+01 1.176901651633200166e-02
3.488490811918808987e+01 6.351054948711131430e-03
3.493490811918808703e+01 3.822672883821391990e-03
3.498490811918808419e+01 2.468182491916174649e-03
3.503490811918808845e+01 1.264191032444869720e-03
3.508490811918808561e+01 1.324390605418434945e-03
3.513490811918808987e+01 8.427940216299131468e-04
3.518490811918808703e+01 2.708980783810435115e-04
3.523490811918808419e+01 2.106985054074782867e-04
3.528490811918808845e+01 3.009978648678261239e-05
3.533490811918808561e+01 0.000000000000000000e+00
3.538490811918808987e+01 6.019957297356522477e-05
3.543490811918808703e+01 0.000000000000000000e+00
3.548490811918808419e+01 0.000000000000000000e+00
3.553490811918808845e+01 0.000000000000000000e+00
3.558490811918808561e+01 0.000000000000000000e+00
3.563490811918808987e+01 0.000000000000000000e+00
3.568490811918808703e+01 0.000000000000000000e+00
3.573490811918808419e+01 0.000000000000000000e+00
3.578490811918808845e+01 0.000000000000000000e+00
3.583490811918808561e+01 0.000000000000000000e+00
3.588490811918808987e+01 0.000000000000000000e+00
3.593490811918808703e+01 0.000000000000000000e+00
3.598490811918808419e+01 0.000000000000000000e+00
3.603490811918808845e+01 0.000000000000000000e+00
3.608490811918808561e+01 0.000000000000000000e+00
3.613490811918808987e+01 0.000000000000000000e+00
3.618490811918808703e+01 0.000000000000000000e+00
3.623490811918808419e+01 0.000000000000000000e+00
3.628490811918808845e+01 0.000000000000000000e+00
3.633490811918808561e+01 0.000000000000000000e+00
3.638490811918808987e+01 0.000000000000000000e+00
3.643490811918808703e+01 0.000000000000000000e+00
3.648490811918808419e+01 0.000000000000000000e+00
3.653490811918808845e+01 0.000000000000000000e+00
3.658490811918808561e+01 0.000000000000000000e+00
3.663490811918808987e+01 0.000000000000000000e+00
3.668490811918808703e+01 0.000000000000000000e+00
3.673490811918808419e+01 0.000000000000000000e+00
3.678490811918808845e+01 0.000000000000000000e+00
3.683490811918808561e+01 0.000000000000000000e+00
3.688490811918808987e+01 0.000000000000000000e+00
3.693490811918808703e+01 0.000000000000000000e+00
3.698490811918808419e+01 0.000000000000000000e+00
3.703490811918808845e+01 0.000000000000000000e+00
3.708490811918808561e+01 0.000000000000000000e+00
3.713490811918808987e+01 0.000000000000000000e+00
3.718490811918808703e+01 0.000000000000000000e+00
3.723490811918808419e+01 0.000000000000000000e+00
3.728490811918808845e+01 0.000000000000000000e+00
