-1.157969580055124048e+01 4.709032594077001976e-02
-1.152969580055124155e+01 6.749081290765276964e-02
-1.147969580055124084e+01 8.990261549098874094e-02
-1.142969580055124013e+01 1.043968581873341989e-01
-1.137969580055124119e+01 1.178375546083946929e-01
-1.132969580055124048e+01 1.201681266719039631e-01
-1.127969580055124155e+01 1.167201570436984248e-01
-1.122969580055124084e+01 1.005657808226614047e-01
-1.117969580055124013e+01 8.310245316869448173e-02
-1.112969580055124119e+01 6.244656104416689002e-02
-1.107969580055124048e+01 4.389776147020935104e-02
-1.102969580055124155e+01 2.793493911740594152e-02
-1.097969580055124084e+01 1.580319412927536429e-02
-1.092969580055124013e+01 1.002465243756053143e-02
-1.087969580055124119e+01 5.778541691714829398e-03
-1.082969580055124048e+01 3.160638825855072165e-03
-1.077969580055124155e+01 1.564356590574732600e-03
-1.072969580055124084e+01 1.053546275285024200e-03
-1.067969580055124013e+01 4.788846705841018694e-04
-1.062969580055124119e+01 2.873308023504611650e-04
-1.057969580055124048e+01 1.596282235280339836e-04
-1.052969580055124155e+01 3.192564470560678859e-05
-1.047969580055124084e+01 9.577693411682036576e-05
-1.042969580055124013e+01 6.385128941121357717e-05
-1.037969580055124119e+01 3.192564470560678859e-05
-1.032969580055124048e+01 0.000000000000000000e+00
-1.027969580055124155e+01 0.000000000000000000e+00
-1.022969580055124084e+01 0.000000000000000000e+00
-1.017969580055124013e+01 0.000000000000000000e+00
-1.012969580055124119e+01 0.000000000000000000e+00
-1.007969580055124048e+01 0.000000000000000000e+00
-1.002969580055124155e+01 0.000000000000000000e+00
-9.979695800551240836e+00 0.000000000000000000e+00
-9.929695800551240126e+00 0.000000000000000000e+00
-9.879695800551241192e+00 0.000000000000000000e+00
-9.829695800551240481e+00 0.000000000000000000e+00
-9.779695800551241547e+00 0.000000000000000000e+00
-9.729695800551240836e+00 0.000000000000000000e+00
-9.679695800551240126e+00 0.000000000000000000e+00
-9.629695800551241192e+00 0.000000000000000000e+00
-9.579695800551240481e+00 0.000000000000000000e+00
-9.529695800551241547e+00 0.000000000000000000e+00
-9.479695800551240836e+00 0.000000000000000000e+00
-9.429695800551240126e+00 0.000000000000000000e+00
-9.379695800551241192e+00 0.000000000000000000e+00
-9.329695800551240481e+00 0.000000000000000000e+00
-9.279695800551241547e+00 0.000000000000000000e+00
-9.229695800551240836e+00 0.000000000000000000e+00
-9.179695800551240126e+00 0.000000000000000000e+00
-9.129695800551241192e+00 0.000000000000000000e+00
-9.079695800551240481e+00 0.000000000000000000e+00
-9.029695800551241547e+00 0.000000000000000000e+00
-8.979695800551240836e+00 0.000000000000000000e+00
-8.929695800551240126e+00 0.000000000000000000e+00
-8.879695800551241192e+00 0.000000000000000000e+00
-8.829695800551240481e+00 0.000000000000000000e+00
-8.779695800551241547e+00 0.000000000000000000e+00
-8.729695800551240836e+00 0.000000000000000000e+00
-8.679695800551240126e+00 0.000000000000000000e+00
-8.629695800551241192e+00 0.000000000000000000e+00
-8.579695800551240481e+00 0.000000000000000000e+00
-8.529695800551241547e+00 0.000000000000000000e+00
-8.479695800551240836e+00 0.000000000000000000e+00
-8.429695800551240126e+00 0.000000000000000000e+00
-8.379695800551241192e+00 0.000000000000000000e+00
-8.329695800551240481e+00 0.000000000000000000e+00
-8.279695800551241547e+00 0.000000000000000000e+00
-8.229695800551240836e+00 0.000000000000000000e+00
-8.179695800551240126e+00 0.000000000000000000e+00
-8.129695800551241192e+00 0.000000000000000000e+00
-8.079695800551240481e+00 0.000000000000000000e+00
-8.029695800551241547e+00 0.000000000000000000e+00
-7.979695800551240836e+00 0.000000000000000000e+00
-7.929695800551240126e+00 0.000000000000000000e+00
-7.879695800551241192e+00 0.000000000000000000e+00
-7.829695800551240481e+00 0.000000000000000000e+00
-7.779695800551240659e+00 0.000000000000000000e+00
-7.729695800551240836e+00 0.000000000000000000e+00
-7.679695800551240126e+00 0.000000000000000000e+00
-7.629695800551241192e+00 0.000000000000000000e+00
-7.579695800551240481e+00 0.000000000000000000e+00
-7.529695800551240659e+00 0.000000000000000000e+00
-7.479695800551240836e+00 0.000000000000000000e+00
-7.429695800551240126e+00 0.000000000000000000e+00
-7.379695800551241192e+00 0.000000000000000000e+00
-7.329695800551240481e+00 0.000000000000000000e+00
-7.279695800551240659e+00 0.000000000000000000e+00
-7.229695800551240836e+00 0.000000000000000000e+00
-7.179695800551240126e+00 0.000000000000000000e+00
-7.129695800551241192e+00 0.000000000000000000e+00
-7.079695800551240481e+00 0.000000000000000000e+00
-7.029695800551240659e+00 0.000000000000000000e+00
-6.979695800551240836e+00 0.000000000000000000e+00
-6.929695800551240126e+00 0.000000000000000000e+00
-6.879695800551241192e+00 0.000000000000000000e+00
-6.829695800551240481e+00 0.000000000000000000e+00
-6.779695800551239770e+00 0.000000000000000000e+00
-6.729695800551240836e+00 0.000000000000000000e+00
-6.679695800551240126e+00 0.000000000000000000e+00
-6.629695800551241192e+00 0.000000000000000000e+00
-6.579695800551240481e+00 0.000000000000000000e+00
-6.529695800551239770e+00 0.000000000000000000e+00
-6.479695800551240836e+00 0.000000000000000000e+00
-6.429695800551240126e+00 0.000000000000000000e+00
-6.379695800551241192e+00 0.000000000000000000e+00
-6.329695800551240481e+00 0.000000000000000000e+00
-6.279695800551239770e+00 0.000000000000000000e+00
-6.229695800551240836e+00 0.000000000000000000e+00
-6.179695800551240126e+00 0.000000000000000000e+00
-6.129695800551241192e+00 0.000000000000000000e+00
-6.079695800551240481e+00 0.000000000000000000e+00
-6.029695800551239770e+00 0.000000000000000000e+00
-5.979695800551240836e+00 0.000000000000000000e+00
-5.929695800551240126e+00 0.000000000000000000e+00
-5.879695800551241192e+00 0.000000000000000000e+00
-5.829695800551240481e+00 0.000000000000000000e+00
-5.779695800551239770e+00 0.000000000000000000e+00
-5.729695800551240836e+00 0.000000000000000000e+00
-5.679695800551240126e+00 0.000000000000000000e+00
-5.629695800551241192e+00 0.000000000000000000e+00
-5.579695800551240481e+00 0.000000000000000000e+00
-5.529695800551239770e+00 0.000000000000000000e+00
-5.479695800551240836e+00 0.000000000000000000e+00
-5.429695800551240126e+00 0.000000000000000000e+00
-5.379695800551241192e+00 0.000000000000000000e+00
-5.329695800551240481e+00 0.000000000000000000e+00
-5.279695800551239770e+00 0.000000000000000000e+00
-5.229695800551240836e+00 0.000000000000000000e+00
-5.179695800551240126e+00 0.000000000000000000e+00
-5.129695800551241192e+00 0.000000000000000000e+00
-5.079695800551240481e+00 0.000000000000000000e+00
-5.029695800551239770e+00 0.000000000000000000e+00
-4.979695800551240836e+00 0.000000000000000000e+00
-4.929695800551240126e+00 0.000000000000000000e+00
-4.879695800551241192e+00 0.000000000000000000e+00
-4.829695800551240481e+00 0.000000000000000000e+00
-4.779695800551239770e+00 0.000000000000000000e+00
-4.729695800551240836e+00 0.000000000000000000e+00
-4.679695800551240126e+00 0.000000000000000000e+00
-4.629695800551241192e+00 0.000000000000000000e+00
-4.579695800551240481e+00 0.000000000000000000e+00
-4.529695800551239770e+00 0.000000000000000000e+00
-4.479695800551240836e+00 0.000000000000000000e+00
-4.429695800551240126e+00 0.000000000000000000e+00
-4.379695800551241192e+00 0.000000000000000000e+00
-4.329695800551240481e+00 0.000000000000000000e+00
-4.279695800551239770e+00 0.000000000000000000e+00
-4.229695800551240836e+00 0.000000000000000000e+00
-4.179695800551240126e+00 0.000000000000000000e+00
-4.129695800551241192e+00 0.000000000000000000e+00
-4.079695800551240481e+00 0.000000000000000000e+00
-4.029695800551239770e+00 0.000000000000000000e+00
-3.979695800551240836e+00 0.000000000000000000e+00
-3.929695800551240126e+00 0.000000000000000000e+00
-3.879695800551241192e+00 0.000000000000000000e+00
-3.829695800551240481e+00 0.000000000000000000e+00
-3.779695800551239770e+00 0.000000000000000000e+00
-3.729695800551240836e+00 0.000000000000000000e+00
-3.679695800551240126e+00 0.000000000000000000e+00
-3.629695800551241192e+00 0.000000000000000000e+00
-3.579695800551240481e+00 0.000000000000000000e+00
-3.529695800551241547e+00 0.000000000000000000e+00
-3.479695800551240836e+00 0.000000000000000000e+00
-3.429695800551240126e+00 0.000000000000000000e+00
-3.379695800551239415e+00 0.000000000000000000e+00
-3.329695800551240481e+00 0.000000000000000000e+00
-3.279695800551241547e+00 0.000000000000000000e+00
-3.229695800551240836e+00 0.000000000000000000e+00
-3.179695800551240126e+00 0.000000000000000000e+00
-3.129695800551239415e+00 0.000000000000000000e+00
-3.079695800551240481e+00 0.000000000000000000e+00
-3.029695800551241547e+00 0.000000000000000000e+00
-2.979695800551240836e+00 0.000000000000000000e+00
-2.929695800551240126e+00 0.000000000000000000e+00
-2.879695800551239415e+00 0.000000000000000000e+00
-2.829695800551240481e+00 0.000000000000000000e+00
-2.779695800551241547e+00 0.000000000000000000e+00
-2.729695800551240836e+00 0.000000000000000000e+00
-2.679695800551240126e+00 0.000000000000000000e+00
-2.629695800551239415e+00 0.000000000000000000e+00
-2.579695800551240481e+00 0.000000000000000000e+00
-2.529695800551241547e+00 0.000000000000000000e+00
-2.479695800551240836e+00 0.000000000000000000e+00
-2.429695800551240126e+00 0.000000000000000000e+00
-2.379695800551239415e+00 0.000000000000000000e+00
-2.329695800551240481e+00 0.000000000000000000e+00
-2.279695800551241547e+00 0.000000000000000000e+00
-2.229695800551240836e+00 0.000000000000000000e+00
-2.179695800551240126e+00 0.000000000000000000e+00
-2.129695800551239415e+00 0.000000000000000000e+00
-2.079695800551240481e+00 0.000000000000000000e+00
-2.029695800551239770e+00 0.000000000000000000e+00
-1.979695800551240836e+00 0.000000000000000000e+00
-1.929695800551240126e+00 0.000000000000000000e+00
-1.879695800551239415e+00 0.000000000000000000e+00
-1.829695800551240481e+00 0.000000000000000000e+00
-1.779695800551239770e+00 0.000000000000000000e+00
-1.729695800551240836e+00 0.000000000000000000e+00
-1.679695800551240126e+00 0.000000000000000000e+00
-1.629695800551239415e+00 0.000000000000000000e+00
-1.579695800551240481e+00 0.000000000000000000e+00
-1.529695800551239770e+00 0.000000000000000000e+00
-1.479695800551240836e+00 0.000000000000000000e+00
-1.429695800551240126e+00 0.000000000000000000e+00
-1.379695800551239415e+00 0.000000000000000000e+00
-1.329695800551240481e+00 0.000000000000000000e+00
-1.279695800551239770e+00 0.000000000000000000e+00
-1.229695800551240836e+00 0.000000000000000000e+00
-1.179695800551240126e+00 0.000000000000000000e+00
-1.129695800551239415e+00 0.000000000000000000e+00
-1.079695800551240481e+00 0.000000000000000000e+00
-1.029695800551239770e+00 0.000000000000000000e+00
-9.796958005512408363e-01 0.000000000000000000e+00
-9.296958005512401257e-01 0.000000000000000000e+00
-8.796958005512394152e-01 0.000000000000000000e+00
-8.296958005512404810e-01 0.000000000000000000e+00
-7.796958005512397705e-01 0.000000000000000000e+00
-7.296958005512408363e-01 0.000000000000000000e+00
-6.796958005512401257e-01 0.000000000000000000e+00
-6.296958005512394152e-01 0.000000000000000000e+00
-5.796958005512404810e-01 0.000000000000000000e+00
-5.296958005512397705e-01 0.000000000000000000e+00
-4.796958005512408363e-01 0.000000000000000000e+00
-4.296958005512401257e-01 0.000000000000000000e+00
-3.796958005512394152e-01 0.000000000000000000e+00
-3.296958005512404810e-01 0.000000000000000000e+00
-2.796958005512397705e-01 0.000000000000000000e+00
-2.296958005512408363e-01 0.000000000000000000e+00
-1.796958005512401257e-01 9.577693411682036576e-05
-1.296958005512394152e-01 6.385128941121357717e-05
-7.969580055124048101e-02 1.915538682336407315e-04
-2.969580055123977047e-02 7.981411176401698908e-04
2.030419944875916372e-02 9.896949858738107036e-04
7.030419944875987426e-02 1.723984814102766773e-03
1.203041994487605848e-01 3.511820917616747043e-03
1.703041994487595190e-01 7.374823926995168963e-03
2.203041994487602295e-01 1.053546275285024286e-02
2.703041994487591637e-01 1.979389971747621060e-02
3.203041994487598743e-01 3.307496791500864203e-02
3.703041994487605848e-01 4.929319542545688992e-02
4.203041994487595190e-01 6.972560803704523635e-02
4.703041994487602295e-01 9.539382638035309725e-02
5.203041994487591637e-01 1.157304620578246263e-01
5.703041994487598743e-01 1.310228458718102895e-01
6.203041994487605848e-01 1.403770597705530643e-01
6.703041994487595190e-01 1.346304437235438523e-01
7.203041994487602295e-01 1.210620447236609720e-01
7.703041994487591637e-01 1.013000706508903476e-01
8.203041994487598743e-01 8.073995546047957328e-02
8.703041994487605848e-01 5.708305273362495463e-02
9.203041994487595190e-01 3.965165072436363514e-02
9.703041994487602295e-01 2.512548238331254596e-02
1.020304199448759164e+00 1.625015315515385833e-02
1.070304199448759874e+00 9.481916477565216494e-03
1.120304199448760585e+00 5.012326218780265713e-03
1.170304199448759519e+00 3.511820917616747043e-03
1.220304199448760230e+00 2.202869484686868426e-03
1.270304199448759164e+00 2.075166905864441434e-03
1.320304199448759874e+00 1.915538682336407478e-03
1.370304199448760585e+00 2.330572063509295418e-03
1.420304199448759519e+00 3.032936247032645173e-03
1.470304199448760230e+00 4.405738969373736852e-03
1.520304199448759164e+00 6.576682809355000048e-03
1.570304199448759874e+00 1.369610157870531329e-02
1.620304199448760585e+00 2.464659771272844496e-02
1.670304199448759519e+00 5.765771433832586612e-02
1.720304199448760230e+00 1.093453331167032611e-01
1.770304199448759164e+00 2.268955569227474878e-01
1.820304199448759874e+00 4.551319909231305028e-01
1.870304199448760585e+00 8.117095166400525308e-01
1.920304199448759519e+00 1.452297577658053118e+00
1.970304199448760230e+00 2.318376467231753946e+00
2.020304199448759164e+00 3.386161580055478737e+00
2.070304199448759874e+00 4.637040265265858885e+00
2.120304199448760585e+00 5.404053879318063025e+00
2.170304199448759519e+00 5.618211104003272283e+00
2.220304199448760230e+00 5.341990426010361226e+00
2.270304199448759164e+00 4.444720181559284278e+00
2.320304199448759874e+00 3.299643082903284785e+00
2.370304199448760585e+00 2.154119025221406858e+00
2.420304199448759519e+00 1.333629956287312401e+00
2.470304199448760230e+00 7.896488961484783298e-01
2.520304199448759164e+00 4.816622016734896095e-01
2.570304199448759874e+00 3.087529099479232597e-01
2.620304199448760585e+00 2.519891136613544025e-01
2.670304199448759519e+00 2.389953762661724546e-01
2.720304199448760230e+00 2.494669877296114557e-01
2.770304199448759164e+00 2.642485612283074770e-01
2.820304199448759874e+00 2.670260923176952517e-01
2.870304199448760585e+00 2.674411256988681318e-01
2.920304199448759519e+00 2.694843669600269220e-01
2.970304199448760230e+00 2.634823457553728265e-01
3.020304199448759164e+00 2.545750908825085701e-01
3.070304199448759874e+00 2.601301530612841750e-01
3.120304199448760585e+00 2.582146143789477710e-01
3.170304199448759519e+00 2.881927947575125271e-01
3.220304199448760230e+00 3.441903755711467894e-01
3.270304199448759164e+00 4.303896162762851918e-01
3.320304199448759874e+00 5.063407250309237551e-01
3.370304199448760585e+00 7.098347843844614591e-01
3.420304199448759519e+00 9.024421988933872818e-01
3.470304199448760230e+00 1.090324617985883204e+00
3.520304199448759164e+00 1.335417792390826364e+00
3.570304199448759874e+00 1.505198370935243446e+00
3.620304199448760585e+00 1.625334571962441910e+00
3.670304199448759519e+00 1.748312155368439313e+00
3.720304199448760230e+00 1.693112715672445034e+00
3.770304199448759164e+00 1.712204251206397743e+00
3.820304199448759874e+00 1.549670794010153729e+00
3.870304199448760585e+00 1.464972058606178740e+00
3.920304199448759519e+00 1.329415771186172268e+00
3.970304199448760230e+00 1.276898085645449266e+00
4.020304199448759164e+00 1.221411315147104881e+00
4.070304199448759874e+00 1.181185002818040175e+00
4.120304199448760585e+00 1.160720664561746052e+00
4.170304199448759519e+00 1.177258148519250369e+00
4.220304199448760230e+00 1.198616404827301363e+00
4.270304199448759164e+00 1.234245424318758610e+00
4.320304199448759874e+00 1.237948799104608977e+00
4.370304199448760585e+00 1.215824327323623333e+00
4.420304199448757743e+00 1.216814022309497201e+00
4.470304199448762006e+00 1.265532556130253283e+00
4.520304199448759164e+00 1.208704908554273150e+00
4.570304199448759874e+00 1.173490922443988893e+00
4.620304199448760585e+00 1.116407869710363876e+00
4.670304199448757743e+00 1.049715197920351395e+00
4.720304199448762006e+00 1.018523843042973498e+00
4.770304199448759164e+00 9.937814683961282425e-01
4.820304199448759874e+00 9.107428665168448845e-01
4.870304199448760585e+00 8.708996619242477255e-01
4.920304199448757743e+00 7.761124227933012820e-01
4.970304199448762006e+00 7.771340434238805939e-01
5.020304199448759164e+00 7.366523259371711152e-01
5.070304199448759874e+00 6.418970124509303377e-01
5.120304199448760585e+00 6.701192823706867419e-01
5.170304199448757743e+00 6.595838196178361867e-01
5.220304199448762006e+00 6.153668017005710089e-01
5.270304199448759164e+00 6.140578502676410366e-01
5.320304199448759874e+00 6.145367349382251376e-01
5.370304199448760585e+00 6.163884223311503208e-01
5.420304199448757743e+00 6.448341717638460535e-01
5.470304199448762006e+00 6.806866707682422968e-01
5.520304199448759164e+00 7.042477965609803547e-01
5.570304199448759874e+00 7.202744702031949053e-01
5.620304199448760585e+00 7.333639845324936291e-01
5.670304199448757743e+00 7.677159782357265705e-01
5.720304199448762006e+00 8.345044269598560494e-01
5.770304199448759164e+00 8.799984706653457556e-01
5.820304199448759874e+00 9.028253066298546070e-01
5.870304199448760585e+00 9.214698831379288801e-01
5.920304199448757743e+00 9.668042986198905897e-01
5.970304199448762006e+00 1.010670134445394108e+00
6.020304199448759164e+00 1.049715197920351395e+00
6.070304199448759874e+00 1.051949993049743792e+00
6.120304199448760585e+00 1.091601643774107400e+00
6.170304199448757743e+00 1.142395344500727994e+00
6.220304199448762006e+00 1.125666306674990125e+00
6.270304199448759164e+00 1.152068814846526790e+00
6.320304199448759874e+00 1.179652571872171096e+00
6.370304199448760585e+00 1.207427882766048954e+00
6.420304199448757743e+00 1.253496588076239426e+00
6.470304199448762006e+00 1.261031040226762823e+00
6.520304199448759164e+00 1.230286644375263361e+00
6.570304199448759874e+00 1.275525282923108072e+00
6.620304199448760585e+00 1.284847571177145431e+00
6.670304199448757743e+00 1.275365654699580187e+00
6.720304199448762006e+00 1.282900106850103361e+00
6.770304199448759164e+00 1.280154501405421197e+00
6.820304199448759874e+00 1.256753003836211136e+00
6.870304199448760585e+00 1.217995271163604842e+00
6.920304199448757743e+00 1.189326042217969892e+00
6.970304199448762006e+00 1.143129634328956756e+00
7.020304199448759164e+00 1.127390291489092533e+00
7.070304199448759874e+00 1.121739452376200097e+00
7.120304199448760585e+00 1.005785510805436545e+00
7.170304199448757743e+00 1.017342594188866078e+00
7.220304199448762006e+00 9.795426308574275431e-01
7.270304199448759164e+00 1.010159324130104563e+00
7.320304199448759874e+00 9.484470529141665329e-01
7.370304199448760585e+00 9.377519619377883142e-01
7.420304199448757743e+00 9.527889405941292189e-01
7.470304199448762006e+00 9.361237540578024596e-01
7.520304199448759164e+00 9.326119331401858670e-01
7.570304199448763427e+00 9.351021334272229257e-01
7.620304199448760585e+00 9.442009421683208448e-01
7.670304199448757743e+00 9.298344020507977037e-01
7.720304199448762006e+00 9.353256129401621433e-01
7.770304199448759164e+00 9.590144413117224209e-01
7.820304199448763427e+00 9.664531165281288194e-01
7.870304199448760585e+00 9.742748994810025431e-01
7.920304199448757743e+00 9.611215338622924875e-01
7.970304199448762006e+00 9.647929830034374099e-01
8.020304199448759164e+00 1.008946149631291478e+00
8.070304199448763427e+00 1.020407456080604236e+00
8.120304199448760585e+00 9.797661103703668717e-01
8.170304199448757743e+00 9.811708387374135087e-01
8.220304199448762006e+00 9.302813610766763608e-01
8.270304199448759164e+00 9.906846808596843079e-01
8.320304199448763427e+00 9.748814867304090859e-01
8.370304199448760585e+00 9.693583501963389804e-01
8.420304199448757743e+00 9.455737448906620379e-01
8.470304199448762006e+00 9.787764153844931148e-01
8.520304199448759164e+00 9.250136297002511387e-01
8.570304199448763427e+00 9.521185020553113443e-01
8.620304199448760585e+00 9.682409526316427817e-01
8.670304199448757743e+00 9.690071681045774321e-01
8.720304199448762006e+00 9.889287704008760116e-01
8.770304199448759164e+00 9.736683122315958894e-01
8.820304199448763427e+00 9.679855474739980092e-01
8.870304199448760585e+00 9.652080163846100680e-01
8.920304199448757743e+00 9.589505900223114221e-01
8.970304199448762006e+00 9.974848431819787198e-01
9.020304199448759164e+00 9.564284640905682533e-01
9.070304199448763427e+00 9.796064821468387640e-01
9.120304199448760585e+00 9.875240420338292635e-01
9.170304199448757743e+00 1.014628914388889358e+00
9.220304199448762006e+00 1.009105777854819586e+00
9.270304199448759164e+00 9.752645944668764111e-01
9.320304199448763427e+00 1.012936855219492394e+00
9.370304199448760585e+00 9.953138993419974323e-01
9.420304199448757743e+00 9.826394183938713667e-01
9.470304199448762006e+00 1.007381793040716733e+00
9.520304199448759164e+00 1.015331278572412899e+00
9.570304199448763427e+00 1.045660641042739591e+00
9.620304199448760585e+00 1.020726712527660451e+00
9.670304199448757743e+00 1.050896446774458814e+00
9.720304199448762006e+00 9.838525928926845632e-01
9.770304199448759164e+00 1.051151851932103698e+00
9.820304199448763427e+00 1.084546076294168548e+00
9.870304199448760585e+00 1.029442413532291267e+00
9.920304199448757743e+00 1.057983939899103554e+00
9.970304199448762006e+00 1.077618211393051695e+00
1.002030419944875916e+01 1.065486466404921062e+00
1.007030419944876343e+01 1.075511118842481739e+00
1.012030419944876058e+01 1.132179138194933543e+00
1.017030419944875774e+01 1.076117706091888282e+00
1.022030419944876201e+01 1.092080528444691723e+00
1.027030419944875916e+01 1.079501824430682433e+00
1.032030419944876343e+01 1.101594370566962411e+00
1.037030419944876058e+01 1.064241366261402311e+00
1.042030419944875774e+01 1.031581431727566667e+00
1.047030419944876201e+01 1.076341185604827499e+00
1.052030419944875916e+01 1.109767335611597794e+00
1.057030419944876343e+01 1.024238533445277044e+00
1.062030419944876058e+01 1.046650336028613237e+00
1.067030419944875774e+01 1.009010000920702810e+00
1.072030419944876201e+01 9.975486944713898296e-01
1.077030419944875916e+01 1.008211859803062715e+00
1.082030419944876343e+01 9.819689798550537141e-01
1.087030419944876058e+01 9.985703151019692525e-01
1.092030419944875774e+01 1.007860677711300834e+00
1.097030419944876201e+01 9.504902941753254897e-01
1.102030419944875916e+01 9.573543077870307894e-01
1.107030419944876343e+01 9.583759284176103233e-01
1.112030419944876058e+01 9.467230681000637915e-01
1.117030419944875774e+01 9.607065004811197184e-01
1.122030419944876201e+01 9.664531165281288194e-01
1.127030419944875916e+01 9.754880739798155176e-01
1.132030419944876343e+01 9.407848981848210279e-01
1.137030419944876058e+01 9.272164991849380922e-01
1.142030419944875774e+01 9.343039923095828314e-01
1.147030419944876201e+01 9.513522865823766939e-01
1.152030419944875916e+01 9.716250709704371546e-01
1.157030419944876343e+01 9.878113728361798129e-01
1.162030419944876058e+01 1.021748333158239763e+00
1.167030419944875774e+01 9.918978553584973934e-01
1.172030419944876201e+01 9.952181224078805455e-01
1.177030419944875916e+01 9.627178160975728982e-01
1.182030419944876343e+01 1.005370477424263553e+00
1.187030419944876058e+01 1.001252069257240418e+00
1.192030419944875774e+01 1.028612346769945507e+00
1.197030419944876201e+01 1.026569105508786661e+00
1.202030419944875916e+01 1.053067390614439880e+00
1.207030419944876343e+01 1.040201355798080485e+00
1.212030419944876058e+01 1.074042539186023770e+00
1.217030419944875774e+01 1.034103557659309613e+00
1.222030419944876201e+01 1.067146599929612805e+00
1.227030419944875916e+01 1.051471108379159691e+00
1.232030419944876343e+01 1.084194894202406889e+00
1.237030419944876058e+01 1.072701662108388243e+00
1.242030419944875774e+01 1.062740860960238898e+00
1.247030419944876201e+01 1.032188018976973209e+00
1.252030419944875916e+01 1.101275114119906195e+00
1.257030419944876343e+01 1.073627505804850779e+00
1.262030419944876058e+01 1.037743081155748870e+00
1.267030419944875774e+01 1.041765712388655230e+00
1.272030419944876201e+01 1.092016677155280391e+00
1.277030419944875916e+01 1.063315522564939775e+00
1.282030419944876343e+01 1.086142358529448737e+00
1.287030419944876058e+01 1.027750354362893859e+00
1.292030419944875774e+01 1.048597800355655085e+00
1.297030419944876201e+01 1.051694587892098909e+00
1.302030419944875916e+01 1.060282586317907061e+00
1.307030419944876343e+01 1.086333912397682511e+00
1.312030419944876058e+01 1.049395941473295180e+00
1.317030419944875774e+01 1.055174483165010058e+00
1.322030419944876201e+01 1.032347647200501317e+00
1.327030419944875916e+01 1.042148820125122333e+00
1.332030419944876343e+01 1.025292079720562022e+00
1.337030419944876058e+01 9.762542894527501680e-01
1.342030419944875774e+01 9.833417825773947962e-01
1.347030419944876201e+01 9.825436414597545909e-01
1.352030419944875916e+01 1.019194281581791373e+00
1.357030419944876343e+01 9.737321635210072213e-01
1.362030419944876058e+01 9.905250526361563113e-01
1.367030419944875774e+01 1.005019295332501894e+00
1.372030419944876201e+01 9.684325064998764443e-01
1.377030419944875916e+01 9.963993712619880760e-01
1.382030419944876343e+01 9.841079980503293356e-01
1.387030419944876058e+01 9.938453196855394634e-01
1.392030419944875774e+01 9.976763970502122714e-01
1.397030419944876201e+01 9.591740695352506396e-01
1.402030419944875916e+01 9.936537658173056897e-01
1.407030419944876343e+01 9.993365305749037919e-01
1.412030419944876058e+01 1.002369466821936506e+00
1.417030419944875774e+01 9.759669586503996186e-01
1.422030419944876201e+01 9.149570516179850177e-01
1.427030419944875916e+01 9.468188450341807894e-01
1.432030419944876343e+01 9.520227251211945685e-01
1.437030419944876058e+01 9.828309722621051403e-01
1.442030419944875774e+01 9.522781302788392299e-01
1.447030419944876201e+01 1.018076884017095063e+00
1.452030419944875916e+01 9.985703151019692525e-01
1.457030419944876343e+01 9.744345277045305398e-01
1.462030419944876058e+01 9.595891029164234087e-01
1.467030419944875774e+01 9.517034686741386862e-01
1.472030419944876201e+01 9.786806384503761169e-01
1.477030419944875916e+01 9.879710010597078096e-01
1.482030419944876343e+01 9.629412956105120047e-01
1.487030419944876058e+01 1.014756616967711800e+00
1.492030419944875774e+01 9.797341847256613168e-01
1.497030419944876201e+01 9.819689798550537141e-01
1.502030419944875916e+01 1.002465243756053281e+00
1.507030419944876343e+01 1.005625882581908215e+00
1.512030419944876058e+01 1.014948170835945573e+00
1.517030419944875774e+01 1.019545463673552810e+00
1.522030419944876201e+01 1.017885330148861289e+00
1.527030419944875916e+01 1.032347647200501317e+00
1.532030419944876343e+01 1.057026170557935352e+00
1.537030419944876058e+01 1.023631946195870501e+00
1.542030419944875774e+01 1.029378562242879935e+00
1.547030419944876201e+01 1.002465243756053281e+00
1.552030419944875916e+01 1.088185599790607361e+00
1.557030419944876343e+01 1.019609314962964142e+00
1.562030419944876058e+01 1.094379174863495230e+00
1.567030419944875774e+01 1.064496771419047416e+00
1.572030419944876201e+01 1.061942719842598803e+00
1.577030419944875916e+01 1.085695399503570302e+00
1.582030419944876343e+01 1.051056074997986700e+00
1.587030419944876058e+01 1.078224798642458238e+00
1.592030419944875774e+01 1.097890995781112045e+00
1.597030419944876201e+01 1.097252482886999836e+00
1.602030419944875916e+01 1.095528498072897206e+00
1.607030419944876343e+01 1.039339363391029059e+00
1.612030419944876058e+01 1.069317543769593870e+00
1.617030419944875774e+01 1.032443424134618093e+00
1.622030419944876201e+01 1.035061327000477593e+00
1.627030419944875916e+01 1.024621641181744591e+00
1.632030419944876343e+01 1.033209639607552743e+00
1.637030419944876058e+01 1.006647503212487749e+00
1.642030419944875774e+01 1.061783091619070696e+00
1.647030419944876201e+01 1.002305615532525174e+00
1.652030419944875916e+01 1.065167209957865069e+00
1.657030419944876343e+01 1.028612346769945507e+00
1.662030419944876058e+01 1.017917255793566955e+00
1.667030419944875774e+01 1.022099515250001422e+00
1.672030419944876201e+01 1.023759648774693165e+00
1.677030419944875916e+01 9.976444714055066054e-01
1.682030419944876343e+01 9.678578448951755675e-01
1.687030419944876058e+01 1.013575368113604380e+00
1.692030419944875774e+01 9.848422878785583201e-01
1.697030419944876201e+01 9.614088646646429259e-01
1.702030419944875916e+01 9.909081603726237475e-01
1.707030419944876343e+01 9.821924593679930426e-01
1.712030419944876058e+01 9.917382271349695078e-01
1.717030419944875774e+01 9.936537658173056897e-01
1.722030419944876201e+01 9.771801331492125930e-01
1.727030419944875916e+01 9.763500663868669438e-01
1.732030419944876343e+01 1.002592946334875723e+00
1.737030419944876058e+01 9.838525928926845632e-01
1.742030419944875774e+01 1.003869972123099918e+00
1.747030419944876201e+01 9.994003818643151238e-01
1.752030419944875916e+01 1.025036674562917138e+00
1.757030419944876343e+01 1.030495959807576245e+00
1.762030419944876058e+01 1.015203575993590457e+00
1.767030419944875774e+01 9.884818113749975765e-01
1.772030419944876201e+01 1.042053043191005779e+00
1.777030419944875916e+01 1.008179934158357050e+00
1.782030419944876343e+01 9.891203242691097852e-01
1.787030419944876058e+01 9.934622119490721381e-01
1.792030419944875774e+01 1.021269448487655884e+00
1.797030419944876201e+01 1.024621641181744591e+00
1.802030419944875916e+01 1.054216713823841856e+00
1.807030419944876343e+01 9.394120954624798348e-01
1.812030419944876058e+01 9.856723546409040804e-01
1.817030419944875774e+01 9.694541271304558672e-01
1.822030419944876201e+01 9.791914487656659949e-01
1.827030419944875916e+01 9.303771380107932476e-01
1.832030419944876343e+01 9.523419815682505618e-01
1.837030419944876058e+01 9.769885792809790415e-01
1.842030419944875774e+01 9.918340040690862836e-01
1.847030419944876201e+01 9.338889589284099513e-01
1.852030419944875916e+01 9.218529908743960943e-01
1.857030419944876343e+01 9.312710560625502287e-01
1.862030419944876058e+01 9.609299799940589359e-01
1.867030419944875774e+01 9.741471969021802124e-01
1.872030419944876201e+01 9.257479195284801232e-01
1.877030419944875916e+01 1.049683272275645729e+00
1.882030419944876343e+01 9.794468539233107673e-01
1.887030419944876058e+01 9.905250526361563113e-01
1.892030419944875774e+01 9.963674456172824101e-01
1.897030419944876201e+01 1.022929582012347183e+00
1.902030419944875916e+01 9.971655867349227265e-01
1.907030419944876343e+01 1.005338551779557887e+00
1.912030419944876058e+01 1.050481413393285823e+00
1.917030419944875774e+01 9.900780936102779872e-01
1.922030419944876201e+01 1.047703882303898215e+00
1.927030419944875916e+01 1.022578399920585746e+00
1.932030419944876343e+01 9.990491997725534645e-01
1.937030419944876058e+01 1.032092242042856434e+00
1.942030419944875774e+01 1.055078706230893282e+00
1.947030419944876201e+01 1.039754396772202050e+00
1.952030419944875916e+01 1.060953024856724936e+00
1.957030419944876343e+01 9.943880556455346742e-01
1.962030419944876058e+01 1.048150841329776428e+00
1.967030419944875774e+01 1.043138515110996423e+00
1.972030419944876201e+01 1.068391700073131112e+00
1.977030419944875916e+01 1.040329058376902926e+00
1.982030419944876343e+01 1.066859269127262255e+00
1.987030419944876058e+01 1.061144578724958709e+00
1.992030419944875774e+01 1.060601842764963276e+00
1.997030419944876201e+01 1.034646293619305046e+00
2.002030419944875916e+01 1.045054053793332605e+00
2.007030419944876343e+01 1.010733985734805440e+00
2.012030419944876058e+01 1.056643062821468249e+00
2.017030419944875774e+01 1.020662861238249119e+00
2.022030419944876201e+01 1.003838046478394475e+00
2.027030419944875916e+01 9.952500480525862114e-01
2.032030419944876343e+01 9.970378841561001737e-01
2.037030419944876058e+01 9.882264062173526931e-01
2.042030419944876485e+01 1.036817237459286112e+00
2.047030419944876201e+01 1.027878056941716522e+00
2.052030419944875916e+01 1.013862698915954708e+00
2.057030419944875632e+01 1.021684481868828653e+00
2.062030419944876058e+01 1.067146599929612805e+00
2.067030419944876485e+01 1.008914223986585812e+00
2.072030419944876201e+01 1.020535158659426678e+00
2.077030419944875916e+01 1.001124366678417754e+00
2.082030419944875632e+01 1.011244796050095207e+00
2.087030419944876058e+01 1.034103557659309613e+00
2.092030419944876485e+01 9.762862150974556119e-01
2.097030419944876201e+01 1.000837035876067427e+00
2.102030419944875916e+01 9.889606960455815665e-01
2.107030419944875632e+01 1.008690744473646594e+00
2.112030419944876058e+01 9.924725169631984922e-01
2.117030419944876485e+01 1.029985149492286256e+00
2.122030419944876201e+01 1.002529095045464391e+00
2.127030419944875916e+01 1.000198522981955218e+00
2.132030419944875632e+01 9.765735458998061613e-01
2.137030419944876058e+01 9.427962138012742077e-01
2.142030419944876485e+01 1.012585673127730734e+00
2.147030419944876201e+01 9.705076734057407339e-01
2.152030419944875916e+01 9.568754231164467994e-01
2.157030419944875632e+01 9.846826596550302124e-01
2.162030419944876058e+01 9.758073304268716219e-01
2.167030419944876485e+01 9.771801331492125930e-01
2.172030419944876201e+01 9.454779679565451511e-01
2.177030419944875916e+01 9.706353759845632867e-01
2.182030419944875632e+01 1.009425034301875579e+00
2.187030419944876058e+01 9.851615443256145355e-01
2.192030419944876485e+01 9.793191513444883256e-01
2.197030419944876201e+01 9.446159755494937249e-01
2.202030419944875916e+01 9.866620496267779483e-01
2.207030419944875632e+01 9.770843562150959283e-01
2.212030419944876058e+01 9.615046415987598127e-01
2.217030419944876485e+01 9.653357189634326208e-01
2.222030419944876201e+01 9.541936689611757449e-01
2.227030419944875916e+01 9.815220208291751680e-01
2.232030419944875632e+01 9.586632592199607616e-01
2.237030419944876058e+01 9.831502287091613557e-01
2.242030419944876485e+01 9.779463486221472435e-01
2.247030419944876201e+01 1.013479591179487604e+00
2.252030419944875916e+01 1.007062536593660740e+00
2.257030419944875632e+01 1.001986359085469180e+00
2.262030419944876058e+01 9.931748811467218108e-01
2.267030419944876485e+01 1.034358962816954497e+00
2.272030419944876201e+01 1.041574158520421456e+00
2.277030419944875916e+01 1.048150841329776428e+00
2.282030419944875632e+01 1.040009801929846933e+00
2.287030419944876058e+01 1.053673977863846645e+00
2.292030419944876485e+01 1.056547285887351251e+00
2.297030419944876201e+01 1.043745102360402965e+00
2.302030419944875916e+01 1.086940499647089053e+00
2.307030419944875632e+01 1.051375331445042915e+00
2.312030419944876058e+01 1.012777226995964286e+00
2.317030419944876485e+01 1.085759250792981412e+00
2.322030419944876201e+01 1.036242575854585235e+00
2.327030419944875916e+01 1.058526675859098987e+00
2.332030419944875632e+01 1.014437360520655806e+00
2.337030419944876058e+01 1.040648314823959142e+00
2.342030419944876485e+01 1.049204387605061850e+00
2.347030419944876201e+01 1.052205398207388676e+00
2.352030419944875916e+01 1.080683073284789852e+00
2.357030419944875632e+01 1.054120936889725080e+00
2.362030419944876058e+01 1.068487477007248110e+00
2.367030419944876485e+01 1.051503034023865357e+00
2.372030419944876201e+01 1.022131440894707088e+00
2.377030419944875916e+01 1.052556580299150557e+00
2.382030419944875632e+01 1.058750155372038204e+00
2.387030419944876058e+01 1.012809152640669952e+00
2.392030419944876485e+01 1.034295111527543165e+00
2.397030419944876201e+01 1.010318952353632449e+00
2.402030419944875916e+01 1.026984138889959430e+00
2.407030419944875632e+01 1.042084968835711223e+00
2.412030419944876058e+01 1.007509495619538953e+00
2.417030419944876485e+01 1.006966759659543964e+00
2.422030419944876201e+01 1.001411697480768304e+00
2.427030419944875916e+01 1.020535158659426678e+00
2.432030419944875632e+01 9.847145852997358784e-01
2.437030419944876058e+01 9.832779312879836864e-01
2.442030419944876485e+01 1.003263384873693598e+00
2.447030419944876201e+01 9.969740328666889528e-01
2.452030419944875916e+01 1.004540410661917793e+00
2.457030419944875632e+01 9.605468722575916107e-01
2.462030419944876058e+01 9.781059768456752401e-01
2.467030419944876485e+01 9.593336977587785253e-01
2.472030419944876201e+01 9.554068434599888304e-01
2.477030419944875916e+01 9.607703517705308283e-01
2.482030419944875632e+01 9.222041729661578646e-01
2.487030419944876058e+01 9.806919540668295188e-01
2.492030419944876485e+01 9.685921347234044410e-01
2.497030419944876201e+01 9.024741245380929477e-01
2.502030419944875916e+01 9.749134123751147518e-01
2.507030419944875632e+01 9.899503910314554345e-01
2.512030419944876058e+01 1.015458981151235340e+00
2.517030419944876485e+01 9.858000572197266331e-01
2.522030419944876201e+01 1.029506264821702155e+00
2.527030419944875916e+01 9.624943365846336807e-01
2.532030419944875632e+01 9.823520875915210393e-01
2.537030419944876058e+01 1.010925539603038992e+00
2.542030419944876485e+01 1.030240554649931140e+00
2.547030419944876201e+01 1.048278543908599092e+00
2.552030419944875916e+01 9.832460056432780204e-01
2.557030419944875632e+01 1.067178525574318249e+00
2.562030419944876058e+01 1.028963528861706944e+00
2.567030419944876485e+01 1.048470097776832644e+00
2.572030419944876201e+01 1.035955245052234908e+00
2.577030419944875916e+01 1.001922507796057848e+00
2.582030419944875632e+01 1.033912003791075840e+00
2.587030419944876058e+01 1.015171650348884791e+00
2.592030419944876485e+01 1.049268238894472738e+00
2.597030419944876201e+01 1.029027380151118054e+00
2.602030419944875916e+01 1.011755606365384974e+00
2.607030419944875632e+01 9.949946428949413280e-01
2.612030419944876058e+01 1.014022327139483037e+00
2.617030419944876485e+01 9.971975123796281704e-01
2.622030419944876201e+01 1.015937865821819219e+00
2.627030419944875916e+01 1.023184987169992066e+00
2.632030419944875632e+01 9.819051285656426042e-01
2.637030419944876058e+01 9.490855658082787416e-01
2.642030419944876485e+01 9.526612380153066661e-01
2.647030419944876201e+01 9.519588738317832366e-01
2.652030419944875916e+01 9.860235367326658507e-01
2.657030419944875632e+01 9.879071497702966997e-01
2.662030419944876058e+01 9.736044609421847795e-01
2.667030419944876485e+01 1.013064557798314835e+00
2.672030419944876201e+01 1.024366236024099486e+00
2.677030419944875916e+01 9.940687991984786809e-01
2.682030419944876343e+01 1.034869773132244264e+00
2.687030419944876058e+01 1.056930393623818576e+00
2.692030419944876485e+01 1.051503034023865357e+00
2.697030419944876201e+01 1.042627704795706878e+00
2.702030419944875916e+01 1.063315522564939775e+00
2.707030419944876343e+01 1.069381395059005202e+00
2.712030419944876058e+01 1.070786123426052061e+00
2.717030419944876485e+01 1.069030212967243543e+00
2.722030419944876201e+01 1.070945751649579947e+00
2.727030419944875916e+01 1.063570927722584880e+00
2.732030419944876343e+01 1.083109422282416023e+00
2.737030419944876058e+01 1.100572749936382877e+00
2.742030419944876485e+01 1.071999297924864925e+00
2.747030419944876201e+01 1.080874627153023626e+00
2.752030419944875916e+01 1.065135284313159403e+00
2.757030419944876343e+01 1.050896446774458814e+00
2.762030419944876058e+01 1.055397962677949275e+00
2.767030419944876485e+01 1.057441203939108343e+00
2.772030419944876201e+01 1.042563853506295546e+00
2.777030419944875916e+01 1.021461002355889436e+00
2.782030419944876343e+01 9.984745381678525877e-01
2.787030419944876058e+01 9.900461679655724323e-01
2.792030419944876485e+01 1.015267427283001789e+00
2.797030419944876201e+01 9.829267491962221381e-01
2.802030419944875916e+01 9.369218951754425539e-01
2.807030419944876343e+01 9.891841755585207840e-01
2.812030419944876058e+01 9.421577009071622211e-01
2.817030419944876485e+01 9.818093516315257174e-01
2.822030419944876201e+01 9.972932893137449462e-01
2.827030419944875916e+01 9.738279404551241081e-01
2.832030419944876343e+01 9.427323625118628758e-01
2.837030419944876058e+01 9.589186643776057561e-01
2.842030419944876485e+01 9.342401410201716105e-01
2.847030419944876201e+01 8.996327421592937856e-01
2.852030419944875916e+01 9.191393110744194850e-01
2.857030419944876343e+01 9.351659847166342576e-01
2.862030419944876058e+01 9.095935433074431309e-01
2.867030419944876485e+01 9.761904381633389471e-01
2.872030419944876201e+01 9.778186460433249128e-01
2.877030419944875916e+01 9.517034686741386862e-01
2.882030419944876343e+01 9.631328494787456673e-01
2.887030419944876058e+01 1.017087189031221195e+00
2.892030419944876485e+01 1.017757627570039070e+00
2.897030419944876201e+01 9.860873880220770715e-01
2.902030419944875916e+01 1.004348856793684019e+00
2.907030419944876343e+01 1.040265207087491595e+00
2.912030419944876058e+01 1.006168618541903648e+00
2.917030419944876485e+01 1.056994244913229908e+00
2.922030419944876201e+01 1.014181955363011145e+00
2.927030419944875916e+01 1.000070820403132776e+00
2.932030419944876343e+01 1.086972425291794497e+00
2.937030419944876058e+01 1.058239345056748215e+00
2.942030419944876485e+01 1.109096897072780141e+00
2.947030419944876201e+01 1.084290671136523443e+00
2.952030419944875916e+01 1.078575980734219897e+00
2.957030419944876343e+01 1.063028191762589447e+00
2.962030419944876058e+01 1.044958276859215829e+00
2.967030419944876485e+01 1.041638009809832788e+00
2.972030419944876201e+01 1.038509296628683520e+00
2.977030419944875916e+01 1.054120936889725080e+00
2.982030419944876343e+01 1.079853006522444314e+00
2.987030419944876058e+01 1.041478381586304902e+00
2.992030419944876485e+01 1.025707113101735013e+00
2.997030419944876201e+01 9.697414579328063056e-01
3.002030419944875916e+01 9.596210285611289637e-01
3.007030419944876343e+01 9.893438037820488917e-01
3.012030419944876058e+01 1.004093451636039358e+00
3.017030419944876485e+01 9.265141350014147736e-01
3.022030419944876201e+01 9.418703701048115606e-01
3.027030419944875916e+01 9.465634398765359059e-01
3.032030419944876343e+01 8.686010155054439963e-01
3.037030419944876058e+01 9.114133050556627591e-01
3.042030419944876485e+01 8.920025130746538355e-01
3.047030419944876201e+01 8.943650107828687856e-01
3.052030419944875916e+01 9.079972610721627202e-01
3.057030419944876343e+01 8.724640185148224703e-01
3.062030419944876058e+01 9.328034870084191965e-01
3.067030419944876485e+01 9.294512943143306005e-01
3.072030419944876201e+01 9.278869377237558558e-01
3.077030419944875916e+01 9.745303046386473156e-01
3.082030419944876343e+01 9.976444714055066054e-01
3.087030419944876058e+01 1.015969791466524885e+00
3.092030419944876485e+01 1.083173273571827355e+00
3.097030419944876201e+01 1.063123968696706001e+00
3.102030419944875916e+01 1.148301588771265092e+00
3.107030419944876343e+01 1.138532341491349520e+00
3.112030419944876058e+01 1.245387474321015375e+00
3.117030419944876485e+01 1.238395758130487634e+00
3.122030419944876201e+01 1.220357768871819903e+00
3.127030419944875916e+01 1.233798465292880175e+00
3.132030419944876343e+01 1.228562659561160508e+00
3.137030419944876058e+01 1.266873433207888811e+00
3.142030419944876485e+01 1.180227233476871973e+00
3.147030419944876201e+01 1.208226023883689271e+00
3.152030419944875916e+01 1.154878271580620286e+00
3.157030419944876343e+01 1.181855441356858050e+00
3.162030419944876058e+01 1.155229453672381945e+00
3.167030419944876485e+01 1.153473543213573427e+00
3.172030419944876201e+01 1.115450100369195674e+00
3.177030419944875916e+01 1.080842701508317960e+00
3.182030419944876343e+01 1.045947971845089697e+00
3.187030419944876058e+01 1.009169629144230695e+00
3.192030419944876485e+01 9.930791042126048129e-01
3.197030419944876201e+01 9.653676446081382867e-01
3.202030419944875916e+01 9.377519619377883142e-01
3.207030419944876343e+01 9.245666706743728147e-01
3.212030419944876058e+01 8.794557347053504337e-01
3.217030419944876485e+01 8.044623952918800169e-01
3.222030419944876201e+01 8.006632435719127638e-01
3.227030419944875916e+01 7.455276551653298167e-01
3.232030419944876343e+01 7.385359389748019643e-01
3.237030419944876058e+01 6.932334491375459207e-01
3.242030419944876485e+01 6.837834583046863424e-01
3.247030419944876201e+01 6.455684615920749270e-01
3.252030419944875916e+01 6.529752111637756595e-01
3.257030419944876343e+01 6.551780806484626130e-01
3.262030419944876058e+01 6.574128757778551213e-01
3.267030419944876485e+01 6.803674143211863035e-01
3.272030419944876201e+01 6.785795782176724522e-01
3.277030419944875916e+01 7.285751378266527301e-01
3.282030419944876343e+01 8.048135773836415652e-01
3.287030419944876058e+01 7.843492391273477748e-01
3.292030419944876485e+01 8.854577559100043072e-01
3.297030419944876201e+01 8.613858198019768153e-01
3.302030419944875916e+01 9.498837069259189470e-01
3.307030419944876343e+01 1.003742269544277699e+00
3.312030419944876058e+01 1.041510307231010346e+00
3.317030419944876485e+01 1.066540012680206262e+00
3.322030419944876201e+01 1.115928985039779775e+00
3.327030419944875916e+01 1.170968796512245946e+00
3.332030419944876343e+01 1.164455964992302084e+00
3.337030419944876058e+01 1.249505882488038733e+00
3.342030419944876485e+01 1.176204602243965613e+00
3.347030419944876201e+01 1.176651561269844048e+00
3.352030419944875916e+01 1.235809780909333355e+00
3.357030419944876343e+01 1.255412126758575830e+00
3.362030419944876058e+01 1.205288864570773333e+00
3.367030419944876485e+01 1.237597617012847317e+00
3.372030419944876201e+01 1.162604277599377012e+00
3.377030419944875916e+01 1.195104583909684770e+00
3.382030419944876343e+01 1.187602057403867040e+00
3.387030419944876058e+01 1.224348474460020597e+00
3.392030419944876485e+01 1.293786751694715242e+00
3.397030419944876201e+01 1.314985379779238350e+00
3.402030419944875916e+01 1.444731199862824056e+00
3.407030419944876343e+01 1.566527534414714040e+00
3.412030419944876058e+01 1.674819321256132421e+00
3.417030419944876485e+01 1.658249911653922659e+00
3.422030419944876201e+01 1.643851445891693963e+00
3.427030419944875916e+01 1.609180195741404473e+00
3.432030419944876343e+01 1.420020750860684577e+00
3.437030419944876058e+01 1.298415970177028367e+00
3.442030419944876485e+01 1.053833606087374752e+00
3.447030419944876201e+01 8.848511686605977644e-01
3.452030419944875916e+01 6.948297313728262203e-01
3.457030419944876343e+01 5.317216125718812192e-01
3.462030419944876058e+01 4.059345724317903747e-01
3.467030419944876485e+01 3.447011858864365563e-01
3.472030419944876201e+01 2.647912971883027433e-01
3.477030419944875916e+01 2.509036417413638143e-01
3.482030419944876343e+01 2.522125931742936200e-01
3.487030419944876058e+01 2.483495901649152571e-01
3.492030419944876485e+01 2.517656341484151850e-01
3.497030419944876201e+01 2.618222122306813060e-01
3.502030419944875916e+01 2.624926507694990696e-01
3.507030419944876343e+01 2.577357297083636145e-01
3.512030419944876058e+01 2.554690089342655512e-01
3.517030419944876485e+01 2.451251000496489918e-01
3.522030419944876201e+01 2.409109149485088863e-01
3.527030419944875916e+01 2.535853958966347577e-01
3.532030419944876343e+01 3.139887156796428158e-01
3.537030419944876058e+01 4.784377115582233997e-01
3.542030419944876485e+01 7.495822120429418423e-01
3.547030419944876201e+01 1.319774226485079360e+00
3.552030419944875916e+01 2.121075982951104333e+00
3.557030419944876343e+01 3.152721265968081887e+00
3.562030419944876058e+01 4.235447580514030363e+00
3.567030419944876485e+01 5.202826540738621830e+00
3.572030419944876201e+01 5.537854256279258536e+00
3.577030419944875916e+01 5.334232494346899500e+00
3.582030419944876343e+01 4.564441349205308640e+00
3.587030419944876058e+01 3.544321223927054731e+00
3.592030419944876485e+01 2.445440533160069485e+00
3.597030419944876201e+01 1.556407105043036587e+00
3.602030419944875916e+01 9.420299983283396683e-01
3.607030419944876343e+01 5.358080950941987997e-01
3.612030419944876058e+01 2.838509070775500076e-01
3.617030419944876485e+01 1.716961172267533475e-01
3.622030419944876201e+01 8.964721033334387135e-02
3.627030419944875916e+01 5.373086003953624068e-02
3.632030419944876343e+01 3.406466290088244753e-02
3.637030419944876058e+01 1.752717894337812651e-02
3.642030419944876485e+01 1.334491948694363841e-02
3.647030419944876201e+01 1.142938080460723094e-02
3.652030419944875916e+01 1.149323209401844660e-02
3.657030419944876343e+01 9.449990832859609530e-03
3.662030419944876058e+01 8.172965044635337878e-03
3.667030419944876485e+01 7.694080374051236876e-03
3.672030419944876201e+01 8.396444557574586631e-03
3.677030419944875916e+01 8.396444557574586631e-03
3.682030419944876343e+01 8.172965044635337878e-03
3.687030419944876058e+01 1.040776017402781500e-02
3.692030419944876485e+01 1.248292707989225730e-02
3.697030419944876201e+01 1.321721690812121403e-02
3.702030419944875916e+01 1.347262206576606627e-02
3.707030419944876343e+01 9.928875503443712267e-03
3.712030419944876058e+01 9.673470345798858283e-03
3.717030419944876485e+01 8.460295846985800561e-03
3.722030419944876201e+01 7.087493124644708015e-03
3.727030419944875916e+01 6.225500717593324303e-03
3.732030419944876343e+01 5.874318625831650292e-03
3.737030419944876058e+01 4.661144127018590835e-03
3.742030419944876485e+01 3.479895272911140078e-03
3.747030419944876201e+01 2.043241261158834469e-03
3.752030419944875916e+01 1.404728367046699077e-03
3.757030419944876343e+01 9.577693411682037389e-04
3.762030419944876058e+01 5.108103152897086174e-04
3.767030419944876485e+01 2.873308023504611650e-04
3.772030419944876201e+01 1.596282235280339836e-04
3.777030419944875916e+01 6.385128941121357717e-05
3.782030419944876343e+01 6.385128941121357717e-05
3.787030419944876058e+01 3.192564470560678859e-05
3.792030419944876485e+01 3.192564470560678859e-05
3.797030419944876201e+01 0.000000000000000000e+00
3.802030419944875916e+01 0.000000000000000000e+00
3.807030419944876343e+01 0.000000000000000000e+00
3.812030419944876058e+01 0.000000000000000000e+00
3.817030419944876485e+01 0.000000000000000000e+00
3.822030419944876201e+01 0.000000000000000000e+00
3.827030419944875916e+01 0.000000000000000000e+00
3.832030419944876343e+01 0.000000000000000000e+00
