-1.527017707979202221e+01 1.402077240188011244e-04
-1.522017707979202328e+01 1.402077240188011244e-04
-1.517017707979202257e+01 5.608308960752044436e-05
-1.512017707979202186e+01 5.608308960752044436e-05
-1.507017707979202292e+01 5.608308960752044436e-05
-1.502017707979202221e+01 0.000000000000000000e+00
-1.497017707979202328e+01 0.000000000000000000e+00
-1.492017707979202257e+01 2.804154480376022218e-05
-1.487017707979202186e+01 0.000000000000000000e+00
-1.482017707979202292e+01 0.000000000000000000e+00
-1.477017707979202221e+01 0.000000000000000000e+00
-1.472017707979202328e+01 0.000000000000000000e+00
-1.467017707979202257e+01 0.000000000000000000e+00
-1.462017707979202186e+01 0.000000000000000000e+00
-1.457017707979202292e+01 0.000000000000000000e+00
-1.452017707979202221e+01 0.000000000000000000e+00
-1.447017707979202328e+01 0.000000000000000000e+00
-1.442017707979202257e+01 0.000000000000000000e+00
-1.437017707979202186e+01 0.000000000000000000e+00
-1.432017707979202292e+01 0.000000000000000000e+00
-1.427017707979202221e+01 0.000000000000000000e+00
-1.422017707979202328e+01 0.000000000000000000e+00
-1.417017707979202257e+01 0.000000000000000000e+00
-1.412017707979202186e+01 0.000000000000000000e+00
-1.407017707979202292e+01 0.000000000000000000e+00
-1.402017707979202221e+01 0.000000000000000000e+00
-1.397017707979202328e+01 0.000000000000000000e+00
-1.392017707979202257e+01 0.000000000000000000e+00
-1.387017707979202186e+01 0.000000000000000000e+00
-1.382017707979202292e+01 0.000000000000000000e+00
-1.377017707979202221e+01 0.000000000000000000e+00
-1.372017707979202328e+01 0.000000000000000000e+00
-1.367017707979202257e+01 0.000000000000000000e+00
-1.362017707979202186e+01 0.000000000000000000e+00
-1.357017707979202292e+01 0.000000000000000000e+00
-1.352017707979202221e+01 0.000000000000000000e+00
-1.347017707979202328e+01 0.000000000000000000e+00
-1.342017707979202257e+01 0.000000000000000000e+00
-1.337017707979202186e+01 0.000000000000000000e+00
-1.332017707979202292e+01 0.000000000000000000e+00
-1.327017707979202221e+01 0.000000000000000000e+00
-1.322017707979202328e+01 0.000000000000000000e+00
-1.317017707979202257e+01 0.000000000000000000e+00
-1.312017707979202186e+01 0.000000000000000000e+00
-1.307017707979202292e+01 0.000000000000000000e+00
-1.302017707979202221e+01 0.000000000000000000e+00
-1.297017707979202328e+01 0.000000000000000000e+00
-1.292017707979202257e+01 0.000000000000000000e+00
-1.287017707979202186e+01 0.000000000000000000e+00
-1.282017707979202292e+01 0.000000000000000000e+00
-1.277017707979202221e+01 0.000000000000000000e+00
-1.272017707979202328e+01 0.000000000000000000e+00
-1.267017707979202257e+01 0.000000000000000000e+00
-1.262017707979202186e+01 0.000000000000000000e+00
-1.257017707979202292e+01 0.000000000000000000e+00
-1.252017707979202221e+01 0.000000000000000000e+00
-1.247017707979202328e+01 0.000000000000000000e+00
-1.242017707979202257e+01 0.000000000000000000e+00
-1.237017707979202186e+01 0.000000000000000000e+00
-1.232017707979202292e+01 0.000000000000000000e+00
-1.227017707979202221e+01 0.000000000000000000e+00
-1.222017707979202328e+01 0.000000000000000000e+00
-1.217017707979202257e+01 0.000000000000000000e+00
-1.212017707979202186e+01 0.000000000000000000e+00
-1.207017707979202292e+01 0.000000000000000000e+00
-1.202017707979202221e+01 0.000000000000000000e+00
-1.197017707979202328e+01 0.000000000000000000e+00
-1.192017707979202257e+01 0.000000000000000000e+00
-1.187017707979202186e+01 0.000000000000000000e+00
-1.182017707979202292e+01 0.000000000000000000e+00
-1.177017707979202221e+01 0.000000000000000000e+00
-1.172017707979202328e+01 0.000000000000000000e+00
-1.167017707979202257e+01 0.000000000000000000e+00
-1.162017707979202186e+01 0.000000000000000000e+00
-1.157017707979202292e+01 0.000000000000000000e+00
-1.152017707979202221e+01 0.000000000000000000e+00
-1.147017707979202328e+01 0.000000000000000000e+00
-1.142017707979202257e+01 0.000000000000000000e+00
-1.137017707979202186e+01 0.000000000000000000e+00
-1.132017707979202292e+01 0.000000000000000000e+00
-1.127017707979202221e+01 0.000000000000000000e+00
-1.122017707979202328e+01 0.000000000000000000e+00
-1.117017707979202257e+01 0.000000000000000000e+00
-1.112017707979202186e+01 0.000000000000000000e+00
-1.107017707979202292e+01 0.000000000000000000e+00
-1.102017707979202221e+01 0.000000000000000000e+00
-1.097017707979202328e+01 0.000000000000000000e+00
-1.092017707979202257e+01 0.000000000000000000e+00
-1.087017707979202186e+01 0.000000000000000000e+00
-1.082017707979202292e+01 0.000000000000000000e+00
-1.077017707979202221e+01 0.000000000000000000e+00
-1.072017707979202328e+01 0.000000000000000000e+00
-1.067017707979202257e+01 0.000000000000000000e+00
-1.062017707979202186e+01 0.000000000000000000e+00
-1.057017707979202292e+01 0.000000000000000000e+00
-1.052017707979202221e+01 0.000000000000000000e+00
-1.047017707979202150e+01 0.000000000000000000e+00
-1.042017707979202257e+01 0.000000000000000000e+00
-1.037017707979202186e+01 0.000000000000000000e+00
-1.032017707979202292e+01 0.000000000000000000e+00
-1.027017707979202221e+01 0.000000000000000000e+00
-1.022017707979202150e+01 0.000000000000000000e+00
-1.017017707979202257e+01 0.000000000000000000e+00
-1.012017707979202186e+01 0.000000000000000000e+00
-1.007017707979202292e+01 0.000000000000000000e+00
-1.002017707979202221e+01 0.000000000000000000e+00
-9.970177079792021502e+00 0.000000000000000000e+00
-9.920177079792022568e+00 0.000000000000000000e+00
-9.870177079792021857e+00 0.000000000000000000e+00
-9.820177079792022923e+00 0.000000000000000000e+00
-9.770177079792022212e+00 0.000000000000000000e+00
-9.720177079792021502e+00 0.000000000000000000e+00
-9.670177079792022568e+00 0.000000000000000000e+00
-9.620177079792021857e+00 0.000000000000000000e+00
-9.570177079792022923e+00 0.000000000000000000e+00
-9.520177079792022212e+00 0.000000000000000000e+00
-9.470177079792021502e+00 0.000000000000000000e+00
-9.420177079792022568e+00 0.000000000000000000e+00
-9.370177079792021857e+00 0.000000000000000000e+00
-9.320177079792022923e+00 0.000000000000000000e+00
-9.270177079792022212e+00 0.000000000000000000e+00
-9.220177079792021502e+00 0.000000000000000000e+00
-9.170177079792022568e+00 0.000000000000000000e+00
-9.120177079792021857e+00 0.000000000000000000e+00
-9.070177079792022923e+00 0.000000000000000000e+00
-9.020177079792022212e+00 0.000000000000000000e+00
-8.970177079792021502e+00 0.000000000000000000e+00
-8.920177079792022568e+00 0.000000000000000000e+00
-8.870177079792021857e+00 0.000000000000000000e+00
-8.820177079792022923e+00 0.000000000000000000e+00
-8.770177079792022212e+00 0.000000000000000000e+00
-8.720177079792021502e+00 0.000000000000000000e+00
-8.670177079792022568e+00 0.000000000000000000e+00
-8.620177079792021857e+00 0.000000000000000000e+00
-8.570177079792022923e+00 0.000000000000000000e+00
-8.520177079792022212e+00 0.000000000000000000e+00
-8.470177079792021502e+00 0.000000000000000000e+00
-8.420177079792022568e+00 0.000000000000000000e+00
-8.370177079792021857e+00 0.000000000000000000e+00
-8.320177079792022923e+00 0.000000000000000000e+00
-8.270177079792022212e+00 0.000000000000000000e+00
-8.220177079792021502e+00 0.000000000000000000e+00
-8.170177079792022568e+00 0.000000000000000000e+00
-8.120177079792021857e+00 0.000000000000000000e+00
-8.070177079792022923e+00 0.000000000000000000e+00
-8.020177079792022212e+00 0.000000000000000000e+00
-7.970177079792021502e+00 0.000000000000000000e+00
-7.920177079792022568e+00 0.000000000000000000e+00
-7.870177079792021857e+00 0.000000000000000000e+00
-7.820177079792022923e+00 0.000000000000000000e+00
-7.770177079792022212e+00 0.000000000000000000e+00
-7.720177079792021502e+00 0.000000000000000000e+00
-7.670177079792022568e+00 0.000000000000000000e+00
-7.620177079792021857e+00 0.000000000000000000e+00
-7.570177079792022923e+00 0.000000000000000000e+00
-7.520177079792022212e+00 0.000000000000000000e+00
-7.470177079792021502e+00 0.000000000000000000e+00
-7.420177079792022568e+00 0.000000000000000000e+00
-7.370177079792021857e+00 0.000000000000000000e+00
-7.320177079792022923e+00 0.000000000000000000e+00
-7.270177079792022212e+00 0.000000000000000000e+00
-7.220177079792023278e+00 0.000000000000000000e+00
-7.170177079792022568e+00 0.000000000000000000e+00
-7.120177079792021857e+00 0.000000000000000000e+00
-7.070177079792021146e+00 0.000000000000000000e+00
-7.020177079792022212e+00 0.000000000000000000e+00
-6.970177079792023278e+00 0.000000000000000000e+00
-6.920177079792022568e+00 0.000000000000000000e+00
-6.870177079792021857e+00 0.000000000000000000e+00
-6.820177079792021146e+00 0.000000000000000000e+00
-6.770177079792022212e+00 0.000000000000000000e+00
-6.720177079792023278e+00 0.000000000000000000e+00
-6.670177079792022568e+00 0.000000000000000000e+00
-6.620177079792021857e+00 0.000000000000000000e+00
-6.570177079792021146e+00 0.000000000000000000e+00
-6.520177079792022212e+00 0.000000000000000000e+00
-6.470177079792023278e+00 0.000000000000000000e+00
-6.420177079792022568e+00 0.000000000000000000e+00
-6.370177079792021857e+00 0.000000000000000000e+00
-6.320177079792021146e+00 0.000000000000000000e+00
-6.270177079792022212e+00 0.000000000000000000e+00
-6.220177079792023278e+00 0.000000000000000000e+00
-6.170177079792022568e+00 0.000000000000000000e+00
-6.120177079792021857e+00 0.000000000000000000e+00
-6.070177079792021146e+00 0.000000000000000000e+00
-6.020177079792022212e+00 0.000000000000000000e+00
-5.970177079792023278e+00 0.000000000000000000e+00
-5.920177079792022568e+00 0.000000000000000000e+00
-5.870177079792021857e+00 0.000000000000000000e+00
-5.820177079792021146e+00 0.000000000000000000e+00
-5.770177079792022212e+00 0.000000000000000000e+00
-5.720177079792021502e+00 0.000000000000000000e+00
-5.670177079792022568e+00 0.000000000000000000e+00
-5.620177079792021857e+00 0.000000000000000000e+00
-5.570177079792021146e+00 0.000000000000000000e+00
-5.520177079792022212e+00 0.000000000000000000e+00
-5.470177079792021502e+00 0.000000000000000000e+00
-5.420177079792022568e+00 0.000000000000000000e+00
-5.370177079792021857e+00 0.000000000000000000e+00
-5.320177079792021146e+00 0.000000000000000000e+00
-5.270177079792022212e+00 0.000000000000000000e+00
-5.220177079792021502e+00 0.000000000000000000e+00
-5.170177079792022568e+00 0.000000000000000000e+00
-5.120177079792021857e+00 0.000000000000000000e+00
-5.070177079792021146e+00 0.000000000000000000e+00
-5.020177079792022212e+00 0.000000000000000000e+00
-4.970177079792021502e+00 0.000000000000000000e+00
-4.920177079792022568e+00 0.000000000000000000e+00
-4.870177079792021857e+00 0.000000000000000000e+00
-4.820177079792021146e+00 0.000000000000000000e+00
-4.770177079792022212e+00 0.000000000000000000e+00
-4.720177079792021502e+00 0.000000000000000000e+00
-4.670177079792022568e+00 0.000000000000000000e+00
-4.620177079792021857e+00 0.000000000000000000e+00
-4.570177079792021146e+00 0.000000000000000000e+00
-4.520177079792022212e+00 0.000000000000000000e+00
-4.470177079792021502e+00 0.000000000000000000e+00
-4.420177079792022568e+00 0.000000000000000000e+00
-4.370177079792021857e+00 0.000000000000000000e+00
-4.320177079792021146e+00 0.000000000000000000e+00
-4.270177079792022212e+00 0.000000000000000000e+00
-4.220177079792021502e+00 0.000000000000000000e+00
-4.170177079792022568e+00 0.000000000000000000e+00
-4.120177079792021857e+00 0.000000000000000000e+00
-4.070177079792021146e+00 0.000000000000000000e+00
-4.020177079792022212e+00 0.000000000000000000e+00
-3.970177079792021502e+00 0.000000000000000000e+00
-3.920177079792022568e+00 0.000000000000000000e+00
-3.870177079792021857e+00 0.000000000000000000e+00
-3.820177079792021146e+00 0.000000000000000000e+00
-3.770177079792022212e+00 0.000000000000000000e+00
-3.720177079792021502e+00 0.000000000000000000e+00
-3.670177079792022568e+00 0.000000000000000000e+00
-3.620177079792021857e+00 0.000000000000000000e+00
-3.570177079792021146e+00 0.000000000000000000e+00
-3.520177079792022212e+00 0.000000000000000000e+00
-3.470177079792021502e+00 0.000000000000000000e+00
-3.420177079792022568e+00 0.000000000000000000e+00
-3.370177079792021857e+00 0.000000000000000000e+00
-3.320177079792021146e+00 0.000000000000000000e+00
-3.270177079792022212e+00 0.000000000000000000e+00
-3.220177079792021502e+00 0.000000000000000000e+00
-3.170177079792022568e+00 0.000000000000000000e+00
-3.120177079792021857e+00 0.000000000000000000e+00
-3.070177079792021146e+00 0.000000000000000000e+00
-3.020177079792022212e+00 0.000000000000000000e+00
-2.970177079792021502e+00 0.000000000000000000e+00
-2.920177079792022568e+00 0.000000000000000000e+00
-2.870177079792021857e+00 0.000000000000000000e+00
-2.820177079792021146e+00 0.000000000000000000e+00
-2.770177079792022212e+00 0.000000000000000000e+00
-2.720177079792021502e+00 0.000000000000000000e+00
-2.670177079792022568e+00 0.000000000000000000e+00
-2.620177079792021857e+00 0.000000000000000000e+00
-2.570177079792021146e+00 0.000000000000000000e+00
-2.520177079792022212e+00 0.000000000000000000e+00
-2.470177079792021502e+00 0.000000000000000000e+00
-2.420177079792022568e+00 0.000000000000000000e+00
-2.370177079792021857e+00 0.000000000000000000e+00
-2.320177079792021146e+00 0.000000000000000000e+00
-2.270177079792022212e+00 0.000000000000000000e+00
-2.220177079792021502e+00 0.000000000000000000e+00
-2.170177079792022568e+00 0.000000000000000000e+00
-2.120177079792021857e+00 0.000000000000000000e+00
-2.070177079792021146e+00 0.000000000000000000e+00
-2.020177079792022212e+00 0.000000000000000000e+00
-1.970177079792021502e+00 0.000000000000000000e+00
-1.920177079792022568e+00 0.000000000000000000e+00
-1.870177079792021857e+00 0.000000000000000000e+00
-1.820177079792021146e+00 0.000000000000000000e+00
-1.770177079792022212e+00 0.000000000000000000e+00
-1.720177079792021502e+00 0.000000000000000000e+00
-1.670177079792022568e+00 0.000000000000000000e+00
-1.620177079792021857e+00 0.000000000000000000e+00
-1.570177079792021146e+00 0.000000000000000000e+00
-1.520177079792022212e+00 0.000000000000000000e+00
-1.470177079792021502e+00 0.000000000000000000e+00
-1.420177079792022568e+00 0.000000000000000000e+00
-1.370177079792021857e+00 0.000000000000000000e+00
-1.320177079792021146e+00 0.000000000000000000e+00
-1.270177079792022212e+00 0.000000000000000000e+00
-1.220177079792021502e+00 0.000000000000000000e+00
-1.170177079792022568e+00 0.000000000000000000e+00
-1.120177079792021857e+00 0.000000000000000000e+00
-1.070177079792021146e+00 0.000000000000000000e+00
-1.020177079792022212e+00 0.000000000000000000e+00
-9.701770797920215017e-01 0.000000000000000000e+00
-9.201770797920225675e-01 0.000000000000000000e+00
-8.701770797920218570e-01 0.000000000000000000e+00
-8.201770797920211464e-01 0.000000000000000000e+00
-7.701770797920222122e-01 0.000000000000000000e+00
-7.201770797920215017e-01 0.000000000000000000e+00
-6.701770797920225675e-01 0.000000000000000000e+00
-6.201770797920218570e-01 0.000000000000000000e+00
-5.701770797920211464e-01 0.000000000000000000e+00
-5.201770797920222122e-01 0.000000000000000000e+00
-4.701770797920215017e-01 0.000000000000000000e+00
-4.201770797920225675e-01 0.000000000000000000e+00
-3.701770797920218570e-01 0.000000000000000000e+00
-3.201770797920211464e-01 0.000000000000000000e+00
-2.701770797920222122e-01 0.000000000000000000e+00
-2.201770797920215017e-01 0.000000000000000000e+00
-1.701770797920225675e-01 0.000000000000000000e+00
-1.201770797920218570e-01 0.000000000000000000e+00
-7.017707979202114643e-02 0.000000000000000000e+00
-2.017707979202221225e-02 0.000000000000000000e+00
2.982292020797849830e-02 0.000000000000000000e+00
7.982292020797743248e-02 0.000000000000000000e+00
1.298229202079781430e-01 0.000000000000000000e+00
1.798229202079788536e-01 0.000000000000000000e+00
2.298229202079777878e-01 0.000000000000000000e+00
2.798229202079784983e-01 0.000000000000000000e+00
3.298229202079774325e-01 0.000000000000000000e+00
3.798229202079781430e-01 0.000000000000000000e+00
4.298229202079788536e-01 0.000000000000000000e+00
4.798229202079777878e-01 0.000000000000000000e+00
5.298229202079784983e-01 0.000000000000000000e+00
5.798229202079774325e-01 0.000000000000000000e+00
6.298229202079781430e-01 0.000000000000000000e+00
6.798229202079788536e-01 0.000000000000000000e+00
7.298229202079760114e-01 0.000000000000000000e+00
7.798229202079802747e-01 0.000000000000000000e+00
8.298229202079774325e-01 0.000000000000000000e+00
8.798229202079781430e-01 0.000000000000000000e+00
9.298229202079788536e-01 0.000000000000000000e+00
9.798229202079760114e-01 0.000000000000000000e+00
1.029822920207980275e+00 0.000000000000000000e+00
1.079822920207977432e+00 0.000000000000000000e+00
1.129822920207978143e+00 0.000000000000000000e+00
1.179822920207978854e+00 2.804154480376022218e-05
1.229822920207976011e+00 0.000000000000000000e+00
1.279822920207980275e+00 0.000000000000000000e+00
1.329822920207977432e+00 2.804154480376022218e-05
1.379822920207978143e+00 0.000000000000000000e+00
1.429822920207978854e+00 2.804154480376022218e-05
1.479822920207976011e+00 8.412463441128068009e-05
1.529822920207980275e+00 1.682492688225613602e-04
1.579822920207977432e+00 2.243323584300817774e-04
1.629822920207978143e+00 5.327893512714443162e-04
1.679822920207978854e+00 8.692878889165670366e-04
1.729822920207976011e+00 1.710534233029373675e-03
1.779822920207980275e+00 2.635905211553460966e-03
1.829822920207977432e+00 5.075519609480600228e-03
1.879822920207978143e+00 9.225668240437114032e-03
1.929822920207978854e+00 2.033011998272616500e-02
1.979822920207976011e+00 3.339747986127842433e-02
2.029822920207980275e+00 6.511246703433123950e-02
2.079822920207977432e+00 1.319635098464956302e-01
2.129822920207978143e+00 2.838645580484647768e-01
2.179822920207978854e+00 5.458847526948003015e-01
2.229822920207976011e+00 1.083805706665332602e+00
2.279822920207980275e+00 1.895888844182228583e+00
2.329822920207977432e+00 2.929023479387166340e+00
2.379822920207978143e+00 3.903999950669105878e+00
2.429822920207978854e+00 4.476047464665814601e+00
2.479822920207976011e+00 4.457343754281705372e+00
2.529822920207980275e+00 3.780589111987757267e+00
2.579822920207977432e+00 2.910459976727077347e+00
2.629822920207978143e+00 2.085197313152413745e+00
2.679822920207978854e+00 1.544023539984645144e+00
2.729822920207976011e+00 1.372605576599259081e+00
2.779822920207980275e+00 1.447756916673336836e+00
2.829822920207977432e+00 1.620745206567733243e+00
2.879822920207978143e+00 1.844068069384879882e+00
2.929822920207978854e+00 2.012962293737927677e+00
2.979822920207976011e+00 2.074373276858162640e+00
3.029822920207980275e+00 1.931389439903788974e+00
3.079822920207977432e+00 1.708487200258699046e+00
3.129822920207978143e+00 1.468591784462530470e+00
3.179822920207978854e+00 1.286546075596518790e+00
3.229822920207976011e+00 1.169668916854446516e+00
3.279822920207980275e+00 1.102200960056599399e+00
3.329822920207977432e+00 1.101976627698169287e+00
3.379822920207978143e+00 1.074860453872932942e+00
3.429822920207978854e+00 1.010140568465854649e+00
3.479822920207976011e+00 9.524871523493233516e-01
3.529822920207980275e+00 9.090507994482989185e-01
3.579822920207977432e+00 7.958190415307151433e-01
3.629822920207978143e+00 7.082172555637680222e-01
3.679822920207978854e+00 6.267846094536486667e-01
3.729822920207976011e+00 5.485767409959612095e-01
3.779822920207980275e+00 5.250498849056064454e-01
3.829822920207977432e+00 5.280222886548050498e-01
3.879822920207981696e+00 5.532877205229929096e-01
3.929822920207978854e+00 5.944807498397166601e-01
3.979822920207976011e+00 6.242608704213100657e-01
4.029822920207980275e+00 6.809889155593171761e-01
4.079822920207977432e+00 7.302859513243274980e-01
4.129822920207981696e+00 8.225426337286987355e-01
4.179822920207978854e+00 8.665117759809946030e-01
4.229822920207976011e+00 9.107893752261320142e-01
4.279822920207980275e+00 8.869540621429359284e-01
4.329822920207977432e+00 9.445513951698593091e-01
4.379822920207981696e+00 9.110417491293659742e-01
4.429822920207978854e+00 9.462338878580850432e-01
4.479822920207976011e+00 9.171267643517819756e-01
4.529822920207980275e+00 9.087984255450649584e-01
4.579822920207977432e+00 8.728491651066444534e-01
4.629822920207981696e+00 8.527714190271522554e-01
4.679822920207978854e+00 8.456208251021933853e-01
4.729822920207976011e+00 8.013712674018597104e-01
4.779822920207980275e+00 8.571178584717351612e-01
4.829822920207977432e+00 8.035865494413567678e-01
4.879822920207981696e+00 7.926503469678902736e-01
4.929822920207978854e+00 8.075684488034906572e-01
4.979822920207976011e+00 8.439383324139676512e-01
5.029822920207980275e+00 8.981145969748325353e-01
5.079822920207977432e+00 9.375690505137229680e-01
5.129822920207981696e+00 1.001559855755903783e+00
5.179822920207978854e+00 1.086413570332082301e+00
5.229822920207976011e+00 1.128251555179292431e+00
5.279822920207980275e+00 1.221433608562187745e+00
5.329822920207977432e+00 1.255223670050718887e+00
5.379822920207981696e+00 1.300510764908791916e+00
5.429822920207978854e+00 1.296220408553816261e+00
5.479822920207976011e+00 1.415537181693815816e+00
5.529822920207980275e+00 1.438699497701722230e+00
5.579822920207977432e+00 1.455664632307996698e+00
5.629822920207981696e+00 1.391337328528170714e+00
5.679822920207978854e+00 1.402862403442516559e+00
5.729822920207976011e+00 1.367249641541741001e+00
5.779822920207980275e+00 1.401880949374384677e+00
5.829822920207977432e+00 1.362089997297849298e+00
5.879822920207981696e+00 1.300090141736735205e+00
5.929822920207978854e+00 1.289041773084053766e+00
5.979822920207976011e+00 1.225639840282751969e+00
6.029822920207980275e+00 1.261336726817938514e+00
6.079822920207977432e+00 1.217171293752016270e+00
6.129822920207981696e+00 1.220031531321999818e+00
6.179822920207978854e+00 1.239660612684631902e+00
6.229822920207976011e+00 1.172332863610803688e+00
6.279822920207980275e+00 1.169304376771997500e+00
6.329822920207977432e+00 1.159602002269896515e+00
6.379822920207981696e+00 1.111342503662624992e+00
6.429822920207978854e+00 1.131223958928490925e+00
6.479822920207976011e+00 1.125559566878131301e+00
6.529822920207980275e+00 1.068607189381694411e+00
6.579822920207977432e+00 1.042135971086945112e+00
6.629822920207981696e+00 1.013870093924754467e+00
6.679822920207978854e+00 9.909601518200825687e-01
6.729822920207976011e+00 9.790985783680918875e-01
6.779822920207980275e+00 9.348209791229545873e-01
6.829822920207977432e+00 9.658910107655207522e-01
6.879822920207981696e+00 9.377092582377417607e-01
6.929822920207978854e+00 8.667361083394247157e-01
6.979822920207976011e+00 8.665117759809946030e-01
7.029822920207980275e+00 8.631187490597397316e-01
7.079822920207977432e+00 8.219818028326233428e-01
7.129822920207981696e+00 8.871223114117583464e-01
7.179822920207978854e+00 8.559681551347808615e-01
7.229822920207976011e+00 7.998850655272603527e-01
7.279822920207980275e+00 8.065869947353589975e-01
7.329822920207977432e+00 8.374607355642991191e-01
7.379822920207981696e+00 8.311513879834531160e-01
7.429822920207978854e+00 8.364231984065599868e-01
7.479822920207976011e+00 8.524068789447032390e-01
7.529822920207980275e+00 8.608754254754389379e-01
7.579822920207977432e+00 8.379094002811592334e-01
7.629822920207981696e+00 8.609034670202426742e-01
7.679822920207978854e+00 8.977500568923835189e-01
7.729822920207976011e+00 9.018441224337325757e-01
7.779822920207980275e+00 9.110417491293659742e-01
7.829822920207977432e+00 8.951421932256337088e-01
7.879822920207981696e+00 8.993764664910017803e-01
7.929822920207978854e+00 9.044239445556784274e-01
7.979822920207976011e+00 9.200711265561767327e-01
8.029822920207980275e+00 9.384663799474434187e-01
8.079822920207977432e+00 9.229313641261602807e-01
8.129822920207981696e+00 9.705739487477488270e-01
8.179822920207978854e+00 9.705739487477488270e-01
8.229822920207976011e+00 1.002793683727269514e+00
8.279822920207980275e+00 9.950542173614316255e-01
8.329822920207977432e+00 1.031760599509553566e+00
8.379822920207981696e+00 9.975218733041624208e-01
8.429822920207978854e+00 1.021665643380200050e+00
8.479822920207976011e+00 1.023516385337248202e+00
8.529822920207980275e+00 1.051473805506597081e+00
8.579822920207977432e+00 1.063026921965746441e+00
8.629822920207981696e+00 1.088152146109915286e+00
8.679822920207978854e+00 1.045080333291339869e+00
8.729822920207976011e+00 1.074972620052148109e+00
8.779822920207980275e+00 1.049566980459941457e+00
8.829822920207977432e+00 1.074888495417736678e+00
8.879822920207981696e+00 1.044912084022517229e+00
8.929822920207978854e+00 1.059886268947725307e+00
8.979822920207976011e+00 1.098723808500933208e+00
9.029822920207980275e+00 1.073598584356763919e+00
9.079822920207977432e+00 1.047267573786033079e+00
9.129822920207981696e+00 1.052399176485121268e+00
9.179822920207978854e+00 1.053492796732467873e+00
9.229822920207976011e+00 1.066223658073375047e+00
9.279822920207980275e+00 1.040509561488326851e+00
9.329822920207977432e+00 1.043089383610272813e+00
9.379822920207981696e+00 1.064260749937111949e+00
9.429822920207978854e+00 1.046678701345154172e+00
9.479822920207976011e+00 1.027890866326634622e+00
9.529822920207980275e+00 1.038770985710493644e+00
9.579822920207977432e+00 1.034676920169144587e+00
9.629822920207981696e+00 1.053913419904524362e+00
9.679822920207978854e+00 1.050436268348857949e+00
9.729822920207976011e+00 1.015328254254550089e+00
9.779822920207980275e+00 1.068438940112871993e+00
9.829822920207977432e+00 1.047912529316519459e+00
9.879822920207981696e+00 1.053689087546094250e+00
9.929822920207978854e+00 1.062858672696923801e+00
9.979822920207976011e+00 1.013449470752698423e+00
1.002982292020798027e+01 1.076570988105962412e+00
1.007982292020797743e+01 1.030666979262207184e+00
1.012982292020798170e+01 1.022731222082742697e+00
1.017982292020797885e+01 9.972694994009285718e-01
1.022982292020797601e+01 1.026685079900072850e+00
1.027982292020798027e+01 1.024077216233323373e+00
1.032982292020797743e+01 9.669005063784563703e-01
1.037982292020798170e+01 9.660031769447359196e-01
1.042982292020797885e+01 9.830524361854221516e-01
1.047982292020797601e+01 9.369801780728441720e-01
1.052982292020798027e+01 9.267450142194716411e-01
1.057982292020797743e+01 9.744436819306677711e-01
1.062982292020798170e+01 9.171267643517819756e-01
1.067982292020797885e+01 9.987557012755278185e-01
1.072982292020797601e+01 9.278947175564257188e-01
1.077982292020798027e+01 9.619091114033868628e-01
1.082982292020797743e+01 9.061064372439041614e-01
1.087982292020798170e+01 9.668444232888486756e-01
1.092982292020797885e+01 9.124718679143577482e-01
1.097982292020797601e+01 9.321570323665973046e-01
1.102982292020798027e+01 9.453365584243645925e-01
1.107982292020797743e+01 9.181082184199135243e-01
1.112982292020798170e+01 8.908798784154623451e-01
1.117982292020797885e+01 9.465423448509263649e-01
1.122982292020797601e+01 9.087984255450649584e-01
1.127982292020798027e+01 8.870942698669547211e-01
1.132982292020797743e+01 9.121634109215162045e-01
1.137982292020798170e+01 9.086021347314386931e-01
1.142982292020797885e+01 9.066953096847830684e-01
1.147982292020797601e+01 9.386626707610696840e-01
1.152982292020798027e+01 9.125840340935726935e-01
1.157982292020797743e+01 9.722283998911707137e-01
1.162982292020798170e+01 9.299978334167078309e-01
1.167982292020797885e+01 9.278105929220146209e-01
1.172982292020797601e+01 9.554315145537184417e-01
1.177982292020798027e+01 9.737706848553774330e-01
1.182982292020797743e+01 9.543939773959791983e-01
1.187982292020798170e+01 9.732098539593023734e-01
1.192982292020797885e+01 9.652740967798381089e-01
1.197982292020797601e+01 9.882120804293139660e-01
1.202982292020798027e+01 1.031536267151123454e+00
1.207982292020797743e+01 9.897543653935209074e-01
1.212982292020798170e+01 9.854079259489380016e-01
1.217982292020797885e+01 9.910442764544937777e-01
1.222982292020797601e+01 1.011542645706042576e+00
1.227982292020798027e+01 1.002092645107175217e+00
1.232982292020797743e+01 1.017347245480420881e+00
1.237982292020798170e+01 1.017347245480420881e+00
1.242982292020797885e+01 1.050912974610521911e+00
1.247982292020797601e+01 1.017992201010907261e+00
1.252982292020798027e+01 1.043790422230366666e+00
1.257982292020797743e+01 1.012187601236528955e+00
1.262982292020798170e+01 1.072280631750987201e+00
1.267982292020797885e+01 1.046594576710742741e+00
1.272982292020797601e+01 1.028619946491532433e+00
1.277982292020798027e+01 1.002064603562371703e+00
1.282982292020797743e+01 1.013337304573483033e+00
1.287982292020798170e+01 1.033639383011405677e+00
1.292982292020797885e+01 1.020487898498442014e+00
1.297982292020797601e+01 9.833048100886560006e-01
1.302982292020798027e+01 1.008317868053610011e+00
1.307982292020797743e+01 9.852677182249192089e-01
1.312982292020798170e+01 9.846508042392365656e-01
1.317982292020797885e+01 9.793509522713257365e-01
1.322982292020797601e+01 9.736304771313587514e-01
1.327982292020798027e+01 9.472994665606278009e-01
1.332982292020797743e+01 9.813138604075889448e-01
1.337982292020798170e+01 1.013084930670249406e+00
1.342982292020797885e+01 9.570579241523363700e-01
1.347982292020797601e+01 9.647693489733705219e-01
1.352982292020798027e+01 9.366997626248065867e-01
1.357982292020797743e+01 9.693401207763834293e-01
1.362982292020798170e+01 9.782573320239791315e-01
1.367982292020797885e+01 9.771076286870250538e-01
1.372982292020797601e+01 9.931193507699720424e-01
1.377982292020798027e+01 9.571140072419438427e-01
1.382982292020797743e+01 9.607874496112365215e-01
1.387982292020798170e+01 9.743315157514529368e-01
1.392982292020797885e+01 9.503559949442377253e-01
1.397982292020797601e+01 9.375129674241156064e-01
1.402982292020798027e+01 9.731257293248909424e-01
1.407982292020797743e+01 9.669285479232601066e-01
1.412982292020798170e+01 9.271375958467242828e-01
1.417982292020797885e+01 9.418313653238945538e-01
1.422982292020797601e+01 9.967367100496571375e-01
1.427982292020798027e+01 9.498232055929662909e-01
1.432982292020797743e+01 9.559923454497933903e-01
1.437982292020798170e+01 9.776404180382963771e-01
1.442982292020797885e+01 9.724807737944045627e-01
1.447982292020797601e+01 9.393637093811636474e-01
1.452982292020798027e+01 9.593853723710485948e-01
1.457982292020797743e+01 9.464021371269075722e-01
1.462982292020798170e+01 9.670126725576712046e-01
1.467982292020797885e+01 9.785097059272129805e-01
1.472982292020797601e+01 9.622736514858358792e-01
1.477982292020798027e+01 9.562447193530274614e-01
1.482982292020797743e+01 9.435699411017277605e-01
1.487982292020798170e+01 9.784536228376056188e-01
1.492982292020797885e+01 9.316803261049334539e-01
1.497982292020797601e+01 9.385224630370508914e-01
1.502982292020798027e+01 9.745278065650788690e-01
1.507982292020797743e+01 9.683025836186441859e-01
1.512982292020798170e+01 1.002288935920801816e+00
1.517982292020797885e+01 9.976620810281812135e-01
1.522982292020797601e+01 1.005485672028430200e+00
1.527982292020798027e+01 9.485613360767970459e-01
1.532982292020797743e+01 9.901749885655770633e-01
1.537982292020798170e+01 9.577589627724303334e-01
1.542982292020797885e+01 9.614043635969192758e-01
1.547982292020797601e+01 9.570298826075327447e-01
1.552982292020798027e+01 9.870623770923598883e-01
1.557982292020797743e+01 9.795192015401482655e-01
1.562982292020798170e+01 9.953065912646653635e-01
1.567982292020797885e+01 9.561886362634198777e-01
1.572982292020797601e+01 9.703496163893188253e-01
1.577982292020798027e+01 9.900067392967547564e-01
1.582982292020797743e+01 9.544781020303905184e-01
1.587982292020798170e+01 9.979424964762189099e-01
1.592982292020797885e+01 9.651619306006230525e-01
1.597982292020797601e+01 9.632551055539674278e-01
1.602982292020798027e+01 9.683306251634480333e-01
1.607982292020797743e+01 9.665640078408110902e-01
1.612982292020798170e+01 9.865856708306959266e-01
1.617982292020797885e+01 9.796874508089709055e-01
1.622982292020797601e+01 9.775002103142775844e-01
1.627982292020798027e+01 9.911564426337088340e-01
1.632982292020797743e+01 9.698168270380473910e-01
1.637982292020798170e+01 9.800239493466160745e-01
1.642982292020797885e+01 9.905675701928298160e-01
1.647982292020797601e+01 9.752008036403692071e-01
1.652982292020798027e+01 9.571700903315515374e-01
1.657982292020797743e+01 9.515337398259955393e-01
1.662982292020798170e+01 9.975218733041624208e-01
1.667982292020797885e+01 9.942970956517299674e-01
1.672982292020798312e+01 9.613202389625079558e-01
1.677982292020798027e+01 9.863613384722658139e-01
1.682982292020797743e+01 9.856322583073682253e-01
1.687982292020797459e+01 9.767150470597723011e-01
1.692982292020797885e+01 9.488697930696383676e-01
1.697982292020798312e+01 9.828000622821884136e-01
1.702982292020798027e+01 9.452804753347570088e-01
1.707982292020797743e+01 9.991482829027804602e-01
1.712982292020797459e+01 9.682745420738404496e-01
1.717982292020797885e+01 9.946896772789826091e-01
1.722982292020798312e+01 9.898945731175395890e-01
1.727982292020798027e+01 9.529358170661836880e-01
1.732982292020797743e+01 9.638720195396500712e-01
1.737982292020797459e+01 9.414668252414458705e-01
1.742982292020797885e+01 9.866978370099109830e-01
1.747982292020798312e+01 9.389150446643035330e-01
1.752982292020798027e+01 9.782853735687829788e-01
1.757982292020797743e+01 9.739669756690038094e-01
1.762982292020797459e+01 9.437101488257465531e-01
1.767982292020797885e+01 9.739389341242000731e-01
1.772982292020798312e+01 9.731818124144986371e-01
1.777982292020798027e+01 1.014711340268867446e+00
1.782982292020797743e+01 9.742193495722375474e-01
1.787982292020797459e+01 9.644608919805290892e-01
1.792982292020797885e+01 1.001559855755903783e+00
1.797982292020798312e+01 9.680782512602141843e-01
1.802982292020798027e+01 9.552071821952883290e-01
1.807982292020797743e+01 9.473835911950391209e-01
1.812982292020797459e+01 9.713310704574504850e-01
1.817982292020797885e+01 9.628905654715185225e-01
1.822982292020798312e+01 9.515337398259955393e-01
1.827982292020798027e+01 9.675454619089427499e-01
1.832982292020797743e+01 9.892496175870533204e-01
1.837982292020797459e+01 9.447476859834856855e-01
1.842982292020797885e+01 9.450281014315232708e-01
1.847982292020798312e+01 9.582917521237019898e-01
1.852982292020798027e+01 9.469629680229827429e-01
1.857982292020797743e+01 9.690877468731495803e-01
1.862982292020797459e+01 9.599742448119275018e-01
1.867982292020797885e+01 9.744997650202752437e-01
1.872982292020798312e+01 9.990080751787616675e-01
1.877982292020798027e+01 1.000410152418949705e+00
1.882982292020797743e+01 9.444111874458406275e-01
1.887982292020797459e+01 9.733500616833211661e-01
1.892982292020797885e+01 9.623858176650508245e-01
1.897982292020798312e+01 9.722283998911707137e-01
1.902982292020798027e+01 9.362510979079463613e-01
1.907982292020797743e+01 9.642085180772952402e-01
1.912982292020797459e+01 1.000690567866987291e+00
1.917982292020797885e+01 9.549548082920543690e-01
1.922982292020798312e+01 9.766309224253610921e-01
1.927982292020798027e+01 9.737987264001812804e-01
1.932982292020797743e+01 9.757896760812483361e-01
1.937982292020797459e+01 9.868660862787335120e-01
1.942982292020797885e+01 9.683867082530556170e-01
1.947982292020798312e+01 9.812858188627850975e-01
1.952982292020798027e+01 1.006971873903029557e+00
1.957982292020797743e+01 9.589086661093846331e-01
1.962982292020797459e+01 9.604789926183951998e-01
1.967982292020797885e+01 9.444392289906443638e-01
1.972982292020798312e+01 9.803604478842611325e-01
1.977982292020798027e+01 9.768552547837910938e-01
1.982982292020797743e+01 9.779769165759415461e-01
1.987982292020797459e+01 9.393917509259674947e-01
1.992982292020797885e+01 9.607874496112365215e-01
1.997982292020798312e+01 9.756214268124256961e-01
2.002982292020798027e+01 9.474677158294503299e-01
2.007982292020797743e+01 9.452243922451496472e-01
2.012982292020797459e+01 9.260159340545738305e-01
2.017982292020797885e+01 9.632831470987711642e-01
2.022982292020798312e+01 9.140141528785644676e-01
2.027982292020798027e+01 9.215012453411685067e-01
2.032982292020797743e+01 9.669285479232601066e-01
2.037982292020797459e+01 9.766028808805572448e-01
2.042982292020797885e+01 9.377653413273494554e-01
2.047982292020798312e+01 9.329141540762988516e-01
2.052982292020798027e+01 9.363071809975538340e-01
2.057982292020797743e+01 9.359987240047125123e-01
2.062982292020797459e+01 9.238567351046843568e-01
2.067982292020797885e+01 9.331665279795327006e-01
2.072982292020798312e+01 9.278386344668182462e-01
2.077982292020798027e+01 9.336712757860003986e-01
2.082982292020797743e+01 9.836693501711047949e-01
2.087982292020797459e+01 9.670967971920825246e-01
2.092982292020797885e+01 9.670687556472788993e-01
2.097982292020798312e+01 9.810614865043553179e-01
2.102982292020798027e+01 9.839217240743386439e-01
2.107982292020797743e+01 9.747801804683129401e-01
2.112982292020797459e+01 9.408499112557628941e-01
2.117982292020797885e+01 9.938203893900661168e-01
2.122982292020798312e+01 1.008261784964002539e+00
2.127982292020798027e+01 9.924463536946817044e-01
2.132982292020797743e+01 9.535807725966702897e-01
2.137982292020797459e+01 1.023235969889210395e+00
2.142982292020797885e+01 1.009187155942526726e+00
2.147982292020798312e+01 1.031620391785534885e+00
2.152982292020798027e+01 9.700411593964775037e-01
2.157982292020797743e+01 1.013449470752698423e+00
2.162982292020797459e+01 1.005205256580392836e+00
2.167982292020797885e+01 9.969610424080872502e-01
2.172982292020798312e+01 1.022506889724312806e+00
2.177982292020798027e+01 1.026208373638409110e+00
2.182982292020797743e+01 1.013982260103969635e+00
2.187982292020797459e+01 1.005597838207645367e+00
2.192982292020797885e+01 1.013141013759856879e+00
2.197982292020798312e+01 1.009103031308115295e+00
2.202982292020798027e+01 1.074692204604110524e+00
2.207982292020797743e+01 1.006999915447833516e+00
2.212982292020797459e+01 1.011851102698883897e+00
2.217982292020797885e+01 1.022899471351565559e+00
2.222982292020798312e+01 9.804726140634761888e-01
2.227982292020798027e+01 1.020039233781582011e+00
2.232982292020797743e+01 1.013337304573483033e+00
2.237982292020797459e+01 9.855481336729566832e-01
2.242982292020797885e+01 1.007336413985478352e+00
2.247982292020798312e+01 1.020039233781582011e+00
2.252982292020798027e+01 9.907638610064561924e-01
2.257982292020797743e+01 9.635074794572011658e-01
2.262982292020797459e+01 9.895300330350907947e-01
2.267982292020797885e+01 1.009607779114583215e+00
2.272982292020798312e+01 9.939045140244773258e-01
2.277982292020798027e+01 9.618249867689756538e-01
2.282982292020797743e+01 9.960076298847593268e-01
2.287982292020797459e+01 9.988398259099393606e-01
2.292982292020797885e+01 9.826037714685619262e-01
2.297982292020798312e+01 9.508607427507054233e-01
2.302982292020798027e+01 1.024133299322930846e+00
2.307982292020797743e+01 9.888289944149966093e-01
2.312982292020798170e+01 9.886887866909778166e-01
2.317982292020797885e+01 9.682745420738404496e-01
2.322982292020798312e+01 9.589086661093846331e-01
2.327982292020798027e+01 9.477200897326842899e-01
2.332982292020797743e+01 9.399525818220426654e-01
2.337982292020798170e+01 9.489258761592460623e-01
2.342982292020797885e+01 9.418874484135021374e-01
2.347982292020798312e+01 9.827159376477769825e-01
2.352982292020798027e+01 9.441027304529990838e-01
2.357982292020797743e+01 9.488978346144421039e-01
2.362982292020798170e+01 9.061905618783152594e-01
2.367982292020797885e+01 9.527675677973611590e-01
2.372982292020798312e+01 9.415509498758569684e-01
2.377982292020798027e+01 9.466825525749451575e-01
2.382982292020797743e+01 9.520384876324633483e-01
2.387982292020798170e+01 9.100042119716267308e-01
2.392982292020797885e+01 9.412985759726232304e-01
2.397982292020798312e+01 9.328300294418876426e-01
2.402982292020798027e+01 8.727930820170369808e-01
2.407982292020797743e+01 9.212208298931308104e-01
2.412982292020798170e+01 9.052651908997912944e-01
2.417982292020797885e+01 9.467386356645525192e-01
2.422982292020798312e+01 9.235763196566466604e-01
2.427982292020798027e+01 9.140702359681719402e-01
2.432982292020797743e+01 9.200430850113728853e-01
2.437982292020798170e+01 9.420276561375209301e-01
2.442982292020797885e+01 9.579272120412529734e-01
2.447982292020798312e+01 9.427847778472224771e-01
2.452982292020798027e+01 9.486735022560122133e-01
2.457982292020797743e+01 9.744436819306677711e-01
2.462982292020798170e+01 9.862211307482470213e-01
2.467982292020797885e+01 9.555717222777371234e-01
2.472982292020798312e+01 1.005093090401177669e+00
2.477982292020798027e+01 1.003578846981774575e+00
2.482982292020797743e+01 1.015636711247391633e+00
2.487982292020798170e+01 9.939886386588885347e-01
2.492982292020797885e+01 1.031676474875142357e+00
2.497982292020798312e+01 1.023768759240482051e+00
2.502982292020798027e+01 9.868100031891260393e-01
2.507982292020797743e+01 1.018889530444627711e+00
2.512982292020798170e+01 1.026685079900072850e+00
2.517982292020797885e+01 1.001167274128651252e+00
2.522982292020798312e+01 1.031928848778375984e+00
2.527982292020798027e+01 9.930913092251683061e-01
2.532982292020797743e+01 1.030863270075833338e+00
2.537982292020798170e+01 1.022394723545097639e+00
2.542982292020797885e+01 1.047744280047696819e+00
2.547982292020798312e+01 1.026236415183212847e+00
2.552982292020798027e+01 1.101640129160524229e+00
2.557982292020797743e+01 1.016029292874644163e+00
2.562982292020798170e+01 1.023207928344406881e+00
2.567982292020797885e+01 1.049286565011903871e+00
2.572982292020798312e+01 1.047071282972406703e+00
2.577982292020798027e+01 1.002933891451288195e+00
2.582982292020797743e+01 1.025479293473511522e+00
2.587982292020798170e+01 1.015720835881802842e+00
2.592982292020797885e+01 1.043145466699880286e+00
2.597982292020798312e+01 1.033274842928956661e+00
2.602982292020798027e+01 1.025731667376745149e+00
2.607982292020797743e+01 1.027189827706540770e+00
2.612982292020798170e+01 1.019983150691974316e+00
2.617982292020797885e+01 1.035826623506098887e+00
2.622982292020798312e+01 9.762944238877159231e-01
2.627982292020798027e+01 1.017347245480420881e+00
2.632982292020797743e+01 9.990921998131729875e-01
2.637982292020798170e+01 9.713871535470579577e-01
2.642982292020797885e+01 1.001784188114333896e+00
2.647982292020798312e+01 9.969610424080872502e-01
2.652982292020798027e+01 9.879597065260802280e-01
2.657982292020797743e+01 1.009663862204190687e+00
2.662982292020798170e+01 9.721162337119555463e-01
2.667982292020797885e+01 9.867819616443223030e-01
2.672982292020798312e+01 9.359987240047125123e-01
2.677982292020798027e+01 9.446074782594668928e-01
2.682982292020797743e+01 9.127803249071990699e-01
2.687982292020798170e+01 9.583197936685056151e-01
2.692982292020797885e+01 8.980304723404211042e-01
2.697982292020798312e+01 8.485932288513918786e-01
2.702982292020798027e+01 8.987595525053188039e-01
2.707982292020797743e+01 8.885524301967501204e-01
2.712982292020798170e+01 8.601183037657372799e-01
2.717982292020797885e+01 8.812335870029687213e-01
2.722982292020798312e+01 8.638478292246375423e-01
2.727982292020798027e+01 8.395077683349736475e-01
2.732982292020797743e+01 8.288519813095447386e-01
2.737982292020798170e+01 8.432933768834811605e-01
2.742982292020797885e+01 8.393675606109547438e-01
2.747982292020798312e+01 8.754289872285903051e-01
2.752982292020798027e+01 8.562205290380147105e-01
2.757982292020797743e+01 8.873186022253848337e-01
2.762982292020798170e+01 8.478641486864940680e-01
2.767982292020797885e+01 8.842901153865785346e-01
2.772982292020798312e+01 8.902910059745833271e-01
2.777982292020798027e+01 9.207721651762705850e-01
2.782982292020797743e+01 9.533564402382400660e-01
2.787982292020798170e+01 9.578150458620380281e-01
2.792982292020797885e+01 9.808932372355326779e-01
2.797982292020798312e+01 9.418874484135021374e-01
2.802982292020798027e+01 1.000522318598164651e+00
2.807982292020797743e+01 1.035209709520416022e+00
2.812982292020798170e+01 9.930071845907570971e-01
2.817982292020797885e+01 1.084703036099053053e+00
2.822982292020798312e+01 1.072196507116575992e+00
2.827982292020798027e+01 1.057586862273816930e+00
2.832982292020797743e+01 1.061064013829483121e+00
2.837982292020798170e+01 1.085684490167184491e+00
2.842982292020797885e+01 1.134673068939353602e+00
2.847982292020798312e+01 1.176146513704115160e+00
2.852982292020798027e+01 1.166668471560444065e+00
2.857982292020797743e+01 1.176595178420975163e+00
2.862982292020798170e+01 1.187755713252871770e+00
2.867982292020797885e+01 1.285508538438779880e+00
2.872982292020798312e+01 1.274600377510117344e+00
2.877982292020798027e+01 1.278582276872251233e+00
2.882982292020797743e+01 1.370025754477313118e+00
2.887982292020798170e+01 1.375858395796495381e+00
2.892982292020797885e+01 1.426837924249731326e+00
2.897982292020798312e+01 1.461160775089533903e+00
2.902982292020798027e+01 1.417584214464490344e+00
2.907982292020797743e+01 1.444700388289726689e+00
2.912982292020798170e+01 1.414443561446469655e+00
2.917982292020797885e+01 1.386093559649868023e+00
2.922982292020798312e+01 1.312792961532838421e+00
2.927982292020798027e+01 1.296528865546657583e+00
2.932982292020797743e+01 1.193728562296072715e+00
2.937982292020798170e+01 1.107641019748528910e+00
2.942982292020797885e+01 1.078141314614972979e+00
2.947982292020798312e+01 1.041687306370084665e+00
2.952982292020798027e+01 9.839217240743386439e-01
2.957982292020797743e+01 9.010870007240310287e-01
2.962982292020798170e+01 8.742512423468323801e-01
2.967982292020797885e+01 8.906555460570322325e-01
2.972982292020798312e+01 8.683344763932390187e-01
2.977982292020798027e+01 8.782051001641626442e-01
2.982982292020797743e+01 8.714751294112601521e-01
2.987982292020798170e+01 9.085180100970274841e-01
2.992982292020797885e+01 9.036668228459769914e-01
2.997982292020798312e+01 8.996568819390392546e-01
3.002982292020798027e+01 9.074804729392883518e-01
3.007982292020797743e+01 9.219499100580286211e-01
3.012982292020798170e+01 9.153040639395373379e-01
3.017982292020797885e+01 8.943289884263248002e-01
3.022982292020798312e+01 9.078450130217372571e-01
3.027982292020798027e+01 9.124718679143577482e-01
3.032982292020797743e+01 8.985632616916926496e-01
3.037982292020798170e+01 8.823552487951191736e-01
3.042982292020797885e+01 8.153359567141322817e-01
3.047982292020798312e+01 8.070917425418266955e-01
3.052982292020798027e+01 7.684224522574413241e-01
3.057982292020797743e+01 6.981222994344145061e-01
3.062982292020798170e+01 6.810169571041208014e-01
3.067982292020797885e+01 6.235317902564122550e-01
3.072982292020798312e+01 6.042952905210328129e-01
3.077982292020798027e+01 5.835165058214465406e-01
3.082982292020797743e+01 5.715427661902408030e-01
3.087982292020798170e+01 6.129040447757871934e-01
3.092982292020797885e+01 6.468062724435332811e-01
3.097982292020798312e+01 7.586920362105366022e-01
3.102982292020798027e+01 8.278705272414130789e-01
3.107982292020797743e+01 9.155844793875750343e-01
3.112982292020798170e+01 1.032573804308862586e+00
3.117982292020797885e+01 1.060082559761351462e+00
3.122982292020798312e+01 1.107052147307650003e+00
3.127982292020798027e+01 1.135766689186700429e+00
3.132982292020797743e+01 1.116333898637694499e+00
3.137982292020798170e+01 1.156461349251875381e+00
3.142982292020797885e+01 1.252643847928772924e+00
3.147982292020798312e+01 1.368848009595555304e+00
3.152982292020798027e+01 1.541836299489952378e+00
3.157982292020797743e+01 1.678286456505049262e+00
3.162982292020798170e+01 1.720769396882746216e+00
3.167982292020797885e+01 1.777749815923986842e+00
3.172982292020798312e+01 1.665387345895319671e+00
3.177982292020798027e+01 1.558436894013778051e+00
3.182982292020797743e+01 1.337189105512109899e+00
3.187982292020798170e+01 1.275581831578248782e+00
3.192982292020797885e+01 1.413658398191963927e+00
3.197982292020798312e+01 1.881054866981039631e+00
3.202982292020797672e+01 2.641513520514213287e+00
3.207982292020797388e+01 3.517222923190840955e+00
3.212982292020798525e+01 4.275185879236479636e+00
3.217982292020798241e+01 4.394390486197265133e+00
3.222982292020797956e+01 4.079736311954270889e+00
3.227982292020797672e+01 3.109302570930541076e+00
3.232982292020797388e+01 2.133989601110956702e+00
3.237982292020798525e+01 1.353228869139860624e+00
3.242982292020798241e+01 7.391751210271193528e-01
3.247982292020797956e+01 3.658860765994633724e-01
3.252982292020797672e+01 1.915517925544861222e-01
3.257982292020797388e+01 1.009215197487330212e-01
3.262982292020798525e+01 5.577463261467908301e-02
3.267982292020798241e+01 4.144540321995761334e-02
3.272982292020797956e+01 2.490089178573907935e-02
3.277982292020797672e+01 1.693709306147117566e-02
3.282982292020797388e+01 1.225415507924321884e-02
3.287982292020798525e+01 8.075964903482944421e-03
3.292982292020798241e+01 4.009940906937712463e-03
3.297982292020797956e+01 3.028486838806103941e-03
3.302982292020797672e+01 1.822700412244414401e-03
3.307982292020797388e+01 1.093620247346648597e-03
3.312982292020798525e+01 8.132047993090464567e-04
3.317982292020798241e+01 7.290801648977658037e-04
3.322982292020797956e+01 4.767062616639237906e-04
3.327982292020797672e+01 4.486647168601635548e-04
3.332982292020797388e+01 2.804154480376022489e-04
3.337982292020798525e+01 2.804154480376022218e-05
3.342982292020798241e+01 5.608308960752044436e-05
3.347982292020797956e+01 2.804154480376022218e-05
3.352982292020797672e+01 2.804154480376022218e-05
3.357982292020797388e+01 2.804154480376022218e-05
3.362982292020798525e+01 0.000000000000000000e+00
3.367982292020798241e+01 0.000000000000000000e+00
3.372982292020797956e+01 0.000000000000000000e+00
3.377982292020797672e+01 0.000000000000000000e+00
3.382982292020797388e+01 0.000000000000000000e+00
3.387982292020798525e+01 0.000000000000000000e+00
3.392982292020798241e+01 0.000000000000000000e+00
3.397982292020797956e+01 0.000000000000000000e+00
3.402982292020797672e+01 0.000000000000000000e+00
3.407982292020797388e+01 0.000000000000000000e+00
3.412982292020798525e+01 0.000000000000000000e+00
3.417982292020798241e+01 0.000000000000000000e+00
3.422982292020797956e+01 0.000000000000000000e+00
3.427982292020797672e+01 0.000000000000000000e+00
3.432982292020797388e+01 0.000000000000000000e+00
3.437982292020798525e+01 0.000000000000000000e+00
3.442982292020798241e+01 0.000000000000000000e+00
3.447982292020797956e+01 0.000000000000000000e+00
3.452982292020797672e+01 0.000000000000000000e+00
3.457982292020797388e+01 0.000000000000000000e+00
3.462982292020798525e+01 0.000000000000000000e+00
