-1.253568031530180171e+01 0.000000000000000000e+00
-1.248568031530180278e+01 0.000000000000000000e+00
-1.243568031530180207e+01 0.000000000000000000e+00
-1.238568031530180136e+01 0.000000000000000000e+00
-1.233568031530180242e+01 0.000000000000000000e+00
-1.228568031530180171e+01 0.000000000000000000e+00
-1.223568031530180278e+01 0.000000000000000000e+00
-1.218568031530180207e+01 0.000000000000000000e+00
-1.213568031530180136e+01 0.000000000000000000e+00
-1.208568031530180242e+01 0.000000000000000000e+00
-1.203568031530180171e+01 0.000000000000000000e+00
-1.198568031530180278e+01 0.000000000000000000e+00
-1.193568031530180207e+01 0.000000000000000000e+00
-1.188568031530180136e+01 0.000000000000000000e+00
-1.183568031530180242e+01 0.000000000000000000e+00
-1.178568031530180171e+01 0.000000000000000000e+00
-1.173568031530180278e+01 0.000000000000000000e+00
-1.168568031530180207e+01 0.000000000000000000e+00
-1.163568031530180136e+01 0.000000000000000000e+00
-1.158568031530180242e+01 0.000000000000000000e+00
-1.153568031530180171e+01 0.000000000000000000e+00
-1.148568031530180278e+01 0.000000000000000000e+00
-1.143568031530180207e+01 0.000000000000000000e+00
-1.138568031530180136e+01 0.000000000000000000e+00
-1.133568031530180242e+01 0.000000000000000000e+00
-1.128568031530180171e+01 0.000000000000000000e+00
-1.123568031530180278e+01 0.000000000000000000e+00
-1.118568031530180207e+01 0.000000000000000000e+00
-1.113568031530180136e+01 0.000000000000000000e+00
-1.108568031530180242e+01 0.000000000000000000e+00
-1.103568031530180171e+01 0.000000000000000000e+00
-1.098568031530180278e+01 0.000000000000000000e+00
-1.093568031530180207e+01 0.000000000000000000e+00
-1.088568031530180136e+01 0.000000000000000000e+00
-1.083568031530180242e+01 0.000000000000000000e+00
-1.078568031530180171e+01 0.000000000000000000e+00
-1.073568031530180278e+01 0.000000000000000000e+00
-1.068568031530180207e+01 0.000000000000000000e+00
-1.063568031530180136e+01 0.000000000000000000e+00
-1.058568031530180242e+01 0.000000000000000000e+00
-1.053568031530180171e+01 0.000000000000000000e+00
-1.048568031530180278e+01 0.000000000000000000e+00
-1.043568031530180207e+01 0.000000000000000000e+00
-1.038568031530180136e+01 0.000000000000000000e+00
-1.033568031530180242e+01 0.000000000000000000e+00
-1.028568031530180171e+01 0.000000000000000000e+00
-1.023568031530180278e+01 0.000000000000000000e+00
-1.018568031530180207e+01 0.000000000000000000e+00
-1.013568031530180136e+01 0.000000000000000000e+00
-1.008568031530180242e+01 0.000000000000000000e+00
-1.003568031530180171e+01 0.000000000000000000e+00
-9.985680315301802779e+00 0.000000000000000000e+00
-9.935680315301802068e+00 0.000000000000000000e+00
-9.885680315301801357e+00 0.000000000000000000e+00
-9.835680315301802423e+00 0.000000000000000000e+00
-9.785680315301801713e+00 0.000000000000000000e+00
-9.735680315301802779e+00 0.000000000000000000e+00
-9.685680315301802068e+00 0.000000000000000000e+00
-9.635680315301801357e+00 0.000000000000000000e+00
-9.585680315301802423e+00 0.000000000000000000e+00
-9.535680315301801713e+00 0.000000000000000000e+00
-9.485680315301802779e+00 0.000000000000000000e+00
-9.435680315301802068e+00 0.000000000000000000e+00
-9.385680315301801357e+00 0.000000000000000000e+00
-9.335680315301802423e+00 0.000000000000000000e+00
-9.285680315301801713e+00 0.000000000000000000e+00
-9.235680315301802779e+00 0.000000000000000000e+00
-9.185680315301802068e+00 0.000000000000000000e+00
-9.135680315301801357e+00 0.000000000000000000e+00
-9.085680315301802423e+00 0.000000000000000000e+00
-9.035680315301801713e+00 0.000000000000000000e+00
-8.985680315301802779e+00 0.000000000000000000e+00
-8.935680315301802068e+00 0.000000000000000000e+00
-8.885680315301801357e+00 0.000000000000000000e+00
-8.835680315301802423e+00 0.000000000000000000e+00
-8.785680315301801713e+00 0.000000000000000000e+00
-8.735680315301802779e+00 0.000000000000000000e+00
-8.685680315301802068e+00 0.000000000000000000e+00
-8.635680315301801357e+00 0.000000000000000000e+00
-8.585680315301802423e+00 0.000000000000000000e+00
-8.535680315301801713e+00 0.000000000000000000e+00
-8.485680315301802779e+00 0.000000000000000000e+00
-8.435680315301802068e+00 0.000000000000000000e+00
-8.385680315301801357e+00 0.000000000000000000e+00
-8.335680315301802423e+00 0.000000000000000000e+00
-8.285680315301801713e+00 0.000000000000000000e+00
-8.235680315301802779e+00 0.000000000000000000e+00
-8.185680315301802068e+00 0.000000000000000000e+00
-8.135680315301801357e+00 0.000000000000000000e+00
-8.085680315301802423e+00 0.000000000000000000e+00
-8.035680315301801713e+00 0.000000000000000000e+00
-7.985680315301801890e+00 0.000000000000000000e+00
-7.935680315301802068e+00 0.000000000000000000e+00
-7.885680315301801357e+00 0.000000000000000000e+00
-7.835680315301802423e+00 0.000000000000000000e+00
-7.785680315301801713e+00 0.000000000000000000e+00
-7.735680315301801002e+00 0.000000000000000000e+00
-7.685680315301802068e+00 0.000000000000000000e+00
-7.635680315301801357e+00 0.000000000000000000e+00
-7.585680315301802423e+00 0.000000000000000000e+00
-7.535680315301801713e+00 0.000000000000000000e+00
-7.485680315301801002e+00 0.000000000000000000e+00
-7.435680315301802068e+00 0.000000000000000000e+00
-7.385680315301801357e+00 0.000000000000000000e+00
-7.335680315301802423e+00 0.000000000000000000e+00
-7.285680315301801713e+00 0.000000000000000000e+00
-7.235680315301801002e+00 0.000000000000000000e+00
-7.185680315301802068e+00 0.000000000000000000e+00
-7.135680315301801357e+00 0.000000000000000000e+00
-7.085680315301802423e+00 0.000000000000000000e+00
-7.035680315301801713e+00 0.000000000000000000e+00
-6.985680315301801002e+00 0.000000000000000000e+00
-6.935680315301802068e+00 0.000000000000000000e+00
-6.885680315301801357e+00 0.000000000000000000e+00
-6.835680315301802423e+00 0.000000000000000000e+00
-6.785680315301801713e+00 0.000000000000000000e+00
-6.735680315301801002e+00 0.000000000000000000e+00
-6.685680315301802068e+00 0.000000000000000000e+00
-6.635680315301801357e+00 0.000000000000000000e+00
-6.585680315301802423e+00 0.000000000000000000e+00
-6.535680315301801713e+00 0.000000000000000000e+00
-6.485680315301801002e+00 0.000000000000000000e+00
-6.435680315301802068e+00 0.000000000000000000e+00
-6.385680315301801357e+00 0.000000000000000000e+00
-6.335680315301802423e+00 0.000000000000000000e+00
-6.285680315301801713e+00 0.000000000000000000e+00
-6.235680315301801002e+00 0.000000000000000000e+00
-6.185680315301802068e+00 0.000000000000000000e+00
-6.135680315301801357e+00 0.000000000000000000e+00
-6.085680315301802423e+00 0.000000000000000000e+00
-6.035680315301801713e+00 0.000000000000000000e+00
-5.985680315301801002e+00 0.000000000000000000e+00
-5.935680315301802068e+00 0.000000000000000000e+00
-5.885680315301801357e+00 0.000000000000000000e+00
-5.835680315301802423e+00 0.000000000000000000e+00
-5.785680315301801713e+00 0.000000000000000000e+00
-5.735680315301801002e+00 0.000000000000000000e+00
-5.685680315301802068e+00 0.000000000000000000e+00
-5.635680315301801357e+00 0.000000000000000000e+00
-5.585680315301802423e+00 0.000000000000000000e+00
-5.535680315301801713e+00 0.000000000000000000e+00
-5.485680315301801002e+00 0.000000000000000000e+00
-5.435680315301802068e+00 0.000000000000000000e+00
-5.385680315301801357e+00 0.000000000000000000e+00
-5.335680315301802423e+00 0.000000000000000000e+00
-5.285680315301801713e+00 0.000000000000000000e+00
-5.235680315301801002e+00 0.000000000000000000e+00
-5.185680315301802068e+00 0.000000000000000000e+00
-5.135680315301801357e+00 0.000000000000000000e+00
-5.085680315301802423e+00 0.000000000000000000e+00
-5.035680315301801713e+00 0.000000000000000000e+00
-4.985680315301801002e+00 0.000000000000000000e+00
-4.935680315301802068e+00 0.000000000000000000e+00
-4.885680315301801357e+00 0.000000000000000000e+00
-4.835680315301802423e+00 0.000000000000000000e+00
-4.785680315301801713e+00 0.000000000000000000e+00
-4.735680315301801002e+00 0.000000000000000000e+00
-4.685680315301802068e+00 0.000000000000000000e+00
-4.635680315301801357e+00 0.000000000000000000e+00
-4.585680315301802423e+00 0.000000000000000000e+00
-4.535680315301801713e+00 0.000000000000000000e+00
-4.485680315301802779e+00 0.000000000000000000e+00
-4.435680315301802068e+00 0.000000000000000000e+00
-4.385680315301801357e+00 0.000000000000000000e+00
-4.335680315301800647e+00 0.000000000000000000e+00
-4.285680315301801713e+00 0.000000000000000000e+00
-4.235680315301802779e+00 0.000000000000000000e+00
-4.185680315301802068e+00 0.000000000000000000e+00
-4.135680315301801357e+00 0.000000000000000000e+00
-4.085680315301800647e+00 0.000000000000000000e+00
-4.035680315301801713e+00 0.000000000000000000e+00
-3.985680315301802779e+00 0.000000000000000000e+00
-3.935680315301802068e+00 0.000000000000000000e+00
-3.885680315301801357e+00 0.000000000000000000e+00
-3.835680315301800647e+00 0.000000000000000000e+00
-3.785680315301801713e+00 0.000000000000000000e+00
-3.735680315301802779e+00 0.000000000000000000e+00
-3.685680315301802068e+00 0.000000000000000000e+00
-3.635680315301801357e+00 0.000000000000000000e+00
-3.585680315301800647e+00 0.000000000000000000e+00
-3.535680315301801713e+00 0.000000000000000000e+00
-3.485680315301802779e+00 0.000000000000000000e+00
-3.435680315301802068e+00 0.000000000000000000e+00
-3.385680315301801357e+00 0.000000000000000000e+00
-3.335680315301800647e+00 0.000000000000000000e+00
-3.285680315301801713e+00 0.000000000000000000e+00
-3.235680315301802779e+00 0.000000000000000000e+00
-3.185680315301802068e+00 0.000000000000000000e+00
-3.135680315301801357e+00 0.000000000000000000e+00
-3.085680315301800647e+00 0.000000000000000000e+00
-3.035680315301801713e+00 0.000000000000000000e+00
-2.985680315301801002e+00 0.000000000000000000e+00
-2.935680315301802068e+00 0.000000000000000000e+00
-2.885680315301801357e+00 0.000000000000000000e+00
-2.835680315301800647e+00 0.000000000000000000e+00
-2.785680315301801713e+00 0.000000000000000000e+00
-2.735680315301801002e+00 0.000000000000000000e+00
-2.685680315301802068e+00 0.000000000000000000e+00
-2.635680315301801357e+00 0.000000000000000000e+00
-2.585680315301800647e+00 0.000000000000000000e+00
-2.535680315301801713e+00 0.000000000000000000e+00
-2.485680315301801002e+00 0.000000000000000000e+00
-2.435680315301802068e+00 0.000000000000000000e+00
-2.385680315301801357e+00 0.000000000000000000e+00
-2.335680315301800647e+00 0.000000000000000000e+00
-2.285680315301801713e+00 0.000000000000000000e+00
-2.235680315301801002e+00 0.000000000000000000e+00
-2.185680315301802068e+00 0.000000000000000000e+00
-2.135680315301801357e+00 0.000000000000000000e+00
-2.085680315301800647e+00 0.000000000000000000e+00
-2.035680315301801713e+00 0.000000000000000000e+00
-1.985680315301801002e+00 0.000000000000000000e+00
-1.935680315301802068e+00 0.000000000000000000e+00
-1.885680315301801357e+00 0.000000000000000000e+00
-1.835680315301800647e+00 0.000000000000000000e+00
-1.785680315301801713e+00 0.000000000000000000e+00
-1.735680315301801002e+00 0.000000000000000000e+00
-1.685680315301802068e+00 0.000000000000000000e+00
-1.635680315301801357e+00 0.000000000000000000e+00
-1.585680315301800647e+00 0.000000000000000000e+00
-1.535680315301801713e+00 0.000000000000000000e+00
-1.485680315301801002e+00 0.000000000000000000e+00
-1.435680315301802068e+00 0.000000000000000000e+00
-1.385680315301801357e+00 0.000000000000000000e+00
-1.335680315301800647e+00 0.000000000000000000e+00
-1.285680315301801713e+00 0.000000000000000000e+00
-1.235680315301801002e+00 0.000000000000000000e+00
-1.185680315301802068e+00 0.000000000000000000e+00
-1.135680315301801357e+00 0.000000000000000000e+00
-1.085680315301800647e+00 0.000000000000000000e+00
-1.035680315301801713e+00 0.000000000000000000e+00
-9.856803153018010022e-01 0.000000000000000000e+00
-9.356803153018020680e-01 0.000000000000000000e+00
-8.856803153018013575e-01 0.000000000000000000e+00
-8.356803153018006469e-01 0.000000000000000000e+00
-7.856803153018017127e-01 0.000000000000000000e+00
-7.356803153018010022e-01 0.000000000000000000e+00
-6.856803153018020680e-01 0.000000000000000000e+00
-6.356803153018013575e-01 0.000000000000000000e+00
-5.856803153018006469e-01 0.000000000000000000e+00
-5.356803153018017127e-01 0.000000000000000000e+00
-4.856803153018010022e-01 0.000000000000000000e+00
-4.356803153018020680e-01 0.000000000000000000e+00
-3.856803153018013575e-01 0.000000000000000000e+00
-3.356803153018006469e-01 3.009978648678261239e-05
-2.856803153018017127e-01 0.000000000000000000e+00
-2.356803153018010022e-01 3.009978648678261239e-05
-1.856803153018020680e-01 3.009978648678261239e-05
-1.356803153018013575e-01 3.009978648678261239e-05
-8.568031530180064692e-02 1.203991459471304495e-04
-3.568031530180171274e-02 2.106985054074782867e-04
1.431968469819899781e-02 1.504989324339130619e-04
6.431968469819793199e-02 2.106985054074782867e-04
1.143196846981986425e-01 6.922950891960000849e-04
1.643196846981993531e-01 5.116963702753045190e-04
2.143196846981982873e-01 1.444789751365565394e-03
2.643196846981989978e-01 2.227384200021913317e-03
3.143196846981979320e-01 3.581874591927131091e-03
3.643196846981986425e-01 6.561753454118610801e-03
4.143196846981993531e-01 1.279240925688261178e-02
4.643196846981982873e-01 2.420022833537321949e-02
5.143196846981989978e-01 4.036381367877547865e-02
5.643196846981979320e-01 6.140356443303653100e-02
6.143196846981986425e-01 7.889154038185725026e-02
6.643196846981993531e-01 9.400163319822212038e-02
7.143196846981982873e-01 9.987109156314470659e-02
7.643196846981989978e-01 9.905839732800156283e-02
8.143196846981979320e-01 9.689121270095323035e-02
8.643196846981986425e-01 9.451332956849739508e-02
9.143196846981993531e-01 9.409193255768244502e-02
9.643196846981982873e-01 1.074261379713271347e-01
1.014319684698198998e+00 1.234091245958087169e-01
1.064319684698197932e+00 1.340945487986165419e-01
1.114319684698198643e+00 1.622378491637582743e-01
1.164319684698199353e+00 1.982070940154634919e-01
1.214319684698198287e+00 2.339054407887876663e-01
1.264319684698198998e+00 2.983189838705024299e-01
1.314319684698197932e+00 3.862103604119077049e-01
1.364319684698198643e+00 5.314117304241470219e-01
1.414319684698199353e+00 6.523827723145263491e-01
1.464319684698198287e+00 7.405149471478258416e-01
1.514319684698198998e+00 9.203912711928387003e-01
1.564319684698197932e+00 1.013881208020785518e+00
1.614319684698198643e+00 1.037328941693989259e+00
1.664319684698199353e+00 1.076729562205187785e+00
1.714319684698198287e+00 1.076007167329505076e+00
1.764319684698198998e+00 1.222412528801215759e+00
1.814319684698197932e+00 1.438197898124959906e+00
1.864319684698198643e+00 1.902998801053857214e+00
1.914319684698199353e+00 2.609410690112157649e+00
1.964319684698198287e+00 3.511561490694006249e+00
2.014319684698198998e+00 4.216257691922561612e+00
2.064319684698197932e+00 4.642621167507837043e+00
2.114319684698198643e+00 4.565625913674647762e+00
2.164319684698199353e+00 4.050528267526336101e+00
2.214319684698198287e+00 3.217426377145167216e+00
2.264319684698198998e+00 2.301820972003727039e+00
2.314319684698197932e+00 1.599412354548167770e+00
2.364319684698198643e+00 1.082388322064702812e+00
2.414319684698199353e+00 8.210017762134825814e-01
2.464319684698198287e+00 6.577405343091736745e-01
2.514319684698198998e+00 5.680732703650482884e-01
2.564319684698197932e+00 5.232847880727158341e-01
2.614319684698198643e+00 5.223817944781122824e-01
2.664319684698199353e+00 5.118468692077383642e-01
2.714319684698198287e+00 5.054356146860536914e-01
2.764319684698198998e+00 5.122381664320665440e-01
2.814319684698197932e+00 5.022751371049415381e-01
2.864319684698198643e+00 5.253315735538168774e-01
2.914319684698199353e+00 5.818589725759947262e-01
2.964319684698198287e+00 5.930259933625912083e-01
3.014319684698198998e+00 6.886229152446127211e-01
3.064319684698197932e+00 7.469262016695104034e-01
3.114319684698198643e+00 8.188947911594077755e-01
3.164319684698199353e+00 8.672651480436674998e-01
3.214319684698198287e+00 9.276152199496666695e-01
3.264319684698198998e+00 1.003316182963924774e+00
3.314319684698197932e+00 1.049669854153570059e+00
3.364319684698198643e+00 1.089582171035043956e+00
3.414319684698199353e+00 1.156644495327595612e+00
3.464319684698196511e+00 1.218499556557933738e+00
3.514319684698200774e+00 1.258983769382655993e+00
3.564319684698197932e+00 1.334594433037453953e+00
3.614319684698198643e+00 1.335136229194216373e+00
3.664319684698199353e+00 1.356808075464699614e+00
3.714319684698196511e+00 1.373001760594588783e+00
3.764319684698200774e+00 1.406653321886811803e+00
3.814319684698197932e+00 1.379142117037892579e+00
3.864319684698198643e+00 1.300551574520903086e+00
3.914319684698199353e+00 1.301093370677665284e+00
3.964319684698196511e+00 1.268946798709781332e+00
4.014319684698200774e+00 1.244204774217646081e+00
4.064319684698197932e+00 1.171965286649367943e+00
4.114319684698198643e+00 1.140601309130140351e+00
4.164319684698199353e+00 1.138765222154446644e+00
4.214319684698196511e+00 1.118417766489381515e+00
4.264319684698200774e+00 1.109718928194701304e+00
4.314319684698197932e+00 1.019840965745168582e+00
4.364319684698198643e+00 1.028840801904716606e+00
4.414319684698199353e+00 9.509124546904363928e-01
4.464319684698196511e+00 9.180735876333565582e-01
4.514319684698200774e+00 8.715694175112773667e-01
4.564319684698197932e+00 8.184432943621060552e-01
4.614319684698198643e+00 7.748889033157314588e-01
4.664319684698199353e+00 7.376253676450947872e-01
4.714319684698196511e+00 6.745964147417717882e-01
4.764319684698200774e+00 6.647537845605939744e-01
4.814319684698197932e+00 6.642119884038317768e-01
4.864319684698198643e+00 6.242996715223581017e-01
4.914319684698199353e+00 6.822417605094146520e-01
4.964319684698196511e+00 6.824524590148222103e-01
5.014319684698200774e+00 6.995491377393147081e-01
5.064319684698197932e+00 7.103549610880697252e-01
5.114319684698198643e+00 7.526752608884861306e-01
5.164319684698199353e+00 8.171490035431744348e-01
5.214319684698196511e+00 8.345165803460479204e-01
5.264319684698200774e+00 8.541115413489432928e-01
5.314319684698197932e+00 9.188561820820128068e-01
5.364319684698198643e+00 8.917061746709349368e-01
5.414319684698199353e+00 1.017944679196501223e+00
5.464319684698196511e+00 1.031038086318251779e+00
5.514319684698200774e+00 1.068783218572677107e+00
5.564319684698197932e+00 1.129313889197596898e+00
5.614319684698198643e+00 1.178436740744025935e+00
5.664319684698199353e+00 1.234572842541875826e+00
5.714319684698196511e+00 1.279572023339615727e+00
5.764319684698200774e+00 1.298113491815473752e+00
5.814319684698197932e+00 1.321982622499492388e+00
5.864319684698198643e+00 1.345911952756484453e+00
5.914319684698199353e+00 1.331554354602289214e+00
5.964319684698196511e+00 1.308317319434493031e+00
6.014319684698200774e+00 1.331704853534723121e+00
6.064319684698197932e+00 1.303079956585792898e+00
6.114319684698198643e+00 1.291100241564053341e+00
6.164319684698199353e+00 1.256244688812359289e+00
6.214319684698196511e+00 1.243693077847370931e+00
6.264319684698200774e+00 1.243602778487910454e+00
6.314319684698197932e+00 1.206038244952405858e+00
6.364319684698198643e+00 1.111344316664987675e+00
6.414319684698199353e+00 1.089702570180990815e+00
6.464319684698196511e+00 9.986507160584734422e-01
6.514319684698200774e+00 1.015777494569452877e+00
6.564319684698197932e+00 9.466683847958000664e-01
6.614319684698202195e+00 9.647583564743562601e-01
6.664319684698199353e+00 9.186153837901185337e-01
6.714319684698196511e+00 8.815324468384023726e-01
6.764319684698200774e+00 8.735259036329181548e-01
6.814319684698197932e+00 9.087426538224540051e-01
6.864319684698202195e+00 8.894787904709129389e-01
6.914319684698199353e+00 8.866494105411554250e-01
6.964319684698196511e+00 8.906526821438974784e-01
7.014319684698200774e+00 8.824655402194925280e-01
7.064319684698197932e+00 8.997729174493926951e-01
7.114319684698202195e+00 8.938733592979832832e-01
7.164319684698199353e+00 9.010973080548111414e-01
7.214319684698196511e+00 9.158763032198213860e-01
7.264319684698200774e+00 9.367956548281353157e-01
7.314319684698197932e+00 9.612968810283762933e-01
7.364319684698202195e+00 9.734270949825496455e-01
7.414319684698199353e+00 9.777614642366462272e-01
7.464319684698196511e+00 9.543137305634425971e-01
7.514319684698200774e+00 9.956106376233085919e-01
7.564319684698197932e+00 1.059572683907721524e+00
7.614319684698202195e+00 9.931424551313922100e-01
7.664319684698199353e+00 1.063997352521278472e+00
7.714319684698196511e+00 1.037900837637238061e+00
7.764319684698200774e+00 1.074562377578139216e+00
7.814319684698197932e+00 1.063124458713162079e+00
7.864319684698202195e+00 1.054997516361730669e+00
7.914319684698199353e+00 1.076187766048425587e+00
7.964319684698196511e+00 1.018576774712723454e+00
8.014319684698200774e+00 1.013098613572129159e+00
8.064319684698197932e+00 1.031971179699341823e+00
8.114319684698202195e+00 9.763768740582543515e-01
8.164319684698199353e+00 1.005332868658539214e+00
8.214319684698196511e+00 1.007951550082889280e+00
8.264319684698200774e+00 9.858884065880777481e-01
8.314319684698197932e+00 1.009215741115334186e+00
8.364319684698202195e+00 9.664740443041029971e-01
8.414319684698199353e+00 1.004219176558528215e+00
8.464319684698196511e+00 9.991624124287488140e-01
8.514319684698200774e+00 9.748718847339152838e-01
8.564319684698197932e+00 9.828182283664259611e-01
8.614319684698202195e+00 9.435681067876612316e-01
8.664319684698199353e+00 9.713803095014484912e-01
8.714319684698196511e+00 9.655710507094995565e-01
8.764319684698200774e+00 9.297222050037413643e-01
8.814319684698197932e+00 9.483539728390597556e-01
8.864319684698202195e+00 9.353809648632565032e-01
8.914319684698199353e+00 9.693335240203472258e-01
8.964319684698196511e+00 9.497084632309650276e-01
9.014319684698200774e+00 9.097359467765177010e-01
9.064319684698197932e+00 9.068463672737865355e-01
9.114319684698202195e+00 9.741494898582325757e-01
9.164319684698199353e+00 9.406183277119567476e-01
9.214319684698196511e+00 9.545244290688502664e-01
9.264319684698200774e+00 9.767982710690693571e-01
9.314319684698197932e+00 9.429962108444124302e-01
9.364319684698202195e+00 9.758049781150056612e-01
9.414319684698199353e+00 9.566314141229249612e-01
9.464319684698196511e+00 9.772196680798843627e-01
9.514319684698200774e+00 1.004670673355830157e+00
9.564319684698197932e+00 1.013339411864023543e+00
9.614319684698202195e+00 1.020473061261390813e+00
9.664319684698199353e+00 1.032211977991235985e+00
9.714319684698196511e+00 1.029803995072293699e+00
9.764319684698200774e+00 1.067549127326718805e+00
9.814319684698197932e+00 1.031429383542579625e+00
9.864319684698202195e+00 1.046750174864352179e+00
9.914319684698199353e+00 1.060535877075298394e+00
9.964319684698196511e+00 1.016259091153241423e+00
1.001431968469820077e+01 1.035041357920993610e+00
1.006431968469819793e+01 1.054214921913074310e+00
1.011431968469820220e+01 1.055388813586058738e+00
1.016431968469819935e+01 1.053342028104957473e+00
1.021431968469819651e+01 1.053944023834693322e+00
1.026431968469820077e+01 1.029352498274991756e+00
1.031431968469819793e+01 1.069987210032148361e+00
1.036431968469820220e+01 1.029683595926346396e+00
1.041431968469819935e+01 1.012647116774827438e+00
1.046431968469819651e+01 9.810122411772188578e-01
1.051431968469820077e+01 9.883565890799937970e-01
1.056431968469819793e+01 1.035583154077755808e+00
1.061431968469820220e+01 9.615075795337837405e-01
1.066431968469819935e+01 9.761059759798733637e-01
1.071431968469819651e+01 9.573237092121209546e-01
1.076431968469820077e+01 9.477820768958109543e-01
1.081431968469819793e+01 9.727047001068668264e-01
1.086431968469820220e+01 9.425447140471108209e-01
1.091431968469819935e+01 9.520863463634209323e-01
1.096431968469819651e+01 9.558789194607554274e-01
1.101431968469820077e+01 9.571732102796870478e-01
1.106431968469819793e+01 9.524475438012622863e-01
1.111431968469820220e+01 9.453439941903813981e-01
1.116431968469819935e+01 9.197591756766163584e-01
1.121431968469819651e+01 9.276453197361533842e-01
1.126431968469820077e+01 9.145519126144029398e-01
1.131431968469819793e+01 9.339060753254041503e-01
1.136431968469820220e+01 9.398959328362738175e-01
1.141431968469819935e+01 9.408591260038510207e-01
1.146431968469819651e+01 9.517251489255794672e-01
1.151431968469820077e+01 9.603637876472860269e-01
1.156431968469819793e+01 9.952494401854671269e-01
1.161431968469820220e+01 9.617784776121649504e-01
1.166431968469819935e+01 9.717114071528031305e-01
1.171431968469819651e+01 9.873331963394432753e-01
1.176431968469820077e+01 9.569324119877926638e-01
1.181431968469819793e+01 1.040670017994022256e+00
1.186431968469820220e+01 1.001781093853098881e+00
1.191431968469819935e+01 1.028299005747954409e+00
1.196431968469819651e+01 1.008041849442349758e+00
1.201431968469820077e+01 1.014453103964034542e+00
1.206431968469819793e+01 1.014633702682955274e+00
1.211431968469820220e+01 9.868515997556547292e-01
1.216431968469819935e+01 9.945571450962710225e-01
1.221431968469819651e+01 9.985002171260397574e-01
1.226431968469820077e+01 9.761661755528467932e-01
1.231431968469819793e+01 1.026071621547932633e+00
1.236431968469820220e+01 1.029743795499320047e+00
1.241431968469819935e+01 9.898916781908198015e-01
1.246431968469819651e+01 9.875739946313375484e-01
1.251431968469820077e+01 9.821259332772298567e-01
1.256431968469819793e+01 9.981390196881982924e-01
1.261431968469820220e+01 1.032362476923670114e+00
1.266431968469819935e+01 9.963932320719648406e-01
1.271431968469819651e+01 9.813433388285736081e-01
1.276431968469820077e+01 9.817045362664149621e-01
1.281431968469819793e+01 9.719823052311840073e-01
1.286431968469820220e+01 1.006717458836931200e+00
1.291431968469819935e+01 1.014272505245113809e+00
1.296431968469819651e+01 9.937444508611279481e-01
1.301431968469820077e+01 9.983497181936057396e-01
1.306431968469819793e+01 9.819152347718224094e-01
1.311431968469820220e+01 9.754738804636507998e-01
1.316431968469819935e+01 9.874836952718770711e-01
1.321431968469819651e+01 9.695442225257546731e-01
1.326431968469820077e+01 9.886575869448617215e-01
1.331431968469819793e+01 9.732765960501157387e-01
1.336431968469820220e+01 9.739989909257985579e-01
1.341431968469819935e+01 1.003737579974739669e+00
1.346431968469819651e+01 9.786343580447630641e-01
1.351431968469820077e+01 1.008192348374783665e+00
1.356431968469819793e+01 9.809520416042452062e-01
1.361431968469820220e+01 9.998848073044317442e-01
1.366431968469819935e+01 9.730357977582215767e-01
1.371431968469819651e+01 9.712298105690144734e-01
1.376431968469820077e+01 9.909752705043439747e-01
1.381431968469819793e+01 9.907645719989365274e-01
1.386431968469820220e+01 9.751427828122962715e-01
1.391431968469819935e+01 9.516348495661191009e-01
1.396431968469819651e+01 9.976574231044097463e-01
1.401431968469820077e+01 9.683703308527702447e-01
1.406431968469819793e+01 9.518756478580132629e-01
1.411431968469820220e+01 9.479325758282447500e-01
1.416431968469819935e+01 9.424544146876503437e-01
1.421431968469819651e+01 9.849252134205006559e-01
1.426431968469820077e+01 9.414611217335865367e-01
1.431431968469819793e+01 9.497385630174516313e-01
1.436431968469820220e+01 9.356518629416374910e-01
1.441431968469819935e+01 9.430263106308991450e-01
1.446431968469819651e+01 9.439594040119894114e-01
1.451431968469820077e+01 9.432671089227935290e-01
1.456431968469819793e+01 9.625911718473079137e-01
1.461431968469820220e+01 9.410397247227717532e-01
1.466431968469819935e+01 9.708385133446864046e-01
1.471431968469819651e+01 9.780022625285406113e-01
1.476431968469820077e+01 9.531097391039713429e-01
1.481431968469819793e+01 9.536816350472203663e-01
1.486431968469820220e+01 9.740591904987720984e-01
1.491431968469819935e+01 9.546147284283106327e-01
1.496431968469819651e+01 9.651195539121976141e-01
1.501431968469820077e+01 9.347187695605473357e-01
1.506431968469819793e+01 9.543137305634425971e-01
1.511431968469820220e+01 9.690927257284530638e-01
1.516431968469819935e+01 9.781527614609746291e-01
1.521431968469819651e+01 9.821259332772298567e-01
1.526431968469820077e+01 9.751126830258094458e-01
1.531431968469819793e+01 9.563906158310307992e-01
1.536431968469820220e+01 9.682499317068231637e-01
1.541431968469819935e+01 9.329428821578271691e-01
1.546431968469819651e+01 9.471800811660753272e-01
1.551431968469820077e+01 9.653904519905787129e-01
1.556431968469819793e+01 9.734270949825496455e-01
1.561431968469820220e+01 9.709589124906335966e-01
1.566431968469819935e+01 9.570528111337399668e-01
1.571431968469819651e+01 1.006235862253142654e+00
1.576431968469820077e+01 1.013098613572129159e+00
1.581431968469819793e+01 9.935939519286940413e-01
1.586431968469820220e+01 9.580160043013169480e-01
1.591431968469819935e+01 9.960922342070971380e-01
1.596431968469819651e+01 9.646379573284091791e-01
1.601431968469820077e+01 1.000908200044982266e+00
1.606431968469819793e+01 1.001871393212559358e+00
1.611431968469820220e+01 9.923899604692227872e-01
1.616431968469819935e+01 1.012827715493748171e+00
1.621431968469819651e+01 1.007770951363968548e+00
1.626431968469820077e+01 1.007951550082889280e+00
1.631431968469819793e+01 1.004550274209883076e+00
1.636431968469820220e+01 1.009275940688307838e+00
1.641431968469819935e+01 9.777915640231331640e-01
1.646431968469819651e+01 1.010178934282911278e+00
1.651431968469820077e+01 1.004219176558528215e+00
1.656431968469819793e+01 1.015777494569452877e+00
1.661431968469820220e+01 9.387220411632895001e-01
1.666431968469819935e+01 9.665944434500500781e-01
1.671431968469819651e+01 9.654807513500390792e-01
1.676431968469820077e+01 9.727949994663271926e-01
1.681431968469819793e+01 9.865807016772736304e-01
1.686431968469820220e+01 9.870622982610621765e-01
1.691431968469819935e+01 1.005212469512592133e+00
1.696431968469819651e+01 9.699355197500829640e-01
1.701431968469820077e+01 9.806510437393776147e-01
1.706431968469819793e+01 9.586480998175395118e-01
1.711431968469820220e+01 9.437788052930689009e-01
1.716431968469819935e+01 9.556381211688612654e-01
1.721431968469819651e+01 9.809219418177586025e-01
1.726431968469820077e+01 9.675877364041138851e-01
1.731431968469819793e+01 9.603035880743124864e-01
1.736431968469820220e+01 9.686713287176380582e-01
1.741431968469819935e+01 9.433875080687406101e-01
1.746431968469819651e+01 9.990119134963149072e-01
1.751431968469820077e+01 9.819453345583093462e-01
1.756431968469819793e+01 9.807413430988378700e-01
1.761431968469820220e+01 9.912762683692117882e-01
1.766431968469819935e+01 9.756845789690583581e-01
1.771431968469819651e+01 9.662031462257218983e-01
1.776431968469820077e+01 9.650593543392240736e-01
1.781431968469819793e+01 9.940454487259957617e-01
1.786431968469820220e+01 9.936842512881544076e-01
1.791431968469819935e+01 9.655108511365257939e-01
1.796431968469819651e+01 9.980186205422512113e-01
1.801431968469820077e+01 9.918180645259739858e-01
1.806431968469819793e+01 9.927210581205774265e-01
1.811431968469820220e+01 1.000697501539574708e+00
1.816431968469819935e+01 9.764370736312280030e-01
1.821431968469819651e+01 1.063124458713162079e+00
1.826431968469820077e+01 1.017673781118120013e+00
1.831431968469819793e+01 1.030797288026357394e+00
1.836431968469820220e+01 1.008071949228836584e+00
1.841431968469819935e+01 1.004219176558528215e+00
1.846431968469819651e+01 1.026192020693879714e+00
1.851431968469820077e+01 1.036937644469661191e+00
1.856431968469819793e+01 1.025349226672249703e+00
1.861431968469820220e+01 1.003045284885543786e+00
1.866431968469819935e+01 1.042536204756202567e+00
1.871431968469819651e+01 9.918180645259739858e-01
1.876431968469820077e+01 1.005122170153131655e+00
1.881431968469819793e+01 9.674673372581668040e-01
1.886431968469820220e+01 1.001811193639585484e+00
1.891431968469819935e+01 9.767982710690693571e-01
1.896431968469819651e+01 1.006025163747735096e+00
1.901431968469820077e+01 9.563003164715704330e-01
1.906431968469819793e+01 9.930220559854452400e-01
1.911431968469820220e+01 9.643971590365147950e-01
1.916431968469819935e+01 9.791460544150385470e-01
1.921431968469819651e+01 9.803500458745096902e-01
1.926431968469820077e+01 9.454342935498418754e-01
1.931431968469819793e+01 9.672265389662725310e-01
1.936431968469820220e+01 9.594908938391694120e-01
1.941431968469819935e+01 9.795072518528797900e-01
1.946431968469820362e+01 9.820958334907431420e-01
1.951431968469820077e+01 9.871525976205225428e-01
1.956431968469819793e+01 9.845339161961724761e-01
1.961431968469819509e+01 1.015024999907283343e+00
1.966431968469819935e+01 1.000456703247680545e+00
1.971431968469820362e+01 9.985604166990131869e-01
1.976431968469820077e+01 9.911859690097514219e-01
1.981431968469819793e+01 1.020533260834364464e+00
1.986431968469819509e+01 9.628018703527153610e-01
1.991431968469819935e+01 9.729153986122744957e-01
1.996431968469820362e+01 1.029472897420938837e+00
2.001431968469820077e+01 1.010148834496424453e+00
2.006431968469819793e+01 9.792062539880119765e-01
2.011431968469819509e+01 9.955203382638482257e-01
2.016431968469819935e+01 1.009245840901821012e+00
2.021431968469820362e+01 1.013429711223483798e+00
2.026431968469820077e+01 9.629523692851493788e-01
2.031431968469819793e+01 9.573538089986077804e-01
2.036431968469819509e+01 9.665342438770764266e-01
2.041431968469819935e+01 9.394745358254588119e-01
2.046431968469820362e+01 1.014603602896468448e+00
2.051431968469820077e+01 9.866108014637604562e-01
2.056431968469819793e+01 9.464576862903923971e-01
2.061431968469819509e+01 9.578655053688831522e-01
2.066431968469819935e+01 9.643670592500280803e-01
2.071431968469820362e+01 9.540127326985748946e-01
2.076431968469820077e+01 9.358324616605583346e-01
2.081431968469819793e+01 9.450128965390269808e-01
2.086431968469819509e+01 9.560896179661628747e-01
2.091431968469819935e+01 9.658118490013936075e-01
2.096431968469820362e+01 9.636747641608321979e-01
2.101431968469820077e+01 9.991022128557753845e-01
2.106431968469819793e+01 9.663235453716689793e-01
2.111431968469819509e+01 9.966039305773723989e-01
2.116431968469819935e+01 9.564508154040042287e-01
2.121431968469820362e+01 9.637349637338056274e-01
2.126431968469820077e+01 9.894702811800047959e-01
2.131431968469819793e+01 9.928414572665245075e-01
2.136431968469819509e+01 9.909752705043439747e-01
2.141431968469819935e+01 9.705375154798184800e-01
2.146431968469820362e+01 9.762865746987940962e-01
2.151431968469820077e+01 9.996741087990240748e-01
2.156431968469819793e+01 1.005182369726105529e+00
2.161431968469819509e+01 1.034349062831797728e+00
2.166431968469819935e+01 1.008974942823440024e+00
2.171431968469820362e+01 1.045756881910288261e+00
2.176431968469820077e+01 1.012316019123472799e+00
2.181431968469819793e+01 1.048495962480585408e+00
2.186431968469819509e+01 1.026944515356049248e+00
2.191431968469819935e+01 1.068933717505110792e+00
2.196431968469820362e+01 9.817647358393883916e-01
2.201431968469820077e+01 1.006867957769365329e+00
2.206431968469819793e+01 9.920287630313815441e-01
2.211431968469819509e+01 1.039676725039958338e+00
2.216431968469819935e+01 1.010931428945080812e+00
2.221431968469820362e+01 1.025770623683064597e+00
2.226431968469820077e+01 9.941357480854561279e-01
2.231431968469819793e+01 1.028238806174980757e+00
2.236431968469819509e+01 1.024747230942514076e+00
2.241431968469819935e+01 1.016529989231622411e+00
2.246431968469820362e+01 1.000697501539574708e+00
2.251431968469820077e+01 9.736377934879572038e-01
2.256431968469819793e+01 9.893498820340576039e-01
2.261431968469819509e+01 9.678586344824950949e-01
2.266431968469819935e+01 1.000607202180114452e+00
2.271431968469820362e+01 9.727347998933537632e-01
2.276431968469820077e+01 9.677683351230346176e-01
2.281431968469819793e+01 9.596413927716032077e-01
2.286431968469819509e+01 9.710191120636071371e-01
2.291431968469819935e+01 9.643068596770545398e-01
2.296431968469820362e+01 9.751126830258094458e-01
2.301431968469820077e+01 9.571130107067133963e-01
2.306431968469819793e+01 9.349595678524414977e-01
2.311431968469819509e+01 9.731862966906554835e-01
2.316431968469819935e+01 9.801393473691022429e-01
2.321431968469820362e+01 9.757146787555450729e-01
2.326431968469820077e+01 9.713803095014484912e-01
2.331431968469819793e+01 9.665041440905897119e-01
2.336431968469819509e+01 9.457352914147096890e-01
2.341431968469819935e+01 9.869418991151148735e-01
2.346431968469820362e+01 9.971457267341343744e-01
2.351431968469820077e+01 9.687315282906117098e-01
2.356431968469819793e+01 9.898314786178462610e-01
2.361431968469819509e+01 9.637048639473189127e-01
2.366431968469819935e+01 9.667148425959971592e-01
2.371431968469820362e+01 9.826376296475052285e-01
2.376431968469820077e+01 9.559391190337289679e-01
2.381431968469819793e+01 9.863700031718662942e-01
2.386431968469819509e+01 9.541933314174956271e-01
2.391431968469819935e+01 9.955203382638482257e-01
2.396431968469820362e+01 9.641563607446207440e-01
2.401431968469820077e+01 9.768885704285296123e-01
2.406431968469819793e+01 9.280065171739947383e-01
2.411431968469819509e+01 9.191270801603939056e-01
2.416431968469819935e+01 9.673469381122196120e-01
2.421431968469820362e+01 9.636145645878585464e-01
2.426431968469820077e+01 9.410096249362849274e-01
2.431431968469819793e+01 9.765574727771750840e-01
2.436431968469819509e+01 9.347789691335207651e-01
2.441431968469819935e+01 9.794169524934194238e-01
2.446431968469820362e+01 9.827580287934523096e-01
2.451431968469820077e+01 9.645175581824618760e-01
2.456431968469819793e+01 9.526281425201830189e-01
2.461431968469819509e+01 9.932929540638262278e-01
2.466431968469819935e+01 9.577752060094228970e-01
2.471431968469820362e+01 1.024867630088461157e+00
2.476431968469820077e+01 9.922996611097624209e-01
2.481431968469819793e+01 9.805306445934304227e-01
2.486431968469819509e+01 9.726144007474066822e-01
2.491431968469819935e+01 1.003888078907173798e+00
2.496431968469820362e+01 9.854971093637496793e-01
2.501431968469820077e+01 9.935337523557203898e-01
2.506431968469819793e+01 9.976574231044097463e-01
2.511431968469819509e+01 1.026763916637128515e+00
2.516431968469819935e+01 1.009667237912636129e+00
2.521431968469820362e+01 1.016951386242437305e+00
2.526431968469820077e+01 9.959417352746630092e-01
2.531431968469819793e+01 9.974166248125154732e-01
2.536431968469819509e+01 1.014934700547822866e+00
2.541431968469819935e+01 1.043950894721081379e+00
2.546431968469820362e+01 1.063726454442897484e+00
2.551431968469820077e+01 1.046087979561642900e+00
2.556431968469819793e+01 1.042686703688636474e+00
2.561431968469819509e+01 1.023091742685741101e+00
2.566431968469819935e+01 1.027365912366864142e+00
2.571431968469820362e+01 1.031429383542579625e+00
2.576431968469820077e+01 1.008854543677492943e+00
2.581431968469819793e+01 9.985905164855000127e-01
2.586431968469820220e+01 1.022700445461412810e+00
2.591431968469819935e+01 1.016048392647833865e+00
2.596431968469820362e+01 1.013279212291049891e+00
2.601431968469820077e+01 1.018366076207316118e+00
2.606431968469819793e+01 9.781527614609746291e-01
2.611431968469820220e+01 1.018606874499210280e+00
2.616431968469819935e+01 9.687616280770984245e-01
2.621431968469820362e+01 9.874234956989036416e-01
2.626431968469820077e+01 9.599122908499844176e-01
2.631431968469819793e+01 9.817346360529017879e-01
2.636431968469820220e+01 9.830590266583200121e-01
2.641431968469819935e+01 9.457051916282228632e-01
2.646431968469820362e+01 9.696947214581885799e-01
2.651431968469820077e+01 9.611764818824292123e-01
2.656431968469819793e+01 9.492870662201501331e-01
2.661431968469820220e+01 9.579558047283434075e-01
2.666431968469819935e+01 9.651797534851713767e-01
2.671431968469820362e+01 9.869418991151148735e-01
2.676431968469820077e+01 9.522669450823415538e-01
2.681431968469819793e+01 9.808617422447850620e-01
2.686431968469820220e+01 9.743902881501267377e-01
2.691431968469819935e+01 9.837212219610294017e-01
2.696431968469820362e+01 1.012225719764012544e+00
2.701431968469820077e+01 1.018907872364078315e+00
2.706431968469819793e+01 1.006958257128825585e+00
2.711431968469820220e+01 1.065412042486157507e+00
2.716431968469819935e+01 9.917879647394871601e-01
2.721431968469820362e+01 1.021315855283020824e+00
2.726431968469820077e+01 9.971457267341343744e-01
2.731431968469819793e+01 1.021376054855994253e+00
2.736431968469820220e+01 1.016830987096490224e+00
2.741431968469819935e+01 1.017854379837040746e+00
2.746431968469820362e+01 1.035041357920993610e+00
2.751431968469820077e+01 1.022429547383031823e+00
2.756431968469819793e+01 9.839620202529235637e-01
2.761431968469820220e+01 1.013249112504563065e+00
2.766431968469819935e+01 9.859185063745644628e-01
2.771431968469820362e+01 9.797179503582873483e-01
2.776431968469820077e+01 9.990119134963149072e-01
2.781431968469819793e+01 9.674372374716799783e-01
2.786431968469820220e+01 9.309562962496995553e-01
2.791431968469819935e+01 9.452837946174079686e-01
2.796431968469820362e+01 9.462770875714718866e-01
2.801431968469820077e+01 8.945355546006923397e-01
2.806431968469819793e+01 9.074784627900090994e-01
2.811431968469820220e+01 8.768669799329510406e-01
2.816431968469819935e+01 9.028430956710443711e-01
2.821431968469820362e+01 8.725025108923676331e-01
2.826431968469820077e+01 8.849939222843823394e-01
2.831431968469819793e+01 8.958599452061110080e-01
2.836431968469820220e+01 8.859571154519594316e-01
2.841431968469819935e+01 8.778000733140413070e-01
2.846431968469820362e+01 8.760542856978080772e-01
2.851431968469820077e+01 8.949569516115074563e-01
2.856431968469819793e+01 9.232206511225962142e-01
2.861431968469820220e+01 8.788535658410788765e-01
2.866431968469819935e+01 9.363140582443467697e-01
2.871431968469820362e+01 9.366752556821880127e-01
2.876431968469820077e+01 1.001058698977415951e+00
2.881431968469819793e+01 9.834503238826481919e-01
2.886431968469820220e+01 1.020352662115443731e+00
2.891431968469819935e+01 1.120103354532641315e+00
2.896431968469820362e+01 1.120374252611022303e+00
2.901431968469820077e+01 1.210733811644344016e+00
2.906431968469819793e+01 1.263799735220541454e+00
2.911431968469820220e+01 1.293929621493810966e+00
2.916431968469819935e+01 1.306752130537180534e+00
2.921431968469820362e+01 1.364453421232342922e+00
2.926431968469820077e+01 1.321952522713005562e+00
2.931431968469819793e+01 1.335768324710438382e+00
2.936431968469820220e+01 1.377065231770304488e+00
2.941431968469819935e+01 1.357831468205250358e+00
2.946431968469820362e+01 1.383566785651449749e+00
2.951431968469820077e+01 1.322674917588688492e+00
2.956431968469819793e+01 1.349674426067332345e+00
2.961431968469820220e+01 1.303862551034449258e+00
2.966431968469819935e+01 1.254438701623152408e+00
2.971431968469820362e+01 1.245529164823064638e+00
2.976431968469820077e+01 1.138253525784171272e+00
2.981431968469819793e+01 1.138795321940933469e+00
2.986431968469820220e+01 1.113421201932575766e+00
2.991431968469819935e+01 1.032874173293945264e+00
2.996431968469820362e+01 9.677081355500609661e-01
3.001431968469820077e+01 9.849252134205006559e-01
3.006431968469819793e+01 8.999234163818266019e-01
3.011431968469820220e+01 8.191656892377887633e-01
3.016431968469819935e+01 7.699826381183860757e-01
3.021431968469820362e+01 7.461135074343674400e-01
3.026431968469820077e+01 7.180304066421991926e-01
3.031431968469819793e+01 7.208296867854699919e-01
3.036431968469820220e+01 6.726399286201310002e-01
3.041431968469819935e+01 6.445267280414761490e-01
3.046431968469820362e+01 6.674928651308913441e-01
3.051431968469820077e+01 6.817902637121130427e-01
3.056431968469819793e+01 7.218229797395337988e-01
3.061431968469820220e+01 7.340133932666809136e-01
3.066431968469819935e+01 7.197159946854591039e-01
3.071431968469820362e+01 7.242911622314500697e-01
3.076431968469820077e+01 8.290685189919402287e-01
3.081431968469819793e+01 8.380984549379750792e-01
3.086431968469820220e+01 8.614257894652316283e-01
3.091431968469819935e+01 9.298125043632016196e-01
3.096431968469820362e+01 9.865807016772736304e-01
3.101431968469820077e+01 1.049459155648162723e+00
3.106431968469819793e+01 1.054214921913074310e+00
3.111431968469820220e+01 1.074773076083546774e+00
3.116431968469819935e+01 1.142949092476109207e+00
3.121431968469820362e+01 1.140511009770679873e+00
3.126431968469820077e+01 1.212630098193011374e+00
3.131431968469819793e+01 1.244325173363593162e+00
3.136431968469820220e+01 1.278006834442303230e+00
3.141431968469819935e+01 1.270572187180067703e+00
3.146431968469820362e+01 1.330561061648225518e+00
3.151431968469820077e+01 1.368667391340492312e+00
3.156431968469819793e+01 1.414298667654454444e+00
3.161431968469820220e+01 1.394523107932638339e+00
3.166431968469819935e+01 1.441147677200664834e+00
3.171431968469820362e+01 1.408158311211150870e+00
3.176431968469820077e+01 1.365386514613432745e+00
3.181431968469819793e+01 1.374476650132441469e+00
3.186431968469820220e+01 1.318972643850814253e+00
3.191431968469819935e+01 1.224429214495829754e+00
3.196431968469820362e+01 1.129223589838136643e+00
3.201431968469820077e+01 1.059121187110419804e+00
3.206431968469819793e+01 9.927511579070640302e-01
3.211431968469820220e+01 9.289095107685982899e-01
3.216431968469819935e+01 9.044383843548440272e-01
3.221431968469820362e+01 8.213328738648372207e-01
3.226431968469820077e+01 7.605915047345099822e-01
3.231431968469819793e+01 7.248329583882120453e-01
3.236431968469820220e+01 6.977431505501076048e-01
3.241431968469819935e+01 6.237277755791094114e-01
3.246431968469820362e+01 5.716551449569753363e-01
3.251431968469820077e+01 5.131110602401832699e-01
3.256431968469819793e+01 5.316525287160412949e-01
3.261431968469820220e+01 5.209972042997202957e-01
3.266431968469819935e+01 4.949307892021664879e-01
3.271431968469820362e+01 4.938772966751291404e-01
3.276431968469820077e+01 4.983320650751729142e-01
3.281431968469819793e+01 4.791284012966056660e-01
3.286431968469820220e+01 5.402911674377479656e-01
3.291431968469819935e+01 5.863438407625253257e-01
3.296431968469820362e+01 7.368728729829250312e-01
3.301431968469820077e+01 1.101381287337862558e+00
3.306431968469819793e+01 1.537497093744855992e+00
3.311431968469820220e+01 2.339927301695993833e+00
3.316431968469819935e+01 3.176972264106931121e+00
3.321431968469820362e+01 4.028796221682878986e+00
3.326431968469820077e+01 4.529987766474295796e+00
3.331431968469819793e+01 4.565926911539515132e+00
3.336431968469820220e+01 4.131135495737940033e+00
3.341431968469819935e+01 3.477488532390969223e+00
3.346431968469820362e+01 2.598243669325561722e+00
3.351431968469820077e+01 1.914978516075596549e+00
3.356431968469819793e+01 1.451231105673736810e+00
3.361431968469820220e+01 1.204894453065908033e+00
3.366431968469819935e+01 1.105324359367631182e+00
3.371431968469820362e+01 9.975671237449492690e-01
3.376431968469820077e+01 9.517552487120661819e-01
3.381431968469819793e+01 9.449526969660532183e-01
3.386431968469820220e+01 8.301822110919512276e-01
3.391431968469819935e+01 7.583942203209748101e-01
3.396431968469820362e+01 6.526235706064205111e-01
3.401431968469820077e+01 5.801432847462479891e-01
3.406431968469819793e+01 4.678108815775753326e-01
3.411431968469820220e+01 3.556590771278233531e-01
3.416431968469819935e+01 2.991617778921324411e-01
3.421431968469820362e+01 2.247250059103189923e-01
3.426431968469820077e+01 1.929697311667633031e-01
3.431431968469819793e+01 1.640739361394520368e-01
3.436431968469820220e+01 1.346062451688918582e-01
3.441431968469819935e+01 1.129945984713819351e-01
3.446431968469820362e+01 1.029412697847965352e-01
3.451431968469820077e+01 1.013760808874838298e-01
3.456431968469819793e+01 1.073358386118668101e-01
3.461431968469820220e+01 1.072756390388932279e-01
3.466431968469819935e+01 1.015867793928913188e-01
3.471431968469820362e+01 9.370063533335427908e-02
3.476431968469820077e+01 7.503876771154904812e-02
3.481431968469819793e+01 5.755079176272835662e-02
3.486431968469820220e+01 3.801603033280643446e-02
3.491431968469819935e+01 2.374873153807148529e-02
3.496431968469820362e+01 1.450809708662921874e-02
3.501431968469820077e+01 8.036642991970958591e-03
3.506431968469819793e+01 4.815965837885217982e-03
3.511431968469820220e+01 3.160477581112174084e-03
3.516431968469819935e+01 1.715687829746608906e-03
3.521431968469820362e+01 1.113692100010956658e-03
3.526431968469820077e+01 6.922950891960000849e-04
3.531431968469819793e+01 4.514967973017391316e-04
3.536431968469820220e+01 2.407982918942608991e-04
3.541431968469819935e+01 2.708980783810435115e-04
3.546431968469820362e+01 6.019957297356522477e-05
3.551431968469820077e+01 3.009978648678261239e-05
3.556431968469819793e+01 0.000000000000000000e+00
3.561431968469820220e+01 3.009978648678261239e-05
3.566431968469819935e+01 0.000000000000000000e+00
3.571431968469820362e+01 0.000000000000000000e+00
3.576431968469820077e+01 0.000000000000000000e+00
3.581431968469819793e+01 0.000000000000000000e+00
3.586431968469820220e+01 0.000000000000000000e+00
3.591431968469819935e+01 0.000000000000000000e+00
3.596431968469820362e+01 0.000000000000000000e+00
3.601431968469820077e+01 0.000000000000000000e+00
3.606431968469819793e+01 0.000000000000000000e+00
3.611431968469820220e+01 0.000000000000000000e+00
3.616431968469819935e+01 0.000000000000000000e+00
3.621431968469820362e+01 0.000000000000000000e+00
3.626431968469820077e+01 0.000000000000000000e+00
3.631431968469819793e+01 0.000000000000000000e+00
3.636431968469820220e+01 0.000000000000000000e+00
3.641431968469819935e+01 0.000000000000000000e+00
3.646431968469820362e+01 0.000000000000000000e+00
3.651431968469820077e+01 0.000000000000000000e+00
3.656431968469819793e+01 0.000000000000000000e+00
3.661431968469820220e+01 0.000000000000000000e+00
3.666431968469819935e+01 0.000000000000000000e+00
3.671431968469820362e+01 0.000000000000000000e+00
3.676431968469820077e+01 0.000000000000000000e+00
3.681431968469819793e+01 0.000000000000000000e+00
3.686431968469820220e+01 0.000000000000000000e+00
3.691431968469819935e+01 0.000000000000000000e+00
3.696431968469820362e+01 0.000000000000000000e+00
3.701431968469820077e+01 0.000000000000000000e+00
3.706431968469819793e+01 0.000000000000000000e+00
3.711431968469820220e+01 0.000000000000000000e+00
3.716431968469819935e+01 0.000000000000000000e+00
3.721431968469820362e+01 0.000000000000000000e+00
3.726431968469820077e+01 0.000000000000000000e+00
3.731431968469819793e+01 0.000000000000000000e+00
3.736431968469820220e+01 0.000000000000000000e+00
