-1.273372509720277890e+01 1.076609175535459017e-04
-1.268372509720277996e+01 1.076609175535459017e-04
-1.263372509720277925e+01 1.614913763303188390e-04
-1.258372509720277854e+01 1.076609175535459017e-04
-1.253372509720277961e+01 5.383045877677295084e-05
-1.248372509720277890e+01 1.076609175535459017e-04
-1.243372509720277996e+01 1.614913763303188390e-04
-1.238372509720277925e+01 1.076609175535459017e-04
-1.233372509720277854e+01 2.691522938838647678e-04
-1.228372509720277961e+01 1.076609175535459017e-04
-1.223372509720277890e+01 1.614913763303188390e-04
-1.218372509720277996e+01 1.614913763303188390e-04
-1.213372509720277925e+01 1.076609175535459017e-04
-1.208372509720277854e+01 5.383045877677295084e-05
-1.203372509720277961e+01 0.000000000000000000e+00
-1.198372509720277890e+01 0.000000000000000000e+00
-1.193372509720277996e+01 0.000000000000000000e+00
-1.188372509720277925e+01 0.000000000000000000e+00
-1.183372509720277854e+01 0.000000000000000000e+00
-1.178372509720277961e+01 0.000000000000000000e+00
-1.173372509720277890e+01 0.000000000000000000e+00
-1.168372509720277819e+01 0.000000000000000000e+00
-1.163372509720277925e+01 0.000000000000000000e+00
-1.158372509720277854e+01 0.000000000000000000e+00
-1.153372509720277961e+01 0.000000000000000000e+00
-1.148372509720277890e+01 0.000000000000000000e+00
-1.143372509720277819e+01 0.000000000000000000e+00
-1.138372509720277925e+01 0.000000000000000000e+00
-1.133372509720277854e+01 0.000000000000000000e+00
-1.128372509720277961e+01 0.000000000000000000e+00
-1.123372509720277890e+01 0.000000000000000000e+00
-1.118372509720277819e+01 0.000000000000000000e+00
-1.113372509720277925e+01 0.000000000000000000e+00
-1.108372509720277854e+01 0.000000000000000000e+00
-1.103372509720277961e+01 0.000000000000000000e+00
-1.098372509720277890e+01 0.000000000000000000e+00
-1.093372509720277819e+01 0.000000000000000000e+00
-1.088372509720277925e+01 0.000000000000000000e+00
-1.083372509720277854e+01 0.000000000000000000e+00
-1.078372509720277961e+01 0.000000000000000000e+00
-1.073372509720277890e+01 0.000000000000000000e+00
-1.068372509720277819e+01 0.000000000000000000e+00
-1.063372509720277925e+01 0.000000000000000000e+00
-1.058372509720278032e+01 0.000000000000000000e+00
-1.053372509720277961e+01 0.000000000000000000e+00
-1.048372509720277890e+01 0.000000000000000000e+00
-1.043372509720277819e+01 0.000000000000000000e+00
-1.038372509720277925e+01 0.000000000000000000e+00
-1.033372509720277854e+01 0.000000000000000000e+00
-1.028372509720277961e+01 0.000000000000000000e+00
-1.023372509720277890e+01 0.000000000000000000e+00
-1.018372509720277819e+01 0.000000000000000000e+00
-1.013372509720277925e+01 0.000000000000000000e+00
-1.008372509720277854e+01 0.000000000000000000e+00
-1.003372509720277961e+01 0.000000000000000000e+00
-9.983725097202778898e+00 0.000000000000000000e+00
-9.933725097202778187e+00 0.000000000000000000e+00
-9.883725097202779253e+00 0.000000000000000000e+00
-9.833725097202778542e+00 0.000000000000000000e+00
-9.783725097202779608e+00 0.000000000000000000e+00
-9.733725097202778898e+00 0.000000000000000000e+00
-9.683725097202778187e+00 0.000000000000000000e+00
-9.633725097202779253e+00 0.000000000000000000e+00
-9.583725097202778542e+00 0.000000000000000000e+00
-9.533725097202779608e+00 0.000000000000000000e+00
-9.483725097202778898e+00 0.000000000000000000e+00
-9.433725097202778187e+00 0.000000000000000000e+00
-9.383725097202779253e+00 0.000000000000000000e+00
-9.333725097202778542e+00 0.000000000000000000e+00
-9.283725097202779608e+00 0.000000000000000000e+00
-9.233725097202778898e+00 0.000000000000000000e+00
-9.183725097202778187e+00 0.000000000000000000e+00
-9.133725097202779253e+00 0.000000000000000000e+00
-9.083725097202778542e+00 0.000000000000000000e+00
-9.033725097202779608e+00 0.000000000000000000e+00
-8.983725097202778898e+00 0.000000000000000000e+00
-8.933725097202778187e+00 0.000000000000000000e+00
-8.883725097202779253e+00 0.000000000000000000e+00
-8.833725097202778542e+00 0.000000000000000000e+00
-8.783725097202779608e+00 0.000000000000000000e+00
-8.733725097202778898e+00 0.000000000000000000e+00
-8.683725097202778187e+00 0.000000000000000000e+00
-8.633725097202779253e+00 0.000000000000000000e+00
-8.583725097202778542e+00 0.000000000000000000e+00
-8.533725097202779608e+00 0.000000000000000000e+00
-8.483725097202778898e+00 0.000000000000000000e+00
-8.433725097202778187e+00 0.000000000000000000e+00
-8.383725097202779253e+00 0.000000000000000000e+00
-8.333725097202778542e+00 0.000000000000000000e+00
-8.283725097202779608e+00 0.000000000000000000e+00
-8.233725097202778898e+00 0.000000000000000000e+00
-8.183725097202778187e+00 0.000000000000000000e+00
-8.133725097202779253e+00 0.000000000000000000e+00
-8.083725097202778542e+00 0.000000000000000000e+00
-8.033725097202779608e+00 0.000000000000000000e+00
-7.983725097202778898e+00 0.000000000000000000e+00
-7.933725097202778187e+00 0.000000000000000000e+00
-7.883725097202779253e+00 0.000000000000000000e+00
-7.833725097202778542e+00 0.000000000000000000e+00
-7.783725097202779608e+00 0.000000000000000000e+00
-7.733725097202778898e+00 0.000000000000000000e+00
-7.683725097202778187e+00 0.000000000000000000e+00
-7.633725097202779253e+00 0.000000000000000000e+00
-7.583725097202778542e+00 0.000000000000000000e+00
-7.533725097202779608e+00 0.000000000000000000e+00
-7.483725097202778898e+00 0.000000000000000000e+00
-7.433725097202778187e+00 0.000000000000000000e+00
-7.383725097202779253e+00 0.000000000000000000e+00
-7.333725097202778542e+00 0.000000000000000000e+00
-7.283725097202779608e+00 0.000000000000000000e+00
-7.233725097202778898e+00 0.000000000000000000e+00
-7.183725097202778187e+00 0.000000000000000000e+00
-7.133725097202779253e+00 0.000000000000000000e+00
-7.083725097202778542e+00 0.000000000000000000e+00
-7.033725097202779608e+00 0.000000000000000000e+00
-6.983725097202778898e+00 0.000000000000000000e+00
-6.933725097202778187e+00 0.000000000000000000e+00
-6.883725097202779253e+00 0.000000000000000000e+00
-6.833725097202778542e+00 0.000000000000000000e+00
-6.783725097202779608e+00 0.000000000000000000e+00
-6.733725097202778898e+00 0.000000000000000000e+00
-6.683725097202778187e+00 0.000000000000000000e+00
-6.633725097202779253e+00 0.000000000000000000e+00
-6.583725097202778542e+00 0.000000000000000000e+00
-6.533725097202779608e+00 0.000000000000000000e+00
-6.483725097202778898e+00 0.000000000000000000e+00
-6.433725097202778187e+00 0.000000000000000000e+00
-6.383725097202779253e+00 0.000000000000000000e+00
-6.333725097202778542e+00 0.000000000000000000e+00
-6.283725097202779608e+00 0.000000000000000000e+00
-6.233725097202778898e+00 0.000000000000000000e+00
-6.183725097202778187e+00 0.000000000000000000e+00
-6.133725097202779253e+00 0.000000000000000000e+00
-6.083725097202778542e+00 0.000000000000000000e+00
-6.033725097202779608e+00 0.000000000000000000e+00
-5.983725097202778898e+00 0.000000000000000000e+00
-5.933725097202778187e+00 0.000000000000000000e+00
-5.883725097202779253e+00 0.000000000000000000e+00
-5.833725097202778542e+00 0.000000000000000000e+00
-5.783725097202779608e+00 0.000000000000000000e+00
-5.733725097202778898e+00 0.000000000000000000e+00
-5.683725097202778187e+00 0.000000000000000000e+00
-5.633725097202779253e+00 0.000000000000000000e+00
-5.583725097202778542e+00 0.000000000000000000e+00
-5.533725097202779608e+00 0.000000000000000000e+00
-5.483725097202778898e+00 0.000000000000000000e+00
-5.433725097202778187e+00 0.000000000000000000e+00
-5.383725097202779253e+00 0.000000000000000000e+00
-5.333725097202778542e+00 0.000000000000000000e+00
-5.283725097202779608e+00 0.000000000000000000e+00
-5.233725097202778898e+00 0.000000000000000000e+00
-5.183725097202778187e+00 0.000000000000000000e+00
-5.133725097202779253e+00 0.000000000000000000e+00
-5.083725097202778542e+00 0.000000000000000000e+00
-5.033725097202779608e+00 0.000000000000000000e+00
-4.983725097202778898e+00 0.000000000000000000e+00
-4.933725097202778187e+00 0.000000000000000000e+00
-4.883725097202779253e+00 0.000000000000000000e+00
-4.833725097202778542e+00 0.000000000000000000e+00
-4.783725097202779608e+00 0.000000000000000000e+00
-4.733725097202778898e+00 0.000000000000000000e+00
-4.683725097202779963e+00 0.000000000000000000e+00
-4.633725097202779253e+00 0.000000000000000000e+00
-4.583725097202778542e+00 0.000000000000000000e+00
-4.533725097202777832e+00 0.000000000000000000e+00
-4.483725097202778898e+00 0.000000000000000000e+00
-4.433725097202779963e+00 0.000000000000000000e+00
-4.383725097202779253e+00 0.000000000000000000e+00
-4.333725097202778542e+00 0.000000000000000000e+00
-4.283725097202777832e+00 0.000000000000000000e+00
-4.233725097202778898e+00 0.000000000000000000e+00
-4.183725097202779963e+00 0.000000000000000000e+00
-4.133725097202779253e+00 0.000000000000000000e+00
-4.083725097202778542e+00 0.000000000000000000e+00
-4.033725097202777832e+00 0.000000000000000000e+00
-3.983725097202778898e+00 0.000000000000000000e+00
-3.933725097202779963e+00 0.000000000000000000e+00
-3.883725097202779253e+00 0.000000000000000000e+00
-3.833725097202778542e+00 0.000000000000000000e+00
-3.783725097202777832e+00 0.000000000000000000e+00
-3.733725097202778898e+00 0.000000000000000000e+00
-3.683725097202779963e+00 0.000000000000000000e+00
-3.633725097202779253e+00 0.000000000000000000e+00
-3.583725097202778542e+00 0.000000000000000000e+00
-3.533725097202777832e+00 0.000000000000000000e+00
-3.483725097202778898e+00 0.000000000000000000e+00
-3.433725097202779963e+00 0.000000000000000000e+00
-3.383725097202779253e+00 0.000000000000000000e+00
-3.333725097202778542e+00 0.000000000000000000e+00
-3.283725097202777832e+00 0.000000000000000000e+00
-3.233725097202778898e+00 0.000000000000000000e+00
-3.183725097202778187e+00 0.000000000000000000e+00
-3.133725097202779253e+00 0.000000000000000000e+00
-3.083725097202778542e+00 0.000000000000000000e+00
-3.033725097202777832e+00 0.000000000000000000e+00
-2.983725097202778898e+00 0.000000000000000000e+00
-2.933725097202778187e+00 0.000000000000000000e+00
-2.883725097202779253e+00 0.000000000000000000e+00
-2.833725097202778542e+00 0.000000000000000000e+00
-2.783725097202777832e+00 0.000000000000000000e+00
-2.733725097202778898e+00 0.000000000000000000e+00
-2.683725097202778187e+00 0.000000000000000000e+00
-2.633725097202779253e+00 0.000000000000000000e+00
-2.583725097202778542e+00 0.000000000000000000e+00
-2.533725097202777832e+00 0.000000000000000000e+00
-2.483725097202778898e+00 0.000000000000000000e+00
-2.433725097202778187e+00 0.000000000000000000e+00
-2.383725097202779253e+00 0.000000000000000000e+00
-2.333725097202778542e+00 0.000000000000000000e+00
-2.283725097202777832e+00 0.000000000000000000e+00
-2.233725097202778898e+00 0.000000000000000000e+00
-2.183725097202778187e+00 0.000000000000000000e+00
-2.133725097202779253e+00 0.000000000000000000e+00
-2.083725097202778542e+00 0.000000000000000000e+00
-2.033725097202777832e+00 0.000000000000000000e+00
-1.983725097202778898e+00 0.000000000000000000e+00
-1.933725097202778187e+00 0.000000000000000000e+00
-1.883725097202779253e+00 0.000000000000000000e+00
-1.833725097202778542e+00 0.000000000000000000e+00
-1.783725097202777832e+00 0.000000000000000000e+00
-1.733725097202778898e+00 0.000000000000000000e+00
-1.683725097202778187e+00 0.000000000000000000e+00
-1.633725097202779253e+00 0.000000000000000000e+00
-1.583725097202778542e+00 0.000000000000000000e+00
-1.533725097202777832e+00 0.000000000000000000e+00
-1.483725097202778898e+00 0.000000000000000000e+00
-1.433725097202778187e+00 0.000000000000000000e+00
-1.383725097202779253e+00 0.000000000000000000e+00
-1.333725097202778542e+00 0.000000000000000000e+00
-1.283725097202777832e+00 0.000000000000000000e+00
-1.233725097202778898e+00 0.000000000000000000e+00
-1.183725097202778187e+00 0.000000000000000000e+00
-1.133725097202779253e+00 0.000000000000000000e+00
-1.083725097202778542e+00 0.000000000000000000e+00
-1.033725097202777832e+00 0.000000000000000000e+00
-9.837250972027788976e-01 0.000000000000000000e+00
-9.337250972027781870e-01 0.000000000000000000e+00
-8.837250972027792528e-01 0.000000000000000000e+00
-8.337250972027785423e-01 0.000000000000000000e+00
-7.837250972027778317e-01 0.000000000000000000e+00
-7.337250972027788976e-01 0.000000000000000000e+00
-6.837250972027781870e-01 0.000000000000000000e+00
-6.337250972027792528e-01 0.000000000000000000e+00
-5.837250972027785423e-01 0.000000000000000000e+00
-5.337250972027778317e-01 0.000000000000000000e+00
-4.837250972027788976e-01 0.000000000000000000e+00
-4.337250972027781870e-01 0.000000000000000000e+00
-3.837250972027792528e-01 0.000000000000000000e+00
-3.337250972027785423e-01 0.000000000000000000e+00
-2.837250972027778317e-01 0.000000000000000000e+00
-2.337250972027788976e-01 0.000000000000000000e+00
-1.837250972027781870e-01 0.000000000000000000e+00
-1.337250972027792528e-01 0.000000000000000000e+00
-8.372509720277854228e-02 0.000000000000000000e+00
-3.372509720277783174e-02 0.000000000000000000e+00
1.627490279722110245e-02 0.000000000000000000e+00
6.627490279722181299e-02 0.000000000000000000e+00
1.162749027972207472e-01 0.000000000000000000e+00
1.662749027972214577e-01 0.000000000000000000e+00
2.162749027972221683e-01 0.000000000000000000e+00
2.662749027972211024e-01 0.000000000000000000e+00
3.162749027972218130e-01 0.000000000000000000e+00
3.662749027972207472e-01 0.000000000000000000e+00
4.162749027972214577e-01 0.000000000000000000e+00
4.662749027972221683e-01 0.000000000000000000e+00
5.162749027972211024e-01 0.000000000000000000e+00
5.662749027972218130e-01 5.383045877677295084e-05
6.162749027972207472e-01 5.383045877677295084e-05
6.662749027972214577e-01 1.076609175535459017e-04
7.162749027972221683e-01 5.921350465445026625e-04
7.662749027972211024e-01 1.184270093089005325e-03
8.162749027972218130e-01 2.691522938838648328e-03
8.662749027972207472e-01 4.575588996025701377e-03
9.162749027972214577e-01 9.797143497372678977e-03
9.662749027972221683e-01 2.180133580459304998e-02
1.016274902797221102e+00 4.064199637646357527e-02
1.066274902797221813e+00 7.315559347763445075e-02
1.116274902797220747e+00 1.182116874737934031e-01
1.166274902797221458e+00 2.099387892294145297e-01
1.216274902797222168e+00 3.613100393097001262e-01
1.266274902797221102e+00 6.140978737254259023e-01
1.316274902797221813e+00 1.058845124139124128e+00
1.366274902797220747e+00 1.734471212246401217e+00
1.416274902797221458e+00 2.597211975061741285e+00
1.466274902797222168e+00 3.640930740284592737e+00
1.516274902797221102e+00 4.547704818379332714e+00
1.566274902797221813e+00 5.148883381998333952e+00
1.616274902797220747e+00 5.247285460642273414e+00
1.666274902797221458e+00 4.656065531896977028e+00
1.716274902797222168e+00 3.861797112645692032e+00
1.766274902797221102e+00 3.012675455900875043e+00
1.816274902797221813e+00 2.129048475080147718e+00
1.866274902797220747e+00 1.299844088082736437e+00
1.916274902797221458e+00 7.596554342578200059e-01
1.966274902797222168e+00 4.474387733525367894e-01
2.016274902797221102e+00 2.405683202733983617e-01
2.066274902797221813e+00 1.547087385244454993e-01
2.116274902797220747e+00 1.164352823341598953e-01
2.166274902797221458e+00 8.585958174895286232e-02
2.216274902797222168e+00 8.090717954148973767e-02
2.266274902797221102e+00 1.035159722277343985e-01
2.316274902797221813e+00 1.184808397676772873e-01
2.366274902797220747e+00 1.481952530124559519e-01
2.416274902797221458e+00 1.759717697412707949e-01
2.466274902797222168e+00 1.937358211376058736e-01
2.516274902797221102e+00 1.908828068224368846e-01
2.566274902797221813e+00 1.940049734314897023e-01
2.616274902797220747e+00 1.741953646016372592e-01
2.666274902797221458e+00 1.566466350404092933e-01
2.716274902797222168e+00 1.348452992358162572e-01
2.766274902797221102e+00 1.233255810575868555e-01
2.816274902797221813e+00 1.147665381120799438e-01
2.866274902797220747e+00 1.002323142423512531e-01
2.916274902797221458e+00 8.828195239390765336e-02
2.966274902797222168e+00 8.198378871702521886e-02
3.016274902797221102e+00 7.487816815849118735e-02
3.066274902797221813e+00 6.669593842442168852e-02
3.116274902797220747e+00 6.750339530607329941e-02
3.166274902797221458e+00 6.260482355738694604e-02
3.216274902797222168e+00 6.486570282601140935e-02
3.266274902797219326e+00 9.721780855085195017e-02
3.316274902797223589e+00 1.357604170350214245e-01
3.366274902797220747e+00 2.221044729129652284e-01
3.416274902797221458e+00 3.862335417233459522e-01
3.466274902797222168e+00 6.512947207401760252e-01
3.516274902797219326e+00 9.836439732279722570e-01
3.566274902797223589e+00 1.435981318329195400e+00
3.616274902797220747e+00 1.801597794341037506e+00
3.666274902797221458e+00 2.070696257766125647e+00
3.716274902797222168e+00 2.430176061477414606e+00
3.766274902797219326e+00 2.690769312415772774e+00
3.816274902797223589e+00 2.744599771192546278e+00
3.866274902797220747e+00 2.720322234284221707e+00
3.916274902797221458e+00 2.758918673227167773e+00
3.966274902797222168e+00 2.607170609935444805e+00
4.016274902797219326e+00 2.533692033705150060e+00
4.066274902797223589e+00 2.410204961271232182e+00
4.116274902797220747e+00 2.169851962832941350e+00
4.166274902797221458e+00 2.040766522686239703e+00
4.216274902797222168e+00 1.923846766223088700e+00
4.266274902797219326e+00 1.701257819181132724e+00
4.316274902797223589e+00 1.505207288316125602e+00
4.366274902797220747e+00 1.330527449585497068e+00
4.416274902797221458e+00 1.241707192603821897e+00
4.466274902797222168e+00 1.181686231067719861e+00
4.516274902797219326e+00 1.043449612928966985e+00
4.566274902797223589e+00 1.050178420276063562e+00
4.616274902797220747e+00 9.985011798503615754e-01
4.666274902797221458e+00 1.004907004444797636e+00
4.716274902797222168e+00 1.038335719345173658e+00
4.766274902797219326e+00 1.013304556013974178e+00
4.816274902797223589e+00 1.048294354218876512e+00
4.866274902797220747e+00 9.838592950630792311e-01
4.916274902797221458e+00 1.049640115688295960e+00
4.966274902797222168e+00 9.879504099301140707e-01
5.016274902797219326e+00 1.015726926658928830e+00
5.066274902797223589e+00 9.573747093449069823e-01
5.116274902797220747e+00 9.449937038262492539e-01
5.166274902797221458e+00 8.972999173500284531e-01
5.216274902797222168e+00 8.980535437729032511e-01
5.266274902797219326e+00 8.265128640585719388e-01
5.316274902797223589e+00 8.221525968976534093e-01
5.366274902797220747e+00 8.092871172500047949e-01
5.416274902797221458e+00 8.241981543311707181e-01
5.466274902797222168e+00 7.455518540583054854e-01
5.516274902797219326e+00 7.362391846899236647e-01
5.566274902797223589e+00 7.229430613720608800e-01
5.616274902797220747e+00 7.368313197364683154e-01
5.666274902797221458e+00 7.229430613720608800e-01
5.716274902797222168e+00 6.870919758267300947e-01
5.766274902797219326e+00 6.929056653746215044e-01
5.816274902797223589e+00 6.687357893838503653e-01
5.866274902797220747e+00 6.874149585793907224e-01
5.916274902797221458e+00 6.486570282601140658e-01
5.966274902797222168e+00 6.726654128745547245e-01
6.016274902797219326e+00 6.743341570966349119e-01
6.066274902797223589e+00 7.051251795169489744e-01
6.116274902797220747e+00 7.402764690981816775e-01
6.166274902797221458e+00 7.291335641313895222e-01
6.216274902797222168e+00 7.946452324627223396e-01
6.266274902797219326e+00 8.138627062460302986e-01
6.316274902797223589e+00 7.979827209068823812e-01
6.366274902797220747e+00 8.394860046237742068e-01
6.416274902797225010e+00 8.008895656808280306e-01
6.466274902797222168e+00 8.857263687130222385e-01
6.516274902797219326e+00 8.913785668845835009e-01
6.566274902797223589e+00 9.458549911666775944e-01
6.616274902797220747e+00 9.539833904419704469e-01
6.666274902797225010e+00 9.495692928222749796e-01
6.716274902797222168e+00 1.032683521173612284e+00
6.766274902797219326e+00 9.833748209340884561e-01
6.816274902797223589e+00 1.008728967017948452e+00
6.866274902797220747e+00 1.141851691572908001e+00
6.916274902797225010e+00 1.103416744006292305e+00
6.966274902797222168e+00 1.087913571878581509e+00
7.016274902797219326e+00 1.126994484950518682e+00
7.066274902797223589e+00 1.108153824378647956e+00
7.116274902797220747e+00 1.155093984431994070e+00
7.166274902797225010e+00 1.186584802816406103e+00
7.216274902797222168e+00 1.201334348521242212e+00
7.266274902797219326e+00 1.248435999950918251e+00
7.316274902797223589e+00 1.285848168800775682e+00
7.366274902797220747e+00 1.327674435270328246e+00
7.416274902797225010e+00 1.301781984598700426e+00
7.466274902797222168e+00 1.304904151207753049e+00
7.516274902797219326e+00 1.308295470110689918e+00
7.566274902797223589e+00 1.324013964073507577e+00
7.616274902797220747e+00 1.298713648448424296e+00
7.666274902797225010e+00 1.239876957005411340e+00
7.716274902797222168e+00 1.255972264179666675e+00
7.766274902797219326e+00 1.219582874046568177e+00
7.816274902797223589e+00 1.222489718820513938e+00
7.866274902797220747e+00 1.178510233999890300e+00
7.916274902797225010e+00 1.105892945110023673e+00
7.966274902797222168e+00 1.137760576705873161e+00
8.016274902797219326e+00 1.087644419584697708e+00
8.066274902797223589e+00 1.117627985123360146e+00
8.116274902797220747e+00 1.065950744697658381e+00
8.166274902797225010e+00 1.037259110169638010e+00
8.216274902797222168e+00 1.046840931831903632e+00
8.266274902797219326e+00 1.021325294371713488e+00
8.316274902797223589e+00 9.627577552225843327e-01
8.366274902797220747e+00 1.006091274537886493e+00
8.416274902797225010e+00 1.015350113447491598e+00
8.466274902797222168e+00 9.305671408740741057e-01
8.516274902797219326e+00 9.305671408740741057e-01
8.566274902797223589e+00 9.617349765058257338e-01
8.616274902797220747e+00 9.237845030682008129e-01
8.666274902797225010e+00 9.370806263860637086e-01
8.716274902797222168e+00 9.044593683673390894e-01
8.766274902797219326e+00 9.047823511199998281e-01
8.816274902797223589e+00 8.982150351492335094e-01
8.866274902797220747e+00 8.998299489125367590e-01
8.916274902797225010e+00 9.479005486001950143e-01
8.966274902797222168e+00 8.781901044842741477e-01
9.016274902797219326e+00 8.999376098300903015e-01
9.066274902797223589e+00 8.878795870640930898e-01
9.116274902797220747e+00 8.812584406345500554e-01
9.166274902797225010e+00 8.803971532941217149e-01
9.216274902797222168e+00 8.793205441185862892e-01
9.266274902797219326e+00 9.360578476693048877e-01
9.316274902797223589e+00 8.689850960334457586e-01
9.366274902797220747e+00 8.588649697834125352e-01
9.416274902797225010e+00 8.970307650561446522e-01
9.466274902797222168e+00 8.904634490853781115e-01
9.516274902797219326e+00 9.236230116918704436e-01
9.566274902797223589e+00 8.956311731279484878e-01
9.616274902797220747e+00 8.968154432210374560e-01
9.666274902797225010e+00 8.858340296305756700e-01
9.716274902797222168e+00 9.331510028953593494e-01
9.766274902797219326e+00 9.372421177623939670e-01
9.816274902797223589e+00 9.116188193846499477e-01
9.866274902797220747e+00 9.609813500829507138e-01
9.916274902797225010e+00 9.614119937531649951e-01
9.966274902797222168e+00 9.885425449766587214e-01
1.001627490279721933e+01 9.634037207279055881e-01
1.006627490279722359e+01 9.918262029620418252e-01
1.011627490279722075e+01 9.575900311800140674e-01
1.016627490279722501e+01 9.881119013064444401e-01
1.021627490279722217e+01 1.004853173986020698e+00
1.026627490279721933e+01 1.031122437869085973e+00
1.031627490279722359e+01 9.458549911666775944e-01
1.036627490279722075e+01 1.035590365947558045e+00
1.041627490279722501e+01 9.975860620511565191e-01
1.046627490279722217e+01 1.025147256944864305e+00
1.051627490279721933e+01 1.081453916825368733e+00
1.056627490279722359e+01 1.042480664670985213e+00
1.061627490279722075e+01 1.029722845940890030e+00
1.066627490279722501e+01 1.084360761599314271e+00
1.071627490279722217e+01 1.068911419930380635e+00
1.076627490279721933e+01 1.083876287470323607e+00
1.081627490279722359e+01 1.103147591712408282e+00
1.086627490279722075e+01 1.111868126034245341e+00
1.091627490279722501e+01 1.077901106546101717e+00
1.096627490279722217e+01 1.115582427689842726e+00
1.101627490279721933e+01 1.073271687091299276e+00
1.106627490279722359e+01 1.104170370429166770e+00
1.111627490279722075e+01 1.093996413720356831e+00
1.116627490279722501e+01 1.083122661047448476e+00
1.121627490279722217e+01 1.045549000821261121e+00
1.126627490279721933e+01 1.113160057044888074e+00
1.131627490279722359e+01 1.058575971845240105e+00
1.136627490279722075e+01 1.095988140695097313e+00
1.141627490279722501e+01 1.082961169671118551e+00
1.146627490279722217e+01 1.055722957530071282e+00
1.151627490279721933e+01 9.988241626030220921e-01
1.156627490279722359e+01 1.015403943906268314e+00
1.161627490279722075e+01 1.014757978400946836e+00
1.166627490279722501e+01 1.004691682609690329e+00
1.171627490279722217e+01 1.047756049631108688e+00
1.176627490279721933e+01 1.006737240043207748e+00
1.181627490279722359e+01 1.036290161911656238e+00
1.186627490279722075e+01 9.963479614992905020e-01
1.191627490279722501e+01 9.666873787132888030e-01
1.196627490279722217e+01 9.820290594646690074e-01
1.201627490279721933e+01 9.959711482878531585e-01
1.206627490279722359e+01 9.959173178290764428e-01
1.211627490279722075e+01 9.416023849233126075e-01
1.216627490279722501e+01 9.399336407012326422e-01
1.221627490279722217e+01 9.264221955482625503e-01
1.226627490279721933e+01 9.352503907876532629e-01
1.231627490279722359e+01 9.240536553620846139e-01
1.236627490279722075e+01 9.785839101029556453e-01
1.241627490279722501e+01 9.884348840591050678e-01
1.246627490279722217e+01 9.728240510138408403e-01
1.251627490279721933e+01 9.250764340788432127e-01
1.256627490279722359e+01 9.469854308009899579e-01
1.261627490279722075e+01 9.180246439790860080e-01
1.266627490279722501e+01 9.370806263860637086e-01
1.271627490279722217e+01 9.644803299034410138e-01
1.276627490279721933e+01 9.250764340788432127e-01
1.281627490279722359e+01 9.390723533608041906e-01
1.286627490279722075e+01 9.229770461865489661e-01
1.291627490279722501e+01 9.530144421839883417e-01
1.296627490279722217e+01 9.688405970643596543e-01
1.301627490279721933e+01 9.397183188661255571e-01
1.306627490279722359e+01 9.569440656746929230e-01
1.311627490279722075e+01 9.509150542916943172e-01
1.316627490279722501e+01 9.906957633277293507e-01
1.321627490279722217e+01 9.736315078954925761e-01
1.326627490279721933e+01 9.362193390456352571e-01
1.331627490279722359e+01 9.780456055151878214e-01
1.336627490279722075e+01 9.461779739193382222e-01
1.341627490279722501e+01 9.582359966853354338e-01
1.346627490279722217e+01 9.786377405617323610e-01
1.351627490279721933e+01 9.737391688130460077e-01
1.356627490279722359e+01 9.708861544978770741e-01
1.361627490279722075e+01 9.774534704686433928e-01
1.366627490279722501e+01 9.705093412864396196e-01
1.371627490279722217e+01 9.597432495310851408e-01
1.376627490279721933e+01 9.383725573967062195e-01
1.381627490279722359e+01 1.025524070156301537e+00
1.386627490279722075e+01 9.911264069979437430e-01
1.391627490279722501e+01 1.058629802304016820e+00
1.396627490279722217e+01 1.020464007031284925e+00
1.401627490279721933e+01 1.046733270914350200e+00
1.406627490279722359e+01 1.070472503234906947e+00
1.411627490279722075e+01 1.096257292988981114e+00
1.416627490279722501e+01 1.011258998580456758e+00
1.421627490279722217e+01 1.011474320415563843e+00
1.426627490279721933e+01 1.048617336971537251e+00
1.431627490279722359e+01 1.064389661393131625e+00
1.436627490279722075e+01 1.015834587576482484e+00
1.441627490279722501e+01 1.000546737283878995e+00
1.446627490279722217e+01 1.047217745043341086e+00
1.451627490279721933e+01 1.034675248148352988e+00
1.456627490279722359e+01 1.004530191233360181e+00
1.461627490279722075e+01 1.031445420621746711e+00
1.466627490279722501e+01 1.016372892164250086e+00
1.471627490279722217e+01 1.050501403028724301e+00
1.476627490279721933e+01 9.670103614659493196e-01
1.481627490279722359e+01 1.038443380262727089e+00
1.486627490279722075e+01 9.931181339726842250e-01
1.491627490279722501e+01 9.881119013064444401e-01
1.496627490279722217e+01 1.060944512031418263e+00
1.501627490279721933e+01 9.846667519447307448e-01
1.506627490279722359e+01 1.014434995648286320e+00
1.511627490279722075e+01 9.895114932346404935e-01
1.516627490279722501e+01 1.009536423899600077e+00
1.521627490279722217e+01 9.658799218316371782e-01
1.526627490279721933e+01 9.961326396641834169e-01
1.531627490279722359e+01 9.665258873369584336e-01
1.536627490279722075e+01 9.707784935803234205e-01
1.541627490279722501e+01 9.780994359739646482e-01
1.546627490279722217e+01 9.278756179352354305e-01
1.551627490279721933e+01 9.280909397703425157e-01
1.556627490279722359e+01 9.606045368715133703e-01
1.561627490279722075e+01 9.722857464260731275e-01
1.566627490279722501e+01 9.599585713661922259e-01
1.571627490279722217e+01 9.818675680883387491e-01
1.576627490279721933e+01 9.705093412864396196e-01
1.581627490279722359e+01 9.697557148635648216e-01
1.586627490279722075e+01 9.690559188994667394e-01
1.591627490279722501e+01 9.884887145178817836e-01
1.596627490279722217e+01 9.864431570843644748e-01
1.601627490279722110e+01 9.485465141055162697e-01
1.606627490279722537e+01 9.866584789194715599e-01
1.611627490279722252e+01 9.625962638462539633e-01
1.616627490279722679e+01 9.706170022039932732e-01
1.621627490279722394e+01 9.551676605350591931e-01
1.626627490279722110e+01 9.454781779552401400e-01
1.631627490279722537e+01 9.763230308343311403e-01
1.636627490279722252e+01 1.003184429763940955e+00
1.641627490279722679e+01 9.392338447371345600e-01
1.646627490279722394e+01 9.535527467717561656e-01
1.651627490279722110e+01 9.525299680549974557e-01
1.656627490279722537e+01 9.834286513928651718e-01
1.661627490279722252e+01 1.024339800063212680e+00
1.666627490279722679e+01 9.344429339060016382e-01
1.671627490279722394e+01 9.307824627091811909e-01
1.676627490279722110e+01 9.695403930284576255e-01
1.681627490279722537e+01 9.553291519113895625e-01
1.686627490279722252e+01 9.824597031348833998e-01
1.691627490279722679e+01 9.979628752625939736e-01
1.696627490279722394e+01 9.759462176228936858e-01
1.701627490279722110e+01 9.599047409074152881e-01
1.706627490279722537e+01 1.037743584298629118e+00
1.711627490279722252e+01 9.831056686402045441e-01
1.716627490279722679e+01 1.016642044458134109e+00
1.721627490279722394e+01 1.010989846286572735e+00
1.726627490279722110e+01 1.010666863533912219e+00
1.731627490279722537e+01 1.053246756426339692e+00
1.736627490279722252e+01 1.020248685196177840e+00
1.741627490279722679e+01 1.008190662430180629e+00
1.746627490279722394e+01 9.948945391123177329e-01
1.751627490279722110e+01 1.045549000821261121e+00
1.756627490279722537e+01 1.046087305409028945e+00
1.761627490279722252e+01 1.055776787988847998e+00
1.766627490279722679e+01 1.062344103959614205e+00
1.771627490279722394e+01 1.043718765222851008e+00
1.776627490279722110e+01 1.007760018759966458e+00
1.781627490279722537e+01 9.888116972705425223e-01
1.786627490279722252e+01 1.047325405960894518e+00
1.791627490279722679e+01 9.839131255218560579e-01
1.796627490279722394e+01 1.027138983919604787e+00
1.801627490279722110e+01 1.028161762636363497e+00
1.806627490279722537e+01 1.024878104650980060e+00
1.811627490279722252e+01 9.968324356282816101e-01
1.816627490279722679e+01 1.005229987197458152e+00
1.821627490279722394e+01 1.006521918208100885e+00
1.826627490279722110e+01 1.043395782470190269e+00
1.831627490279722537e+01 1.013573708307857979e+00
1.836627490279722252e+01 1.029776676399666746e+00
1.841627490279722679e+01 1.039412328520709083e+00
1.846627490279722394e+01 9.600124018249688307e-01
1.851627490279722110e+01 9.055898080016513418e-01
1.856627490279722537e+01 9.915032202093810865e-01
1.861627490279722252e+01 9.961864701229603547e-01
1.866627490279722679e+01 1.039627650355816169e+00
1.871627490279722394e+01 9.912878983742740013e-01
1.876627490279722110e+01 9.908034242452830043e-01
1.881627490279722537e+01 9.893500018583101241e-01
1.886627490279722252e+01 1.048832658806644114e+00
1.891627490279722679e+01 1.030153489611103979e+00
1.896627490279722394e+01 9.566749133808090111e-01
1.901627490279722110e+01 9.716936113795286989e-01
1.906627490279722537e+01 9.987703321442454873e-01
1.911627490279722252e+01 9.377804223501616798e-01
1.916627490279722679e+01 9.455320084140170778e-01
1.921627490279722394e+01 9.448322124499191066e-01
1.926627490279722821e+01 9.835363123104186034e-01
1.931627490279722537e+01 9.712629677093144176e-01
1.936627490279722252e+01 9.859586829553734777e-01
1.941627490279721968e+01 9.279294483940123683e-01
1.946627490279722394e+01 9.789068928556161620e-01
1.951627490279722821e+01 9.729317119313942719e-01
1.956627490279722537e+01 9.367576436334029699e-01
1.961627490279722252e+01 9.665797177957352604e-01
1.966627490279721968e+01 9.496231232810515843e-01
1.971627490279722394e+01 9.573747093449069823e-01
1.976627490279722821e+01 9.225464025163349069e-01
1.981627490279722537e+01 9.208238278354783368e-01
1.986627490279722252e+01 9.449937038262492539e-01
1.991627490279721968e+01 9.666335482545118651e-01
1.996627490279722394e+01 9.509150542916943172e-01
2.001627490279722821e+01 9.444015687797047143e-01
2.006627490279722537e+01 9.576438616387907832e-01
2.011627490279722252e+01 9.442939078621512827e-01
2.016627490279721968e+01 9.564057610869252102e-01
2.021627490279722394e+01 9.852050565324986797e-01
2.026627490279722821e+01 9.933872862665681369e-01
2.031627490279722537e+01 9.866046484606948441e-01
2.036627490279722252e+01 9.756232348702330581e-01
2.041627490279721968e+01 9.754617434939026888e-01
2.046627490279722394e+01 1.053354417343893124e+00
2.051627490279722821e+01 1.040542768155021225e+00
2.056627490279722537e+01 9.740621515657066354e-01
2.061627490279722252e+01 1.012766251426206576e+00
2.066627490279721968e+01 1.018364619138990790e+00
2.071627490279722394e+01 1.097226241246962886e+00
2.076627490279722821e+01 1.076232362324021752e+00
2.081627490279722537e+01 1.068857589471603697e+00
2.086627490279722252e+01 1.055184652942303458e+00
2.091627490279721968e+01 1.033975452184255017e+00
2.096627490279722394e+01 1.099756272809471414e+00
2.101627490279722821e+01 1.096311123447757829e+00
2.106627490279722537e+01 1.070956977363898055e+00
2.111627490279722252e+01 1.063959017722917455e+00
2.116627490279721968e+01 1.066219896991541960e+00
2.121627490279722394e+01 1.081992221413136335e+00
2.126627490279722821e+01 1.067996302131175579e+00
2.131627490279722537e+01 1.118704594298895572e+00
2.136627490279722252e+01 1.087159945455706600e+00
2.141627490279721968e+01 1.067188845249523954e+00
2.146627490279722394e+01 1.056045940282731799e+00
2.151627490279722821e+01 1.049209472018081568e+00
2.156627490279722537e+01 1.083660965635216300e+00
2.161627490279722252e+01 1.090335942523536161e+00
2.166627490279721968e+01 1.079408359391851313e+00
2.171627490279722394e+01 1.084791405269528664e+00
2.176627490279722821e+01 1.036882296958200778e+00
2.181627490279722537e+01 9.918262029620418252e-01
2.186627490279722252e+01 9.972630792984958914e-01
2.191627490279721968e+01 1.025093426486087367e+00
2.196627490279722394e+01 9.783685882678484491e-01
2.201627490279722821e+01 9.803064847838123264e-01
2.206627490279722537e+01 9.346582557411088343e-01
2.211627490279722252e+01 9.620579592584863615e-01
2.216627490279721968e+01 9.753002521175723194e-01
2.221627490279722394e+01 8.605875444642692162e-01
2.226627490279722821e+01 8.894945008273963394e-01
2.231627490279722537e+01 9.372959482211706828e-01
2.236627490279722252e+01 8.833039980680673642e-01
2.241627490279721968e+01 8.585419870307519075e-01
2.246627490279722394e+01 8.398628178352117724e-01
2.251627490279722821e+01 8.767366820973011565e-01
2.256627490279722537e+01 8.757677338393190514e-01
2.261627490279722252e+01 8.744219723698999358e-01
2.266627490279721968e+01 8.699002138326508149e-01
2.271627490279722394e+01 8.519208406012086510e-01
2.276627490279722821e+01 8.728608890653735131e-01
2.281627490279722537e+01 8.528359584004140403e-01
2.286627490279722252e+01 8.601030703352783302e-01
2.291627490279721968e+01 8.546661939988242640e-01
2.296627490279722394e+01 8.426081712328270523e-01
2.301627490279722821e+01 8.492831481211469136e-01
2.306627490279722537e+01 8.996684575362063896e-01
2.311627490279722252e+01 8.770596648499617842e-01
2.316627490279721968e+01 8.532666020706282106e-01
2.321627490279722394e+01 9.457473302491241629e-01
2.326627490279722821e+01 8.752294292515515606e-01
2.331627490279722537e+01 9.558674564991574973e-01
2.336627490279722252e+01 9.371344568448403134e-01
2.341627490279721968e+01 1.002215481505958961e+00
2.346627490279722394e+01 9.964017919580674398e-01
2.351627490279722821e+01 9.631883988927985030e-01
2.356627490279722537e+01 1.041834699165663958e+00
2.361627490279722252e+01 1.061644307995516234e+00
2.366627490279721968e+01 1.057337871293374532e+00
2.371627490279722394e+01 1.091035738487634354e+00
2.376627490279722821e+01 1.143412774877434313e+00
2.381627490279722537e+01 1.135230545143364855e+00
2.386627490279722252e+01 1.156009102231199126e+00
2.391627490279721968e+01 1.136845458906668105e+00
2.396627490279722394e+01 1.251827318853855120e+00
2.401627490279722821e+01 1.183570297124906912e+00
2.406627490279722537e+01 1.274597602916429873e+00
2.411627490279722252e+01 1.301028358175825517e+00
2.416627490279721968e+01 1.273359502364564078e+00
2.421627490279722394e+01 1.252796267111836670e+00
2.426627490279722821e+01 1.358465457690642531e+00
2.431627490279722537e+01 1.265069611712941189e+00
2.436627490279722252e+01 1.316100886633322142e+00
2.441627490279721968e+01 1.328697213987086734e+00
2.446627490279722394e+01 1.298067682943103041e+00
2.451627490279722821e+01 1.218237112577148951e+00
2.456627490279722537e+01 1.268676252450985142e+00
2.461627490279722252e+01 1.194820863009252498e+00
2.466627490279721968e+01 1.217321994777943672e+00
2.471627490279722394e+01 1.175226576014507085e+00
2.476627490279722821e+01 1.099810103268248129e+00
2.481627490279722537e+01 1.082799678294788182e+00
2.486627490279722252e+01 1.073056365256192191e+00
2.491627490279721968e+01 1.067242675708300670e+00
2.496627490279722394e+01 1.030422641904988001e+00
2.501627490279722821e+01 1.005875952702779630e+00
2.506627490279722537e+01 1.039573819897039231e+00
2.511627490279722252e+01 1.018310788680214074e+00
2.516627490279721968e+01 9.341737816121178373e-01
2.521627490279722394e+01 9.244304685735220684e-01
2.526627490279722821e+01 9.111343452556590616e-01
2.531627490279722537e+01 8.960079863393859423e-01
2.536627490279722252e+01 8.356640420506233902e-01
2.541627490279721968e+01 8.210759877221179837e-01
2.546627490279722394e+01 8.068109161462730938e-01
2.551627490279722821e+01 7.930841491581959168e-01
2.556627490279722537e+01 7.766658592312802867e-01
2.561627490279722252e+01 7.562641153548832484e-01
2.566627490279722679e+01 7.011417255674677884e-01
2.571627490279722394e+01 7.070630760329127407e-01
2.576627490279722821e+01 7.122308000754830060e-01
2.581627490279722537e+01 6.447274047694097066e-01
2.586627490279722252e+01 6.232490517174772426e-01
2.591627490279722679e+01 6.557088183598713815e-01
2.596627490279722394e+01 6.579696976284956644e-01
2.601627490279722821e+01 6.717502950753496682e-01
2.606627490279722537e+01 6.705121945234838732e-01
2.611627490279722252e+01 7.013032169437981578e-01
2.616627490279722679e+01 6.780484587522321860e-01
2.621627490279722394e+01 7.615933307737837721e-01
2.626627490279722821e+01 7.240735010063731325e-01
2.631627490279722537e+01 7.121231391579294634e-01
2.636627490279722252e+01 7.535187619572679685e-01
2.641627490279722679e+01 8.452996941716657275e-01
2.646627490279722394e+01 8.391630218711136902e-01
2.651627490279722821e+01 8.771134953087387220e-01
2.656627490279722537e+01 8.908940927555923928e-01
2.661627490279722252e+01 9.177554916852022071e-01
2.666627490279722679e+01 8.821735584337552227e-01
2.671627490279722394e+01 9.737929992718228345e-01
2.676627490279722821e+01 9.922568466322558844e-01
2.681627490279722537e+01 1.024931935109756997e+00
2.686627490279722252e+01 9.488694968581768974e-01
2.691627490279722679e+01 9.773996400098665660e-01
2.696627490279722394e+01 9.544140341121845061e-01
2.701627490279722821e+01 9.760000480816704016e-01
2.706627490279722537e+01 9.974784011336029765e-01
2.711627490279722252e+01 1.006683409584431033e+00
2.716627490279722679e+01 1.020948481160275811e+00
2.721627490279722394e+01 9.820828899234458342e-01
2.726627490279722821e+01 1.075048092230932673e+00
2.731627490279722537e+01 1.180340469598300412e+00
2.736627490279722252e+01 1.241384209851161380e+00
2.741627490279722679e+01 1.361049319711927552e+00
2.746627490279722394e+01 1.499770411979671092e+00
2.751627490279722821e+01 1.681232888516172919e+00
2.756627490279722537e+01 1.894132352978310063e+00
2.761627490279722252e+01 2.100249179634573693e+00
2.766627490279722679e+01 2.174750534581627370e+00
2.771627490279722394e+01 2.427646029914906745e+00
2.776627490279722821e+01 2.554309099416653517e+00
2.781627490279722537e+01 2.570189084755801545e+00
2.786627490279722252e+01 2.839664361392327141e+00
2.791627490279722679e+01 2.691469108379871411e+00
2.796627490279722394e+01 2.639361224283955032e+00
2.801627490279722821e+01 2.554147608040322925e+00
2.806627490279722537e+01 2.396047550612941279e+00
2.811627490279722252e+01 2.045934246728809747e+00
2.816627490279722679e+01 1.717030143602727099e+00
2.821627490279722394e+01 1.352490276766420640e+00
2.826627490279722821e+01 1.015726926658928830e+00
2.831627490279722537e+01 6.221186120831651012e-01
2.836627490279722252e+01 4.228382536915515355e-01
2.841627490279722679e+01 2.536491217561541722e-01
2.846627490279722394e+01 1.799552236907519809e-01
2.851627490279722821e+01 1.034083113101808699e-01
2.856627490279722537e+01 8.801280010002379695e-02
2.861627490279722252e+01 8.332955018644455647e-02
2.866627490279722679e+01 7.390921990050927648e-02
2.871627490279722394e+01 7.945375715451688525e-02
2.876627490279722821e+01 8.559042945506899203e-02
2.881627490279722537e+01 9.318052414259399285e-02
2.886627490279722252e+01 1.006091274537886382e-01
2.891627490279722679e+01 1.004476360774583521e-01
2.896627490279722394e+01 1.120750151732412825e-01
2.901627490279722821e+01 1.189653138966682289e-01
2.906627490279722537e+01 1.343069946480485444e-01
2.911627490279722252e+01 1.473339656720275836e-01
2.916627490279722679e+01 1.600917844021227943e-01
2.921627490279722394e+01 1.832927121349119393e-01
2.926627490279722821e+01 1.878683011309376094e-01
2.931627490279722537e+01 1.913134504926511104e-01
2.936627490279722252e+01 1.755411260710565968e-01
2.941627490279722679e+01 1.487873880590004638e-01
2.946627490279722394e+01 1.280626614299428812e-01
2.951627490279722821e+01 1.156816559112850695e-01
2.956627490279722537e+01 1.090605094817420073e-01
2.961627490279722252e+01 1.058306819551356331e-01
2.966627490279722679e+01 1.341455032717182028e-01
2.971627490279722394e+01 1.830773902998047986e-01
2.976627490279722821e+01 2.872393280328605081e-01
2.981627490279722537e+01 4.928716805601331963e-01
2.986627490279722252e+01 8.367944816849355316e-01
2.991627490279722679e+01 1.339355644824887781e+00
2.996627490279722394e+01 2.065313211888448297e+00
3.001627490279722821e+01 2.921917302403236327e+00
3.006627490279722537e+01 3.839888115923545620e+00
3.011627490279722252e+01 4.579303297681298623e+00
3.016627490279722679e+01 4.964029586558894813e+00
3.021627490279722394e+01 4.905354386492212448e+00
3.026627490279722821e+01 4.321132417387895330e+00
3.031627490279722537e+01 3.678181417758119132e+00
3.036627490279722252e+01 2.641083798964811713e+00
3.041627490279722679e+01 1.684462716042779418e+00
3.046627490279722394e+01 1.101855660701765549e+00
3.051627490279722821e+01 6.681974847960827635e-01
3.056627490279722537e+01 3.865565244760065799e-01
3.061627490279722252e+01 2.152141741895382820e-01
3.066627490279722679e+01 1.339840118953878889e-01
3.071627490279722394e+01 7.676223421567823779e-02
3.076627490279722821e+01 4.650951638313183256e-02
3.081627490279722537e+01 2.465435011976201476e-02
3.086627490279722252e+01 1.334995377663969474e-02
3.091627490279722679e+01 6.136672300552117182e-03
3.096627490279722394e+01 3.014505691499286006e-03
3.101627490279722821e+01 1.291931010642550712e-03
3.106627490279722537e+01 8.074568816515943033e-04
3.111627490279722252e+01 4.306436702141836067e-04
3.116627490279722679e+01 1.076609175535459017e-04
3.121627490279722394e+01 1.614913763303188390e-04
3.126627490279722821e+01 0.000000000000000000e+00
3.131627490279722537e+01 1.076609175535459017e-04
3.136627490279722252e+01 0.000000000000000000e+00
3.141627490279722679e+01 0.000000000000000000e+00
3.146627490279722394e+01 0.000000000000000000e+00
3.151627490279722821e+01 0.000000000000000000e+00
3.156627490279722537e+01 0.000000000000000000e+00
3.161627490279722252e+01 0.000000000000000000e+00
3.166627490279722679e+01 0.000000000000000000e+00
3.171627490279722394e+01 0.000000000000000000e+00
3.176627490279722821e+01 0.000000000000000000e+00
3.181627490279722537e+01 0.000000000000000000e+00
3.186627490279722252e+01 0.000000000000000000e+00
3.191627490279722679e+01 0.000000000000000000e+00
3.196627490279722394e+01 0.000000000000000000e+00
3.201627490279722821e+01 0.000000000000000000e+00
3.206627490279722537e+01 0.000000000000000000e+00
3.211627490279722252e+01 0.000000000000000000e+00
3.216627490279722679e+01 0.000000000000000000e+00
3.221627490279722394e+01 0.000000000000000000e+00
3.226627490279722821e+01 0.000000000000000000e+00
3.231627490279722537e+01 0.000000000000000000e+00
3.236627490279722252e+01 0.000000000000000000e+00
3.241627490279722679e+01 0.000000000000000000e+00
3.246627490279722394e+01 0.000000000000000000e+00
3.251627490279722821e+01 0.000000000000000000e+00
3.256627490279722537e+01 0.000000000000000000e+00
3.261627490279722252e+01 0.000000000000000000e+00
3.266627490279722679e+01 0.000000000000000000e+00
3.271627490279722394e+01 0.000000000000000000e+00
3.276627490279722821e+01 0.000000000000000000e+00
3.281627490279722537e+01 0.000000000000000000e+00
3.286627490279722252e+01 0.000000000000000000e+00
3.291627490279722679e+01 0.000000000000000000e+00
3.296627490279722394e+01 0.000000000000000000e+00
3.301627490279722821e+01 0.000000000000000000e+00
3.306627490279722537e+01 0.000000000000000000e+00
3.311627490279722252e+01 0.000000000000000000e+00
3.316627490279722679e+01 0.000000000000000000e+00
3.321627490279722394e+01 0.000000000000000000e+00
3.326627490279722821e+01 0.000000000000000000e+00
3.331627490279722537e+01 0.000000000000000000e+00
3.336627490279722252e+01 0.000000000000000000e+00
3.341627490279722679e+01 0.000000000000000000e+00
3.346627490279722394e+01 0.000000000000000000e+00
3.351627490279722821e+01 0.000000000000000000e+00
3.356627490279722537e+01 0.000000000000000000e+00
3.361627490279722252e+01 0.000000000000000000e+00
3.366627490279722679e+01 0.000000000000000000e+00
3.371627490279722394e+01 0.000000000000000000e+00
3.376627490279722821e+01 0.000000000000000000e+00
3.381627490279722537e+01 0.000000000000000000e+00
3.386627490279722252e+01 0.000000000000000000e+00
3.391627490279722679e+01 0.000000000000000000e+00
3.396627490279722394e+01 0.000000000000000000e+00
3.401627490279722821e+01 0.000000000000000000e+00
3.406627490279722537e+01 0.000000000000000000e+00
3.411627490279722252e+01 0.000000000000000000e+00
3.416627490279722679e+01 0.000000000000000000e+00
3.421627490279722394e+01 0.000000000000000000e+00
3.426627490279722821e+01 0.000000000000000000e+00
3.431627490279722537e+01 0.000000000000000000e+00
3.436627490279722252e+01 0.000000000000000000e+00
3.441627490279722679e+01 0.000000000000000000e+00
3.446627490279722394e+01 0.000000000000000000e+00
3.451627490279722821e+01 0.000000000000000000e+00
3.456627490279722537e+01 0.000000000000000000e+00
3.461627490279722252e+01 0.000000000000000000e+00
3.466627490279722679e+01 0.000000000000000000e+00
3.471627490279722394e+01 0.000000000000000000e+00
3.476627490279722821e+01 0.000000000000000000e+00
3.481627490279722537e+01 0.000000000000000000e+00
3.486627490279722252e+01 0.000000000000000000e+00
3.491627490279722679e+01 0.000000000000000000e+00
3.496627490279722394e+01 0.000000000000000000e+00
3.501627490279722821e+01 0.000000000000000000e+00
3.506627490279722537e+01 0.000000000000000000e+00
3.511627490279722252e+01 0.000000000000000000e+00
3.516627490279722679e+01 0.000000000000000000e+00
3.521627490279722394e+01 0.000000000000000000e+00
3.526627490279722821e+01 0.000000000000000000e+00
3.531627490279722537e+01 0.000000000000000000e+00
3.536627490279722252e+01 0.000000000000000000e+00
3.541627490279722679e+01 0.000000000000000000e+00
3.546627490279722394e+01 0.000000000000000000e+00
3.551627490279722821e+01 0.000000000000000000e+00
3.556627490279722537e+01 0.000000000000000000e+00
3.561627490279722252e+01 0.000000000000000000e+00
3.566627490279722679e+01 0.000000000000000000e+00
3.571627490279722394e+01 0.000000000000000000e+00
3.576627490279722821e+01 0.000000000000000000e+00
3.581627490279722537e+01 0.000000000000000000e+00
3.586627490279722252e+01 0.000000000000000000e+00
3.591627490279722679e+01 0.000000000000000000e+00
3.596627490279722394e+01 0.000000000000000000e+00
3.601627490279722821e+01 0.000000000000000000e+00
3.606627490279722537e+01 0.000000000000000000e+00
3.611627490279722252e+01 0.000000000000000000e+00
3.616627490279722679e+01 0.000000000000000000e+00
3.621627490279722394e+01 0.000000000000000000e+00
3.626627490279722821e+01 0.000000000000000000e+00
3.631627490279722537e+01 0.000000000000000000e+00
3.636627490279722252e+01 0.000000000000000000e+00
3.641627490279722679e+01 0.000000000000000000e+00
3.646627490279722394e+01 0.000000000000000000e+00
3.651627490279722821e+01 0.000000000000000000e+00
3.656627490279722537e+01 0.000000000000000000e+00
3.661627490279722252e+01 0.000000000000000000e+00
3.666627490279722679e+01 0.000000000000000000e+00
3.671627490279722394e+01 0.000000000000000000e+00
3.676627490279722821e+01 0.000000000000000000e+00
3.681627490279722537e+01 0.000000000000000000e+00
3.686627490279722252e+01 0.000000000000000000e+00
3.691627490279722679e+01 0.000000000000000000e+00
3.696627490279722394e+01 0.000000000000000000e+00
3.701627490279722821e+01 0.000000000000000000e+00
3.706627490279722537e+01 0.000000000000000000e+00
3.711627490279722252e+01 0.000000000000000000e+00
3.716627490279722679e+01 0.000000000000000000e+00
