-9.837206174448260398e+00 2.061124405998581875e-04
-9.787206174448261464e+00 5.152811014996454687e-05
-9.737206174448260754e+00 1.288202753749113807e-04
-9.687206174448260043e+00 7.729216522494683386e-05
-9.637206174448261109e+00 1.030562202999290937e-04
-9.587206174448260398e+00 7.729216522494683386e-05
-9.537206174448261464e+00 1.030562202999290937e-04
-9.487206174448260754e+00 2.576405507498227344e-05
-9.437206174448260043e+00 2.576405507498227344e-05
-9.387206174448261109e+00 0.000000000000000000e+00
-9.337206174448260398e+00 0.000000000000000000e+00
-9.287206174448261464e+00 0.000000000000000000e+00
-9.237206174448260754e+00 0.000000000000000000e+00
-9.187206174448260043e+00 0.000000000000000000e+00
-9.137206174448261109e+00 0.000000000000000000e+00
-9.087206174448260398e+00 0.000000000000000000e+00
-9.037206174448261464e+00 0.000000000000000000e+00
-8.987206174448260754e+00 0.000000000000000000e+00
-8.937206174448260043e+00 0.000000000000000000e+00
-8.887206174448261109e+00 0.000000000000000000e+00
-8.837206174448260398e+00 0.000000000000000000e+00
-8.787206174448261464e+00 0.000000000000000000e+00
-8.737206174448260754e+00 0.000000000000000000e+00
-8.687206174448260043e+00 0.000000000000000000e+00
-8.637206174448261109e+00 0.000000000000000000e+00
-8.587206174448260398e+00 0.000000000000000000e+00
-8.537206174448261464e+00 0.000000000000000000e+00
-8.487206174448260754e+00 0.000000000000000000e+00
-8.437206174448260043e+00 0.000000000000000000e+00
-8.387206174448261109e+00 0.000000000000000000e+00
-8.337206174448260398e+00 0.000000000000000000e+00
-8.287206174448261464e+00 0.000000000000000000e+00
-8.237206174448260754e+00 0.000000000000000000e+00
-8.187206174448260043e+00 0.000000000000000000e+00
-8.137206174448261109e+00 0.000000000000000000e+00
-8.087206174448260398e+00 0.000000000000000000e+00
-8.037206174448261464e+00 0.000000000000000000e+00
-7.987206174448260754e+00 0.000000000000000000e+00
-7.937206174448260043e+00 0.000000000000000000e+00
-7.887206174448261109e+00 0.000000000000000000e+00
-7.837206174448260398e+00 0.000000000000000000e+00
-7.787206174448260576e+00 0.000000000000000000e+00
-7.737206174448260754e+00 0.000000000000000000e+00
-7.687206174448260931e+00 0.000000000000000000e+00
-7.637206174448261109e+00 0.000000000000000000e+00
-7.587206174448260398e+00 0.000000000000000000e+00
-7.537206174448260576e+00 0.000000000000000000e+00
-7.487206174448260754e+00 0.000000000000000000e+00
-7.437206174448260043e+00 0.000000000000000000e+00
-7.387206174448261109e+00 0.000000000000000000e+00
-7.337206174448260398e+00 0.000000000000000000e+00
-7.287206174448260576e+00 0.000000000000000000e+00
-7.237206174448260754e+00 0.000000000000000000e+00
-7.187206174448260043e+00 0.000000000000000000e+00
-7.137206174448261109e+00 0.000000000000000000e+00
-7.087206174448260398e+00 0.000000000000000000e+00
-7.037206174448260576e+00 0.000000000000000000e+00
-6.987206174448260754e+00 0.000000000000000000e+00
-6.937206174448260043e+00 0.000000000000000000e+00
-6.887206174448261109e+00 0.000000000000000000e+00
-6.837206174448260398e+00 0.000000000000000000e+00
-6.787206174448260576e+00 0.000000000000000000e+00
-6.737206174448260754e+00 0.000000000000000000e+00
-6.687206174448260043e+00 0.000000000000000000e+00
-6.637206174448261109e+00 0.000000000000000000e+00
-6.587206174448260398e+00 0.000000000000000000e+00
-6.537206174448260576e+00 0.000000000000000000e+00
-6.487206174448260754e+00 0.000000000000000000e+00
-6.437206174448260043e+00 0.000000000000000000e+00
-6.387206174448261109e+00 0.000000000000000000e+00
-6.337206174448260398e+00 0.000000000000000000e+00
-6.287206174448260576e+00 0.000000000000000000e+00
-6.237206174448260754e+00 0.000000000000000000e+00
-6.187206174448260043e+00 0.000000000000000000e+00
-6.137206174448261109e+00 0.000000000000000000e+00
-6.087206174448260398e+00 0.000000000000000000e+00
-6.037206174448260576e+00 0.000000000000000000e+00
-5.987206174448260754e+00 0.000000000000000000e+00
-5.937206174448260043e+00 0.000000000000000000e+00
-5.887206174448261109e+00 0.000000000000000000e+00
-5.837206174448260398e+00 0.000000000000000000e+00
-5.787206174448260576e+00 0.000000000000000000e+00
-5.737206174448260754e+00 0.000000000000000000e+00
-5.687206174448260043e+00 0.000000000000000000e+00
-5.637206174448261109e+00 0.000000000000000000e+00
-5.587206174448260398e+00 0.000000000000000000e+00
-5.537206174448260576e+00 0.000000000000000000e+00
-5.487206174448260754e+00 0.000000000000000000e+00
-5.437206174448260043e+00 0.000000000000000000e+00
-5.387206174448261109e+00 0.000000000000000000e+00
-5.337206174448260398e+00 0.000000000000000000e+00
-5.287206174448260576e+00 0.000000000000000000e+00
-5.237206174448260754e+00 0.000000000000000000e+00
-5.187206174448260043e+00 0.000000000000000000e+00
-5.137206174448261109e+00 0.000000000000000000e+00
-5.087206174448260398e+00 0.000000000000000000e+00
-5.037206174448259688e+00 0.000000000000000000e+00
-4.987206174448260754e+00 0.000000000000000000e+00
-4.937206174448260043e+00 0.000000000000000000e+00
-4.887206174448261109e+00 0.000000000000000000e+00
-4.837206174448260398e+00 0.000000000000000000e+00
-4.787206174448259688e+00 0.000000000000000000e+00
-4.737206174448260754e+00 0.000000000000000000e+00
-4.687206174448260043e+00 0.000000000000000000e+00
-4.637206174448261109e+00 0.000000000000000000e+00
-4.587206174448260398e+00 0.000000000000000000e+00
-4.537206174448259688e+00 0.000000000000000000e+00
-4.487206174448260754e+00 0.000000000000000000e+00
-4.437206174448260043e+00 0.000000000000000000e+00
-4.387206174448261109e+00 0.000000000000000000e+00
-4.337206174448260398e+00 0.000000000000000000e+00
-4.287206174448259688e+00 0.000000000000000000e+00
-4.237206174448260754e+00 0.000000000000000000e+00
-4.187206174448260043e+00 0.000000000000000000e+00
-4.137206174448261109e+00 0.000000000000000000e+00
-4.087206174448260398e+00 0.000000000000000000e+00
-4.037206174448259688e+00 0.000000000000000000e+00
-3.987206174448260754e+00 0.000000000000000000e+00
-3.937206174448260043e+00 0.000000000000000000e+00
-3.887206174448261109e+00 0.000000000000000000e+00
-3.837206174448260398e+00 0.000000000000000000e+00
-3.787206174448259688e+00 0.000000000000000000e+00
-3.737206174448260754e+00 0.000000000000000000e+00
-3.687206174448260043e+00 0.000000000000000000e+00
-3.637206174448261109e+00 0.000000000000000000e+00
-3.587206174448260398e+00 0.000000000000000000e+00
-3.537206174448259688e+00 0.000000000000000000e+00
-3.487206174448260754e+00 0.000000000000000000e+00
-3.437206174448260043e+00 0.000000000000000000e+00
-3.387206174448261109e+00 0.000000000000000000e+00
-3.337206174448260398e+00 0.000000000000000000e+00
-3.287206174448259688e+00 0.000000000000000000e+00
-3.237206174448260754e+00 0.000000000000000000e+00
-3.187206174448260043e+00 0.000000000000000000e+00
-3.137206174448261109e+00 0.000000000000000000e+00
-3.087206174448260398e+00 0.000000000000000000e+00
-3.037206174448259688e+00 0.000000000000000000e+00
-2.987206174448260754e+00 0.000000000000000000e+00
-2.937206174448260043e+00 0.000000000000000000e+00
-2.887206174448261109e+00 0.000000000000000000e+00
-2.837206174448260398e+00 0.000000000000000000e+00
-2.787206174448259688e+00 0.000000000000000000e+00
-2.737206174448260754e+00 0.000000000000000000e+00
-2.687206174448260043e+00 0.000000000000000000e+00
-2.637206174448261109e+00 0.000000000000000000e+00
-2.587206174448260398e+00 0.000000000000000000e+00
-2.537206174448259688e+00 0.000000000000000000e+00
-2.487206174448260754e+00 0.000000000000000000e+00
-2.437206174448260043e+00 0.000000000000000000e+00
-2.387206174448261109e+00 0.000000000000000000e+00
-2.337206174448260398e+00 0.000000000000000000e+00
-2.287206174448259688e+00 0.000000000000000000e+00
-2.237206174448260754e+00 0.000000000000000000e+00
-2.187206174448260043e+00 0.000000000000000000e+00
-2.137206174448261109e+00 0.000000000000000000e+00
-2.087206174448260398e+00 0.000000000000000000e+00
-2.037206174448259688e+00 0.000000000000000000e+00
-1.987206174448260754e+00 0.000000000000000000e+00
-1.937206174448260043e+00 0.000000000000000000e+00
-1.887206174448261109e+00 0.000000000000000000e+00
-1.837206174448260398e+00 0.000000000000000000e+00
-1.787206174448261464e+00 0.000000000000000000e+00
-1.737206174448260754e+00 0.000000000000000000e+00
-1.687206174448260043e+00 0.000000000000000000e+00
-1.637206174448259333e+00 0.000000000000000000e+00
-1.587206174448260398e+00 0.000000000000000000e+00
-1.537206174448261464e+00 0.000000000000000000e+00
-1.487206174448260754e+00 0.000000000000000000e+00
-1.437206174448260043e+00 0.000000000000000000e+00
-1.387206174448259333e+00 0.000000000000000000e+00
-1.337206174448260398e+00 0.000000000000000000e+00
-1.287206174448261464e+00 0.000000000000000000e+00
-1.237206174448260754e+00 0.000000000000000000e+00
-1.187206174448260043e+00 0.000000000000000000e+00
-1.137206174448259333e+00 0.000000000000000000e+00
-1.087206174448260398e+00 0.000000000000000000e+00
-1.037206174448261464e+00 0.000000000000000000e+00
-9.872061744482607537e-01 0.000000000000000000e+00
-9.372061744482600432e-01 0.000000000000000000e+00
-8.872061744482593326e-01 0.000000000000000000e+00
-8.372061744482603984e-01 0.000000000000000000e+00
-7.872061744482614642e-01 0.000000000000000000e+00
-7.372061744482607537e-01 0.000000000000000000e+00
-6.872061744482600432e-01 0.000000000000000000e+00
-6.372061744482593326e-01 0.000000000000000000e+00
-5.872061744482603984e-01 0.000000000000000000e+00
-5.372061744482614642e-01 0.000000000000000000e+00
-4.872061744482607537e-01 0.000000000000000000e+00
-4.372061744482600432e-01 0.000000000000000000e+00
-3.872061744482593326e-01 0.000000000000000000e+00
-3.372061744482603984e-01 0.000000000000000000e+00
-2.872061744482596879e-01 0.000000000000000000e+00
-2.372061744482607537e-01 0.000000000000000000e+00
-1.872061744482600432e-01 0.000000000000000000e+00
-1.372061744482593326e-01 0.000000000000000000e+00
-8.720617444826039844e-02 0.000000000000000000e+00
-3.720617444825968789e-02 0.000000000000000000e+00
1.279382555173924629e-02 0.000000000000000000e+00
6.279382555173995684e-02 0.000000000000000000e+00
1.127938255517406674e-01 0.000000000000000000e+00
1.627938255517396016e-01 0.000000000000000000e+00
2.127938255517403121e-01 0.000000000000000000e+00
2.627938255517392463e-01 0.000000000000000000e+00
3.127938255517399568e-01 2.576405507498227344e-05
3.627938255517406674e-01 5.152811014996454687e-05
4.127938255517396016e-01 7.729216522494683386e-05
4.627938255517403121e-01 7.729216522494683386e-05
5.127938255517392463e-01 7.729216522494683386e-05
5.627938255517399568e-01 7.729216522494683386e-05
6.127938255517406674e-01 2.061124405998581875e-04
6.627938255517396016e-01 2.834046058248050485e-04
7.127938255517403121e-01 3.606967710497518552e-04
7.627938255517392463e-01 3.864608261247340880e-04
8.127938255517399568e-01 9.532700377743441849e-04
8.627938255517406674e-01 1.185146533449184768e-03
9.127938255517396016e-01 2.576405507498228265e-03
9.627938255517403121e-01 5.668092116496100535e-03
1.012793825551739246e+00 1.236674643599149082e-02
1.062793825551739957e+00 2.566099885468235003e-02
1.112793825551740667e+00 4.712245673214258274e-02
1.162793825551739602e+00 8.231615596456837158e-02
1.212793825551740312e+00 1.218382164495911829e-01
1.262793825551739246e+00 1.591445681981655258e-01
1.312793825551739957e+00 1.864029384674967538e-01
1.362793825551740667e+00 1.887474674793201690e-01
1.412793825551739602e+00 1.755305072258542542e-01
1.462793825551740312e+00 1.535022401367444056e-01
1.512793825551739246e+00 1.390228411846043954e-01
1.562793825551739957e+00 1.444332927503506059e-01
1.612793825551740667e+00 1.736497312053805475e-01
1.662793825551739602e+00 2.052106986722338489e-01
1.712793825551740312e+00 2.428777471918579234e-01
1.762793825551739246e+00 3.189332377732056467e-01
1.812793825551739957e+00 4.834882575371173830e-01
1.862793825551740667e+00 8.398566673342722222e-01
1.912793825551739602e+00 1.552593486928582012e+00
1.962793825551740312e+00 2.691802710179073799e+00
2.012793825551739246e+00 4.226181010169643315e+00
2.062793825551739957e+00 5.729204455133958263e+00
2.112793825551740667e+00 6.656478561337646482e+00
2.162793825551739602e+00 6.855428594626658878e+00
2.212793825551740312e+00 6.491330968307009286e+00
2.262793825551739246e+00 5.337358941498553833e+00
2.312793825551739957e+00 4.115782034173343540e+00
2.362793825551740667e+00 2.772006213627493221e+00
2.412793825551739602e+00 1.750976711005945319e+00
2.462793825551740312e+00 1.065395205460667016e+00
2.512793825551739246e+00 5.926247948347422856e-01
2.562793825551739957e+00 3.204533170226295247e-01
2.612793825551740667e+00 1.729541017183560125e-01
2.662793825551739602e+00 9.937196042420665121e-02
2.712793825551740312e+00 8.880869784346391571e-02
2.762793825551739246e+00 8.432575226041698346e-02
2.812793825551739957e+00 9.378116047293549862e-02
2.862793825551740667e+00 1.157836635069703496e-01
2.912793825551739602e+00 1.409293812601530582e-01
2.962793825551740312e+00 1.601236022910148826e-01
3.012793825551739246e+00 1.655082898016861648e-01
3.062793825551739957e+00 1.666934363351353365e-01
3.112793825551740667e+00 1.481690807362230633e-01
3.162793825551739602e+00 1.258316449862134367e-01
3.212793825551740312e+00 1.014846129403551706e-01
3.262793825551739246e+00 8.084760482529437797e-02
3.312793825551739957e+00 6.345686764968135052e-02
3.362793825551740667e+00 6.386909253088106364e-02
3.412793825551739602e+00 6.232324922638213249e-02
3.462793825551740312e+00 7.667382790314725138e-02
3.512793825551739246e+00 9.512089133683455933e-02
3.562793825551739957e+00 1.184115971246185589e-01
3.612793825551740667e+00 1.459533719997745949e-01
3.662793825551739602e+00 1.677755266482845731e-01
3.712793825551740312e+00 2.168045234559758949e-01
3.762793825551739246e+00 2.531576051667758231e-01
3.812793825551739957e+00 3.301921298409729033e-01
3.862793825551740667e+00 4.050367098337964156e-01
3.912793825551739602e+00 4.731568714520494878e-01
3.962793825551740312e+00 5.647996153537615527e-01
4.012793825551739246e+00 6.567257638612982173e-01
4.062793825551739957e+00 7.656304246632482657e-01
4.112793825551740667e+00 8.572989326200353144e-01
4.162793825551739602e+00 9.289230057284859621e-01
4.212793825551740312e+00 9.940545369580411350e-01
4.262793825551739246e+00 1.109503267749036626e+00
4.312793825551739957e+00 1.212997476985240519e+00
4.362793825551740667e+00 1.388965973147369359e+00
4.412793825551739602e+00 1.602704574049422348e+00
4.462793825551740312e+00 1.861066518341344622e+00
4.512793825551739246e+00 2.117908383383842796e+00
4.562793825551739957e+00 2.411618611238640852e+00
4.612793825551740667e+00 2.566975863340783981e+00
4.662793825551739602e+00 2.702031040043841426e+00
4.712793825551740312e+00 2.728490724605848072e+00
4.762793825551739246e+00 2.640867173295833759e+00
4.812793825551739957e+00 2.443411455201169424e+00
4.862793825551740667e+00 2.194942908058040487e+00
4.912793825551739602e+00 1.958145477863877826e+00
4.962793825551740312e+00 1.714391752799470314e+00
5.012793825551739246e+00 1.414472387671601661e+00
5.062793825551739957e+00 1.265633441503429157e+00
5.112793825551740667e+00 1.059134540077446562e+00
5.162793825551739602e+00 9.652503233842109065e-01
5.212793825551740312e+00 8.959965433426586578e-01
5.262793825551739246e+00 8.402173641053221065e-01
5.312793825551739957e+00 8.027564280262977636e-01
5.362793825551740667e+00 8.013136409420986705e-01
5.412793825551739602e+00 7.893075912771569946e-01
5.462793825551740312e+00 7.813980263691375772e-01
5.512793825551739246e+00 8.337248222264265207e-01
5.562793825551739957e+00 7.940997055211036493e-01
5.612793825551740667e+00 8.636626542235558146e-01
5.662793825551739602e+00 8.640748791047556665e-01
5.712793825551740312e+00 8.604421473391831166e-01
5.762793825551739246e+00 8.717010394069503176e-01
5.812793825551739957e+00 9.331998388709330516e-01
5.862793825551740667e+00 9.047820861232276357e-01
5.912793825551739602e+00 9.266815329369625376e-01
5.962793825551740312e+00 9.235640822728897747e-01
6.012793825551739246e+00 9.373220876829302384e-01
6.062793825551739957e+00 9.621071086650632154e-01
6.112793825551740667e+00 9.276605670298119222e-01
6.162793825551737825e+00 8.880869784346391294e-01
6.212793825551742088e+00 8.823158300978429791e-01
6.262793825551739246e+00 8.750503665666981012e-01
6.312793825551739957e+00 8.576081012809350090e-01
6.362793825551740667e+00 8.509094469614397749e-01
6.412793825551737825e+00 8.325912038031273443e-01
6.462793825551742088e+00 8.015455174377736913e-01
6.512793825551739246e+00 7.982992464983258429e-01
6.562793825551739957e+00 7.841805443172356060e-01
6.612793825551740667e+00 7.972171561851765231e-01
6.662793825551737825e+00 7.859325000623342827e-01
6.712793825551742088e+00 7.729989444146933009e-01
6.762793825551739246e+00 7.907246143062809374e-01
6.812793825551739957e+00 7.629767269905251004e-01
6.862793825551740667e+00 7.862931968333841670e-01
6.912793825551737825e+00 8.082699358123439648e-01
6.962793825551742088e+00 8.324108554176022912e-01
7.012793825551739246e+00 8.580718542722847175e-01
7.062793825551739957e+00 8.212550195701351363e-01
7.112793825551740667e+00 8.702582523227514466e-01
7.162793825551737825e+00 8.880354503244891617e-01
7.212793825551742088e+00 8.982380161341820823e-01
7.262793825551739246e+00 9.074100197408758728e-01
7.312793825551739957e+00 8.924926318524610824e-01
7.362793825551740667e+00 8.973105101514827764e-01
7.412793825551737825e+00 9.382238296105547271e-01
7.462793825551742088e+00 9.585774331197906006e-01
7.512793825551739246e+00 9.826410605598240311e-01
7.562793825551739957e+00 9.650699749986861864e-01
7.612793825551740667e+00 9.851917020122471502e-01
7.662793825551737825e+00 1.031412416816765543e+00
7.712793825551742088e+00 1.010440475985729947e+00
7.762793825551739246e+00 1.050580873792552383e+00
7.812793825551739957e+00 1.107029918461838625e+00
7.862793825551740667e+00 1.060319686610895706e+00
7.912793825551737825e+00 1.153353689486656730e+00
7.962793825551742088e+00 1.178370586964464284e+00
8.012793825551739246e+00 1.191587547217930254e+00
8.062793825551739957e+00 1.198311965592500528e+00
8.112793825551740667e+00 1.230310921995628748e+00
8.162793825551737825e+00 1.307371210724900479e+00
8.212793825551742088e+00 1.269961802756025993e+00
8.262793825551739246e+00 1.294695295628009113e+00
8.312793825551739957e+00 1.297348993300732278e+00
8.362793825551740667e+00 1.323705621642439212e+00
8.412793825551737825e+00 1.291809721459611371e+00
8.462793825551742088e+00 1.303790007069478118e+00
8.512793825551739246e+00 1.294618003462784328e+00
8.562793825551739957e+00 1.257028247108385122e+00
8.612793825551740667e+00 1.236726171709298994e+00
8.662793825551737825e+00 1.225724920192281742e+00
8.712793825551742088e+00 1.189397602536556686e+00
8.762793825551739246e+00 1.160232692191677017e+00
8.812793825551739957e+00 1.120401463045754387e+00
8.862793825551740667e+00 1.084254493775554051e+00
8.912793825551737825e+00 1.045247714392030902e+00
8.962793825551742088e+00 1.049060794543128505e+00
9.012793825551739246e+00 1.040919353139433845e+00
9.062793825551739957e+00 9.653791436595858810e-01
9.112793825551740667e+00 9.514150258089455470e-01
9.162793825551737825e+00 9.286911292328110523e-01
9.212793825551742088e+00 8.919258226408113277e-01
9.262793825551739246e+00 9.001960843198807405e-01
9.312793825551743510e+00 8.921834631915612768e-01
9.362793825551740667e+00 8.845057747792164360e-01
9.412793825551737825e+00 8.440046802013444482e-01
9.462793825551742088e+00 8.223628739383593844e-01
9.512793825551739246e+00 8.563971906924108257e-01
9.562793825551743510e+00 8.233419080312086580e-01
9.612793825551740667e+00 8.446230175231439485e-01
9.662793825551737825e+00 8.189877827235365615e-01
9.712793825551742088e+00 8.349357328149507040e-01
9.762793825551739246e+00 8.317409899856529343e-01
9.812793825551743510e+00 8.205336260280354788e-01
9.862793825551740667e+00 7.964699985880020483e-01
9.912793825551737825e+00 8.368938010006493622e-01
9.962793825551742088e+00 8.526098745963884840e-01
1.001279382555173925e+01 8.675014984297282350e-01
1.006279382555174351e+01 8.707992974793260510e-01
1.011279382555174067e+01 8.565517750228607285e-01
1.016279382555173783e+01 9.025406133317042112e-01
1.021279382555174209e+01 9.091877395410495888e-01
1.026279382555173925e+01 9.582167363487408274e-01
1.031279382555174351e+01 9.206785081044915886e-01
1.036279382555174067e+01 9.468547880606736911e-01
1.041279382555173783e+01 9.465456193997738854e-01
1.046279382555174209e+01 9.781323509217021428e-01
1.051279382555173925e+01 9.895715913749941750e-01
1.056279382555174351e+01 1.025100223323394788e+00
1.061279382555174067e+01 1.041949915342433197e+00
1.066279382555173783e+01 1.034735979921438176e+00
1.071279382555174209e+01 1.042284848058407931e+00
1.076279382555173925e+01 1.073536646864361455e+00
1.081279382555174351e+01 1.061865529915394735e+00
1.086279382555174067e+01 1.099377994104568712e+00
1.091279382555173783e+01 1.063875126211243138e+00
1.096279382555174209e+01 1.076138816426934541e+00
1.101279382555173925e+01 1.104118580238365510e+00
1.106279382555174351e+01 1.079668491972207267e+00
1.111279382555174067e+01 1.083430044013154792e+00
1.116279382555173783e+01 1.059598293068796160e+00
1.121279382555174209e+01 1.082373717755080511e+00
1.126279382555173925e+01 1.077813480006808433e+00
1.131279382555174351e+01 1.094199419034497245e+00
1.136279382555174067e+01 1.059005719802071699e+00
1.141279382555173783e+01 1.079488143586682325e+00
1.146279382555174209e+01 1.023116391082621313e+00
1.151279382555173925e+01 1.042078735617808283e+00
1.156279382555174351e+01 1.026362662022069161e+00
1.161279382555174067e+01 1.037080508933261758e+00
1.166279382555173783e+01 1.017577119241499961e+00
1.171279382555174209e+01 1.047849883954604211e+00
1.176279382555173925e+01 1.020179288804073270e+00
1.181279382555174351e+01 1.007657958037631918e+00
1.186279382555174067e+01 1.030484910834066126e+00
1.191279382555173783e+01 9.920964687723425879e-01
1.196279382555174209e+01 1.011625622519179091e+00
1.201279382555173925e+01 1.016057039992075861e+00
1.206279382555174351e+01 9.882833886212450958e-01
1.211279382555174067e+01 1.004823911979383810e+00
1.216279382555173783e+01 1.033937294214113845e+00
1.221279382555174209e+01 1.015515994835501479e+00
1.226279382555173925e+01 1.031850405753039990e+00
1.231279382555174351e+01 9.855781628383719628e-01
1.236279382555174067e+01 9.903960411373936568e-01
1.241279382555173783e+01 1.011496802243804227e+00
1.246279382555174209e+01 9.785445758029018837e-01
1.251279382555173925e+01 1.001551876984861034e+00
1.256279382555174351e+01 9.586804893400904248e-01
1.261279382555174067e+01 9.480914627042726917e-01
1.266279382555173783e+01 9.910916706244182750e-01
1.271279382555174209e+01 9.598913999286146082e-01
1.276279382555173925e+01 9.384299420511543754e-01
1.281279382555174351e+01 9.901384005866438187e-01
1.286279382555174067e+01 9.557176230064676759e-01
1.291279382555173783e+01 9.699136173527828086e-01
1.296279382555174209e+01 9.580106239081410680e-01
1.301279382555173925e+01 9.519560709655201514e-01
1.306279382555174351e+01 9.424491346428518490e-01
1.311279382555174067e+01 9.865056688210714908e-01
1.316279382555173783e+01 9.583455566241156909e-01
1.321279382555174209e+01 9.166850795678693764e-01
1.326279382555173925e+01 9.409548194485027883e-01
1.331279382555174351e+01 9.737009334488051504e-01
1.336279382555174067e+01 9.813013296959249843e-01
1.341279382555173783e+01 9.370386830771054720e-01
1.346279382555174209e+01 9.793174974551512868e-01
1.351279382555173925e+01 9.505648119914711369e-01
1.356279382555174351e+01 9.710987638862320637e-01
1.361279382555174067e+01 9.384041779960794472e-01
1.366279382555173783e+01 9.898807600358940917e-01
1.371279382555174209e+01 9.398469650802785402e-01
1.376279382555173925e+01 9.963475378597146381e-01
1.381279382555174351e+01 1.022420761595596694e+00
1.386279382555174067e+01 1.027625100720742868e+00
1.391279382555173783e+01 9.949305148305904734e-01
1.396279382555174209e+01 1.001268472379036156e+00
1.401279382555173925e+01 1.006318227173732760e+00
1.406279382555174351e+01 9.946728742798407463e-01
1.411279382555174067e+01 9.935392558565415699e-01
1.416279382555173783e+01 1.024868346827719989e+00
1.421279382555174209e+01 9.855523987832970345e-01
1.426279382555173925e+01 1.058490438700571801e+00
1.431279382555174351e+01 9.851144098470222543e-01
1.436279382555174067e+01 1.028629898868667514e+00
1.441279382555173783e+01 1.001732225370385976e+00
1.446279382555174209e+01 1.025821616865494113e+00
1.451279382555173925e+01 9.747572597068794309e-01
1.456279382555174351e+01 9.857069831137468263e-01
1.461279382555174067e+01 1.020565749630198082e+00
1.466279382555173783e+01 1.007632193982556768e+00
1.471279382555174209e+01 1.012372780116353566e+00
1.476279382555173925e+01 1.024687998442195047e+00
1.481279382555174351e+01 1.024224245450845450e+00
1.486279382555174067e+01 1.011033049252454408e+00
1.491279382555173783e+01 1.048854682102528635e+00
1.496279382555174209e+01 1.014279320191902256e+00
1.501279382555173925e+01 1.012810769052628235e+00
1.506279382555174351e+01 9.895458273199192467e-01
1.511279382555174067e+01 1.057202235946822944e+00
1.516279382555173783e+01 9.785961039130518513e-01
1.521279382555174209e+01 1.004102518437284264e+00
1.526279382555173925e+01 1.032623327405289615e+00
1.531279382555174351e+01 9.974553922279388862e-01
1.536279382555174067e+01 1.032442979019764895e+00
1.541279382555173783e+01 1.026259605801769004e+00
1.546279382555174209e+01 1.018092400342999637e+00
1.551279382555173925e+01 1.018813793885099184e+00
1.556279382555174351e+01 1.001216944268886300e+00
1.561279382555174067e+01 1.034401047205463442e+00
1.566279382555173783e+01 1.045350770612330837e+00
1.571279382555174209e+01 1.023528615963821053e+00
1.576279382555173925e+01 9.829502292207238368e-01
1.581279382555174351e+01 9.998514493499122135e-01
1.586279382555174067e+01 9.800388909972508333e-01
1.591279382555173783e+01 9.795493739508260855e-01
1.596279382555174209e+01 9.944667618392409869e-01
1.601279382555173925e+01 1.002968900013984976e+00
1.606279382555174351e+01 9.727991915211807727e-01
1.611279382555174067e+01 9.916069517259178401e-01
1.616279382555173783e+01 1.029145179970166968e+00
1.621279382555174209e+01 9.693210440860582366e-01
1.626279382555173925e+01 9.943894696740158690e-01
1.631279382555174351e+01 9.501268230551963567e-01
1.636279382555174067e+01 9.629315584274624751e-01
1.641279382555173783e+01 9.898034678706690848e-01
1.646279382555174209e+01 9.560783197775173381e-01
1.651279382555173925e+01 9.391770996483289613e-01
1.656279382555174351e+01 9.726188431356559416e-01
1.661279382555174067e+01 9.615918275635635393e-01
1.666279382555173783e+01 9.732371804574555529e-01
1.671279382555174209e+01 9.077449524568504957e-01
1.676279382555173925e+01 9.784415195826019485e-01
1.681279382555174351e+01 9.569027695399168199e-01
1.686279382555174067e+01 9.650957390537611147e-01
1.691279382555173783e+01 9.773079011593027721e-01
1.696279382555174209e+01 9.367552784712805947e-01
1.701279382555173925e+01 9.331740748158580123e-01
1.706279382555174351e+01 9.656883123204856867e-01
1.711279382555174067e+01 9.796524301711261318e-01
1.716279382555173783e+01 9.807345204842753406e-01
1.721279382555174209e+01 1.004617799538783718e+00
1.726279382555173925e+01 9.588866017806902953e-01
1.731279382555174351e+01 9.499464746696715256e-01
1.736279382555174067e+01 9.453089447561746628e-01
1.741279382555173783e+01 9.343849854043821956e-01
1.746279382555174209e+01 9.662551215321352194e-01
1.751279382555173925e+01 9.647092782276363021e-01
1.756279382555174351e+01 1.006859272330307364e+00
1.761279382555174067e+01 9.993361682484125375e-01
1.766279382555173783e+01 9.721035620341561545e-01
1.771279382555174209e+01 9.716655730978815964e-01
1.776279382555173925e+01 9.778489463158773765e-01
1.781279382555174351e+01 1.000212146120961876e+00
1.786279382555174067e+01 9.752983048634540353e-01
1.791279382555173783e+01 1.006498575559257702e+00
1.796279382555174209e+01 9.714594606572818369e-01
1.801279382555173925e+01 1.002814315683535185e+00
1.806279382555174351e+01 9.981252576598882431e-01
1.811279382555174067e+01 1.005364957135958415e+00
1.816279382555173783e+01 1.016598085148650688e+00
1.821279382555174209e+01 1.018324276838674436e+00
1.826279382555173925e+01 1.054393953943649542e+00
1.831279382555174351e+01 1.021235615062147550e+00
1.836279382555174067e+01 1.050091356746127635e+00
1.841279382555173783e+01 1.008688520240631048e+00
1.846279382555174209e+01 9.983828982106381922e-01
1.851279382555173925e+01 1.020308109079448133e+00
1.856279382555174351e+01 1.015825163496401284e+00
1.861279382555174067e+01 9.994392244687124727e-01
1.866279382555173783e+01 1.018839557940174112e+00
1.871279382555174209e+01 9.614114791780385971e-01
1.876279382555173925e+01 9.991815839179625236e-01
1.881279382555174351e+01 9.887213775575198760e-01
1.886279382555174067e+01 1.041898387232283341e+00
1.891279382555173783e+01 1.015284118339826680e+00
1.896279382555174209e+01 1.012115139565603839e+00
1.901279382555173925e+01 1.011136105472754343e+00
1.906279382555174351e+01 1.028913303474492169e+00
1.911279382555174067e+01 1.030510674889141054e+00
1.916279382555173783e+01 1.047721063679229347e+00
1.921279382555174209e+01 9.838004430381983578e-01
1.926279382555173925e+01 1.043933747583206895e+00
1.931279382555174351e+01 1.027856977216417889e+00
1.936279382555174067e+01 1.029016359694792326e+00
1.941279382555173783e+01 1.000134853955736869e+00
1.946279382555174209e+01 1.014871893458626717e+00
1.951279382555173925e+01 1.002814315683535185e+00
1.956279382555174351e+01 1.045428062777555844e+00
1.961279382555174067e+01 1.009487205947955601e+00
1.966279382555173783e+01 1.019870120143173464e+00
1.971279382555174209e+01 1.028707191033892521e+00
1.976279382555173925e+01 1.038652116292835492e+00
1.981279382555174351e+01 1.022394997540521544e+00
1.986279382555174067e+01 1.008456643744956249e+00
1.991279382555173783e+01 1.024765290607420054e+00
1.996279382555174209e+01 1.025486684149519601e+00
2.001279382555173925e+01 9.976615046685387567e-01
2.006279382555174351e+01 1.035045148582338204e+00
2.011279382555174067e+01 9.983056060454132963e-01
2.016279382555173783e+01 1.026697594738043895e+00
2.021279382555174209e+01 9.924571655433923612e-01
2.026279382555173925e+01 9.855781628383719628e-01
2.031279382555174351e+01 9.671568634597595970e-01
2.036279382555174067e+01 9.925602217636921853e-01
2.041279382555173783e+01 9.499207106145965973e-01
2.046279382555174209e+01 9.255479145136633612e-01
2.051279382555173925e+01 9.770760246636278623e-01
2.056279382555174351e+01 9.565420727688669356e-01
2.061279382555174067e+01 9.090331552105996860e-01
2.066279382555173783e+01 8.967437009398331327e-01
2.071279382555174209e+01 9.080025930076003338e-01
2.076279382555173925e+01 9.241308914845393074e-01
2.081279382555174351e+01 8.899935185101877089e-01
2.086279382555174067e+01 8.507033345208397934e-01
2.091279382555173783e+01 8.997065672734561037e-01
2.096279382555174209e+01 9.004279608155556502e-01
2.101279382555173925e+01 8.645643961511801923e-01
2.106279382555174351e+01 8.537950211298377390e-01
2.111279382555174067e+01 8.612923611566575266e-01
2.116279382555173783e+01 8.598238100173836163e-01
2.121279382555174209e+01 8.785542780568956767e-01
2.126279382555173925e+01 8.890917765825634422e-01
2.131279382555174351e+01 9.052973672247273118e-01
2.136279382555174067e+01 8.874944051679145574e-01
2.141279382555173783e+01 9.268876453775625190e-01
2.146279382555174209e+01 9.330194904854081095e-01
2.151279382555173925e+01 9.507709244320710074e-01
2.156279382555174351e+01 9.575726349718662878e-01
2.161279382555174067e+01 9.553311621803428633e-01
2.166279382555173783e+01 9.864541407109213011e-01
2.171279382555174209e+01 9.754013610837540815e-01
2.176279382555173925e+01 1.011007285197379479e+00
2.181279382555174351e+01 1.037441205704311198e+00
2.186279382555174067e+01 1.075159782334085490e+00
2.191279382555173783e+01 1.064725340028717548e+00
2.196279382555174209e+01 1.103706355357165769e+00
2.201279382555173925e+01 1.107854368224237884e+00
2.206279382555174351e+01 1.121947306350253193e+00
2.211279382555174067e+01 1.194060896505128699e+00
2.216279382555174493e+01 1.180071014599413326e+00
2.221279382555174209e+01 1.178628227515214011e+00
2.226279382555173925e+01 1.230001753334728942e+00
2.231279382555173640e+01 1.258883259073783956e+00
2.236279382555174067e+01 1.214517556234664619e+00
2.241279382555174493e+01 1.227373819717080927e+00
2.246279382555174209e+01 1.213358173756290181e+00
2.251279382555173925e+01 1.227270763496780548e+00
2.256279382555173640e+01 1.229409180068004481e+00
2.261279382555174067e+01 1.188238220058182693e+00
2.266279382555174493e+01 1.196379661461877131e+00
2.271279382555174209e+01 1.130810141296047178e+00
2.276279382555173925e+01 1.091339608921174431e+00
2.281279382555173640e+01 1.042645544829457593e+00
2.286279382555174067e+01 1.050761222178077325e+00
2.291279382555174493e+01 1.092782396005373080e+00
2.296279382555174209e+01 1.037260857318786700e+00
2.301279382555173925e+01 9.843672522498478905e-01
2.306279382555173640e+01 9.562329041079671299e-01
2.311279382555174067e+01 9.127174150863222035e-01
2.316279382555174493e+01 9.211937892059912647e-01
2.321279382555174209e+01 9.134388086284216390e-01
2.326279382555173925e+01 9.145724270517208154e-01
2.331279382555173640e+01 9.029786022679787694e-01
2.336279382555174067e+01 8.826249987587428958e-01
2.341279382555174493e+01 8.858970337532655615e-01
2.346279382555174209e+01 8.963314760586333918e-01
2.351279382555173925e+01 9.255479145136633612e-01
2.356279382555173640e+01 8.764931536508969723e-01
2.361279382555174067e+01 8.933170816148604532e-01
2.366279382555174493e+01 8.923895756321610362e-01
2.371279382555174209e+01 8.874686411128396291e-01
2.376279382555173925e+01 8.711857583054506415e-01
2.381279382555173640e+01 8.765189177059719006e-01
2.386279382555174067e+01 8.690215776791521129e-01
2.391279382555174493e+01 8.726543094447246629e-01
2.396279382555174209e+01 8.766477379813469861e-01
2.401279382555173925e+01 8.681455998066028856e-01
2.406279382555173640e+01 8.837070890718922156e-01
2.411279382555174067e+01 9.138252694545463406e-01
2.416279382555174493e+01 8.886537876462886620e-01
2.421279382555174209e+01 8.985729488501568163e-01
2.426279382555173925e+01 8.975166225920825358e-01
2.431279382555173640e+01 8.997065672734561037e-01
2.436279382555174067e+01 8.911786650436369639e-01
2.441279382555174493e+01 9.456954055822994754e-01
2.446279382555174209e+01 9.574695787515663525e-01
2.451279382555173925e+01 9.372963236278551991e-01
2.456279382555173640e+01 9.582425004038157557e-01
2.461279382555174067e+01 9.126658869761721249e-01
2.466279382555174493e+01 9.494311935681719605e-01
2.471279382555174209e+01 9.222758795191404735e-01
2.476279382555173925e+01 9.404395383470031122e-01
2.481279382555173640e+01 9.352609632769316450e-01
2.486279382555174067e+01 8.928790926785857840e-01
2.491279382555174493e+01 9.023345008911042298e-01
2.496279382555174209e+01 9.167623717330942723e-01
2.501279382555173925e+01 8.518111888890640415e-01
2.506279382555173640e+01 8.549544036082118437e-01
2.511279382555174067e+01 8.204305698077356546e-01
2.516279382555174493e+01 8.035293496785472778e-01
2.521279382555174209e+01 8.029883045219726734e-01
2.526279382555173925e+01 8.239087172428581907e-01
2.531279382555173640e+01 7.869115341551837783e-01
2.536279382555174067e+01 7.895394677728319044e-01
2.541279382555174493e+01 8.161537366652884540e-01
2.546279382555174209e+01 8.262017181445315828e-01
2.551279382555173925e+01 8.256349089328820501e-01
2.556279382555173640e+01 9.203693394435918940e-01
2.561279382555174067e+01 1.048159052615504017e+00
2.566279382555174493e+01 1.174299866262617176e+00
2.571279382555174209e+01 1.334887221544981628e+00
2.576279382555173925e+01 1.520465710250079372e+00
2.581279382555173640e+01 1.761952198467887865e+00
2.586279382555174067e+01 2.015315916075263836e+00
2.591279382555174493e+01 2.287358573612001678e+00
2.596279382555174209e+01 2.409067969786217844e+00
2.601279382555173925e+01 2.542474246964476325e+00
2.606279382555173640e+01 2.449053783262590489e+00
2.611279382555174067e+01 2.366145054031297601e+00
2.616279382555174493e+01 2.217718332744324616e+00
2.621279382555174209e+01 1.952193981141556955e+00
2.626279382555173925e+01 1.771330314515181525e+00
2.631279382555173640e+01 1.543112314660988416e+00
2.636279382555174067e+01 1.396617897504639272e+00
2.641279382555174493e+01 1.305748075255176666e+00
2.646279382555174209e+01 1.199419819960724887e+00
2.651279382555173925e+01 1.171053595323169327e+00
2.656279382555173640e+01 1.122385295286527862e+00
2.661279382555174067e+01 1.061350248813894837e+00
2.666279382555174493e+01 9.312932987953843611e-01
2.671279382555174209e+01 8.622198671393568326e-01
2.676279382555173925e+01 7.184822038760307894e-01
2.681279382555173640e+01 5.916715247969679403e-01
2.686279382555174067e+01 4.962929929093835568e-01
2.691279382555174493e+01 4.217318175223849219e-01
2.696279382555174209e+01 3.393126053375166151e-01
2.701279382555173925e+01 2.690024990378899750e-01
2.706279382555173640e+01 2.356638117708628744e-01
2.711279382555174067e+01 1.945186158161161805e-01
2.716279382555174493e+01 1.600720741808648873e-01
2.721279382555174209e+01 1.282534661632617756e-01
2.726279382555173925e+01 1.061479069089269756e-01
2.731279382555173640e+01 8.084760482529437797e-02
2.736279382555174067e+01 7.273192747667496516e-02
2.741279382555174493e+01 7.270616342159998136e-02
2.746279382555174209e+01 7.417471456087398884e-02
2.751279382555173925e+01 9.365234019756057959e-02
2.756279382555173640e+01 1.108627289876487482e-01
2.761279382555174067e+01 1.390743692947543353e-01
2.766279382555174493e+01 1.603297147316146698e-01
2.771279382555174209e+01 1.706095727065326528e-01
2.776279382555173925e+01 1.734178547097056933e-01
2.781279382555173640e+01 1.567742751312671823e-01
2.786279382555174067e+01 1.381726273671299576e-01
2.791279382555174493e+01 1.127692690631974248e-01
2.796279382555174209e+01 9.785188117478268999e-02
2.801279382555173925e+01 8.790695591583951030e-02
2.806279382555173640e+01 1.053492212016025331e-01
2.811279382555174067e+01 1.389970771295293839e-01
2.816279382555174493e+01 2.413061398322839946e-01
2.821279382555174209e+01 4.937165874018853429e-01
2.826279382555173925e+01 8.844284826139915401e-01
2.831279382555173640e+01 1.457266483151147485e+00
2.836279382555174067e+01 2.357926320462378378e+00
2.841279382555174493e+01 3.541784651157813713e+00
2.846279382555174209e+01 4.784848780415559055e+00
2.851279382555173925e+01 5.850063637490700685e+00
2.856279382555174351e+01 6.715787416120255315e+00
2.861279382555174067e+01 6.857824651748632760e+00
2.866279382555174493e+01 6.091885058424484356e+00
2.871279382555174209e+01 4.732187051842294601e+00
2.876279382555173925e+01 3.316091528700968905e+00
2.881279382555174351e+01 1.936941660537167653e+00
2.886279382555174067e+01 1.101258770125042474e+00
2.891279382555174493e+01 5.728122364820810164e-01
2.896279382555174209e+01 3.492317665413847139e-01
2.901279382555173925e+01 2.657046999882922145e-01
2.906279382555174351e+01 2.156193769225266399e-01
2.911279382555174067e+01 1.813789477278752171e-01
2.916279382555174493e+01 1.536568244671942807e-01
2.921279382555174209e+01 1.428616853907767326e-01
2.926279382555173925e+01 1.533476558062945028e-01
2.931279382555174351e+01 1.727995173879061375e-01
2.936279382555174067e+01 1.908858840505436860e-01
2.941279382555174493e+01 1.976360664801890543e-01
2.946279382555174209e+01 1.750667542345045735e-01
2.951279382555173925e+01 1.424236964545020356e-01
2.956279382555174351e+01 9.803222956030756274e-02
2.961279382555174067e+01 6.057129348128333091e-02
2.966279382555174493e+01 3.346750754240197800e-02
2.971279382555174209e+01 1.780296205681275445e-02
2.976279382555173925e+01 6.930530815170232381e-03
2.981279382555174351e+01 3.941900426472288825e-03
2.986279382555174067e+01 1.597371414648901143e-03
2.991279382555174493e+01 1.030562202999291046e-03
2.996279382555174209e+01 3.606967710497518552e-04
3.001279382555173925e+01 2.318764956748404745e-04
3.006279382555174351e+01 2.061124405998581875e-04
3.011279382555174067e+01 7.729216522494683386e-05
3.016279382555174493e+01 5.152811014996454687e-05
3.021279382555174209e+01 5.152811014996454687e-05
3.026279382555173925e+01 0.000000000000000000e+00
3.031279382555174351e+01 0.000000000000000000e+00
3.036279382555174067e+01 0.000000000000000000e+00
3.041279382555174493e+01 2.576405507498227344e-05
3.046279382555174209e+01 2.576405507498227344e-05
3.051279382555173925e+01 0.000000000000000000e+00
3.056279382555174351e+01 0.000000000000000000e+00
3.061279382555174067e+01 0.000000000000000000e+00
3.066279382555174493e+01 0.000000000000000000e+00
3.071279382555174209e+01 0.000000000000000000e+00
3.076279382555173925e+01 0.000000000000000000e+00
3.081279382555174351e+01 0.000000000000000000e+00
3.086279382555174067e+01 0.000000000000000000e+00
3.091279382555174493e+01 0.000000000000000000e+00
3.096279382555174209e+01 0.000000000000000000e+00
3.101279382555173925e+01 0.000000000000000000e+00
3.106279382555174351e+01 0.000000000000000000e+00
3.111279382555174067e+01 0.000000000000000000e+00
3.116279382555174493e+01 0.000000000000000000e+00
3.121279382555174209e+01 0.000000000000000000e+00
3.126279382555173925e+01 0.000000000000000000e+00
3.131279382555174351e+01 0.000000000000000000e+00
3.136279382555174067e+01 0.000000000000000000e+00
3.141279382555174493e+01 0.000000000000000000e+00
3.146279382555174209e+01 0.000000000000000000e+00
3.151279382555173925e+01 0.000000000000000000e+00
3.156279382555174351e+01 0.000000000000000000e+00
3.161279382555174067e+01 0.000000000000000000e+00
3.166279382555174493e+01 0.000000000000000000e+00
3.171279382555174209e+01 0.000000000000000000e+00
3.176279382555173925e+01 0.000000000000000000e+00
3.181279382555174351e+01 0.000000000000000000e+00
3.186279382555174067e+01 0.000000000000000000e+00
3.191279382555174493e+01 0.000000000000000000e+00
3.196279382555174209e+01 0.000000000000000000e+00
3.201279382555173925e+01 0.000000000000000000e+00
3.206279382555174351e+01 0.000000000000000000e+00
3.211279382555174067e+01 0.000000000000000000e+00
3.216279382555174493e+01 0.000000000000000000e+00
3.221279382555174209e+01 0.000000000000000000e+00
3.226279382555173925e+01 0.000000000000000000e+00
3.231279382555174351e+01 0.000000000000000000e+00
3.236279382555174067e+01 0.000000000000000000e+00
3.241279382555174493e+01 0.000000000000000000e+00
3.246279382555174209e+01 0.000000000000000000e+00
3.251279382555173925e+01 0.000000000000000000e+00
3.256279382555174351e+01 0.000000000000000000e+00
3.261279382555174067e+01 0.000000000000000000e+00
3.266279382555174493e+01 0.000000000000000000e+00
3.271279382555174209e+01 0.000000000000000000e+00
3.276279382555173925e+01 0.000000000000000000e+00
3.281279382555174351e+01 0.000000000000000000e+00
3.286279382555174067e+01 0.000000000000000000e+00
3.291279382555174493e+01 0.000000000000000000e+00
3.296279382555174209e+01 0.000000000000000000e+00
3.301279382555173925e+01 0.000000000000000000e+00
3.306279382555174351e+01 0.000000000000000000e+00
3.311279382555174067e+01 0.000000000000000000e+00
3.316279382555174493e+01 0.000000000000000000e+00
3.321279382555174209e+01 0.000000000000000000e+00
3.326279382555173925e+01 0.000000000000000000e+00
3.331279382555174351e+01 0.000000000000000000e+00
3.336279382555174067e+01 0.000000000000000000e+00
3.341279382555174493e+01 0.000000000000000000e+00
3.346279382555174209e+01 0.000000000000000000e+00
3.351279382555173925e+01 0.000000000000000000e+00
3.356279382555174351e+01 0.000000000000000000e+00
3.361279382555174067e+01 0.000000000000000000e+00
3.366279382555174493e+01 0.000000000000000000e+00
3.371279382555174209e+01 0.000000000000000000e+00
3.376279382555173925e+01 0.000000000000000000e+00
3.381279382555174351e+01 0.000000000000000000e+00
3.386279382555174067e+01 0.000000000000000000e+00
3.391279382555174493e+01 0.000000000000000000e+00
3.396279382555174209e+01 0.000000000000000000e+00
3.401279382555173925e+01 0.000000000000000000e+00
3.406279382555174351e+01 0.000000000000000000e+00
3.411279382555174067e+01 0.000000000000000000e+00
3.416279382555174493e+01 0.000000000000000000e+00
3.421279382555174209e+01 0.000000000000000000e+00
3.426279382555173925e+01 0.000000000000000000e+00
3.431279382555174351e+01 0.000000000000000000e+00
3.436279382555174067e+01 0.000000000000000000e+00
3.441279382555174493e+01 0.000000000000000000e+00
3.446279382555174209e+01 0.000000000000000000e+00
3.451279382555173925e+01 0.000000000000000000e+00
3.456279382555174351e+01 0.000000000000000000e+00
3.461279382555174067e+01 0.000000000000000000e+00
3.466279382555174493e+01 0.000000000000000000e+00
3.471279382555174209e+01 0.000000000000000000e+00
3.476279382555173925e+01 0.000000000000000000e+00
3.481279382555174351e+01 0.000000000000000000e+00
3.486279382555174067e+01 0.000000000000000000e+00
3.491279382555174493e+01 0.000000000000000000e+00
3.496279382555174209e+01 0.000000000000000000e+00
3.501279382555173925e+01 0.000000000000000000e+00
3.506279382555174351e+01 0.000000000000000000e+00
3.511279382555174067e+01 0.000000000000000000e+00
3.516279382555174493e+01 0.000000000000000000e+00
3.521279382555174209e+01 0.000000000000000000e+00
3.526279382555173925e+01 0.000000000000000000e+00
3.531279382555174351e+01 0.000000000000000000e+00
3.536279382555174067e+01 0.000000000000000000e+00
3.541279382555174493e+01 0.000000000000000000e+00
3.546279382555174209e+01 0.000000000000000000e+00
3.551279382555173925e+01 0.000000000000000000e+00
3.556279382555174351e+01 0.000000000000000000e+00
3.561279382555174067e+01 0.000000000000000000e+00
3.566279382555174493e+01 0.000000000000000000e+00
3.571279382555174209e+01 0.000000000000000000e+00
3.576279382555173925e+01 0.000000000000000000e+00
3.581279382555174351e+01 0.000000000000000000e+00
3.586279382555174067e+01 0.000000000000000000e+00
3.591279382555174493e+01 0.000000000000000000e+00
3.596279382555174209e+01 0.000000000000000000e+00
3.601279382555173925e+01 0.000000000000000000e+00
3.606279382555174351e+01 0.000000000000000000e+00
3.611279382555174067e+01 0.000000000000000000e+00
3.616279382555174493e+01 0.000000000000000000e+00
3.621279382555174209e+01 0.000000000000000000e+00
3.626279382555173925e+01 0.000000000000000000e+00
3.631279382555174351e+01 0.000000000000000000e+00
3.636279382555174067e+01 0.000000000000000000e+00
3.641279382555174493e+01 0.000000000000000000e+00
3.646279382555174209e+01 0.000000000000000000e+00
3.651279382555173925e+01 0.000000000000000000e+00
3.656279382555174351e+01 0.000000000000000000e+00
3.661279382555174067e+01 0.000000000000000000e+00
3.666279382555174493e+01 0.000000000000000000e+00
3.671279382555174209e+01 0.000000000000000000e+00
3.676279382555173925e+01 0.000000000000000000e+00
3.681279382555174351e+01 0.000000000000000000e+00
3.686279382555174067e+01 0.000000000000000000e+00
3.691279382555174493e+01 0.000000000000000000e+00
3.696279382555174209e+01 0.000000000000000000e+00
3.701279382555173925e+01 0.000000000000000000e+00
3.706279382555174351e+01 0.000000000000000000e+00
3.711279382555174067e+01 0.000000000000000000e+00
3.716279382555174493e+01 0.000000000000000000e+00
3.721279382555174209e+01 0.000000000000000000e+00
3.726279382555173925e+01 0.000000000000000000e+00
3.731279382555174351e+01 0.000000000000000000e+00
3.736279382555174067e+01 0.000000000000000000e+00
3.741279382555174493e+01 0.000000000000000000e+00
3.746279382555174209e+01 0.000000000000000000e+00
3.751279382555173925e+01 0.000000000000000000e+00
3.756279382555174351e+01 0.000000000000000000e+00
3.761279382555174067e+01 0.000000000000000000e+00
3.766279382555174493e+01 0.000000000000000000e+00
3.771279382555174209e+01 0.000000000000000000e+00
3.776279382555173925e+01 0.000000000000000000e+00
3.781279382555174351e+01 0.000000000000000000e+00
3.786279382555174067e+01 0.000000000000000000e+00
3.791279382555174493e+01 0.000000000000000000e+00
3.796279382555174209e+01 0.000000000000000000e+00
3.801279382555173925e+01 0.000000000000000000e+00
3.806279382555174351e+01 0.000000000000000000e+00
3.811279382555174067e+01 0.000000000000000000e+00
3.816279382555174493e+01 0.000000000000000000e+00
3.821279382555174209e+01 0.000000000000000000e+00
3.826279382555173925e+01 0.000000000000000000e+00
3.831279382555174351e+01 0.000000000000000000e+00
3.836279382555174067e+01 0.000000000000000000e+00
3.841279382555174493e+01 0.000000000000000000e+00
3.846279382555174209e+01 0.000000000000000000e+00
3.851279382555173925e+01 0.000000000000000000e+00
3.856279382555174351e+01 0.000000000000000000e+00
3.861279382555174067e+01 0.000000000000000000e+00
3.866279382555174493e+01 0.000000000000000000e+00
3.871279382555174209e+01 0.000000000000000000e+00
3.876279382555173925e+01 0.000000000000000000e+00
3.881279382555174351e+01 0.000000000000000000e+00
3.886279382555174067e+01 0.000000000000000000e+00
3.891279382555174493e+01 0.000000000000000000e+00
3.896279382555174209e+01 0.000000000000000000e+00
3.901279382555173925e+01 0.000000000000000000e+00
3.906279382555174351e+01 0.000000000000000000e+00
3.911279382555174067e+01 0.000000000000000000e+00
3.916279382555174493e+01 0.000000000000000000e+00
3.921279382555174209e+01 0.000000000000000000e+00
3.926279382555173925e+01 0.000000000000000000e+00
3.931279382555174351e+01 0.000000000000000000e+00
3.936279382555174067e+01 0.000000000000000000e+00
3.941279382555174493e+01 0.000000000000000000e+00
3.946279382555174209e+01 0.000000000000000000e+00
3.951279382555173925e+01 0.000000000000000000e+00
3.956279382555174351e+01 0.000000000000000000e+00
3.961279382555174067e+01 0.000000000000000000e+00
3.966279382555174493e+01 0.000000000000000000e+00
3.971279382555174209e+01 0.000000000000000000e+00
3.976279382555173925e+01 0.000000000000000000e+00
3.981279382555174351e+01 0.000000000000000000e+00
3.986279382555174067e+01 0.000000000000000000e+00
3.991279382555174493e+01 0.000000000000000000e+00
3.996279382555174209e+01 0.000000000000000000e+00
4.001279382555173925e+01 0.000000000000000000e+00
4.006279382555174351e+01 0.000000000000000000e+00
