-1.527124254574542661e+01 0.000000000000000000e+00
-1.522124254574542768e+01 0.000000000000000000e+00
-1.517124254574542697e+01 0.000000000000000000e+00
-1.512124254574542626e+01 0.000000000000000000e+00
-1.507124254574542732e+01 0.000000000000000000e+00
-1.502124254574542661e+01 0.000000000000000000e+00
-1.497124254574542768e+01 0.000000000000000000e+00
-1.492124254574542697e+01 0.000000000000000000e+00
-1.487124254574542626e+01 0.000000000000000000e+00
-1.482124254574542732e+01 0.000000000000000000e+00
-1.477124254574542661e+01 0.000000000000000000e+00
-1.472124254574542768e+01 0.000000000000000000e+00
-1.467124254574542697e+01 0.000000000000000000e+00
-1.462124254574542626e+01 0.000000000000000000e+00
-1.457124254574542732e+01 0.000000000000000000e+00
-1.452124254574542661e+01 0.000000000000000000e+00
-1.447124254574542768e+01 0.000000000000000000e+00
-1.442124254574542697e+01 0.000000000000000000e+00
-1.437124254574542626e+01 0.000000000000000000e+00
-1.432124254574542732e+01 0.000000000000000000e+00
-1.427124254574542661e+01 0.000000000000000000e+00
-1.422124254574542590e+01 0.000000000000000000e+00
-1.417124254574542697e+01 0.000000000000000000e+00
-1.412124254574542626e+01 0.000000000000000000e+00
-1.407124254574542732e+01 0.000000000000000000e+00
-1.402124254574542661e+01 0.000000000000000000e+00
-1.397124254574542590e+01 0.000000000000000000e+00
-1.392124254574542697e+01 0.000000000000000000e+00
-1.387124254574542626e+01 0.000000000000000000e+00
-1.382124254574542732e+01 0.000000000000000000e+00
-1.377124254574542661e+01 0.000000000000000000e+00
-1.372124254574542590e+01 0.000000000000000000e+00
-1.367124254574542697e+01 0.000000000000000000e+00
-1.362124254574542626e+01 0.000000000000000000e+00
-1.357124254574542732e+01 0.000000000000000000e+00
-1.352124254574542661e+01 0.000000000000000000e+00
-1.347124254574542590e+01 0.000000000000000000e+00
-1.342124254574542697e+01 0.000000000000000000e+00
-1.337124254574542626e+01 0.000000000000000000e+00
-1.332124254574542732e+01 0.000000000000000000e+00
-1.327124254574542661e+01 0.000000000000000000e+00
-1.322124254574542590e+01 0.000000000000000000e+00
-1.317124254574542697e+01 0.000000000000000000e+00
-1.312124254574542803e+01 0.000000000000000000e+00
-1.307124254574542732e+01 0.000000000000000000e+00
-1.302124254574542661e+01 0.000000000000000000e+00
-1.297124254574542590e+01 0.000000000000000000e+00
-1.292124254574542697e+01 0.000000000000000000e+00
-1.287124254574542626e+01 0.000000000000000000e+00
-1.282124254574542732e+01 0.000000000000000000e+00
-1.277124254574542661e+01 0.000000000000000000e+00
-1.272124254574542590e+01 0.000000000000000000e+00
-1.267124254574542697e+01 0.000000000000000000e+00
-1.262124254574542626e+01 0.000000000000000000e+00
-1.257124254574542732e+01 0.000000000000000000e+00
-1.252124254574542661e+01 0.000000000000000000e+00
-1.247124254574542590e+01 0.000000000000000000e+00
-1.242124254574542697e+01 0.000000000000000000e+00
-1.237124254574542626e+01 0.000000000000000000e+00
-1.232124254574542732e+01 0.000000000000000000e+00
-1.227124254574542661e+01 0.000000000000000000e+00
-1.222124254574542590e+01 0.000000000000000000e+00
-1.217124254574542697e+01 0.000000000000000000e+00
-1.212124254574542626e+01 0.000000000000000000e+00
-1.207124254574542732e+01 0.000000000000000000e+00
-1.202124254574542661e+01 0.000000000000000000e+00
-1.197124254574542590e+01 0.000000000000000000e+00
-1.192124254574542697e+01 0.000000000000000000e+00
-1.187124254574542626e+01 0.000000000000000000e+00
-1.182124254574542732e+01 0.000000000000000000e+00
-1.177124254574542661e+01 0.000000000000000000e+00
-1.172124254574542590e+01 0.000000000000000000e+00
-1.167124254574542697e+01 0.000000000000000000e+00
-1.162124254574542626e+01 0.000000000000000000e+00
-1.157124254574542732e+01 0.000000000000000000e+00
-1.152124254574542661e+01 0.000000000000000000e+00
-1.147124254574542590e+01 0.000000000000000000e+00
-1.142124254574542697e+01 0.000000000000000000e+00
-1.137124254574542626e+01 0.000000000000000000e+00
-1.132124254574542732e+01 0.000000000000000000e+00
-1.127124254574542661e+01 0.000000000000000000e+00
-1.122124254574542590e+01 0.000000000000000000e+00
-1.117124254574542697e+01 0.000000000000000000e+00
-1.112124254574542626e+01 0.000000000000000000e+00
-1.107124254574542732e+01 0.000000000000000000e+00
-1.102124254574542661e+01 0.000000000000000000e+00
-1.097124254574542590e+01 0.000000000000000000e+00
-1.092124254574542697e+01 0.000000000000000000e+00
-1.087124254574542626e+01 0.000000000000000000e+00
-1.082124254574542732e+01 0.000000000000000000e+00
-1.077124254574542661e+01 0.000000000000000000e+00
-1.072124254574542590e+01 0.000000000000000000e+00
-1.067124254574542697e+01 0.000000000000000000e+00
-1.062124254574542626e+01 0.000000000000000000e+00
-1.057124254574542732e+01 0.000000000000000000e+00
-1.052124254574542661e+01 0.000000000000000000e+00
-1.047124254574542590e+01 0.000000000000000000e+00
-1.042124254574542697e+01 0.000000000000000000e+00
-1.037124254574542626e+01 0.000000000000000000e+00
-1.032124254574542732e+01 0.000000000000000000e+00
-1.027124254574542661e+01 0.000000000000000000e+00
-1.022124254574542590e+01 0.000000000000000000e+00
-1.017124254574542697e+01 0.000000000000000000e+00
-1.012124254574542626e+01 0.000000000000000000e+00
-1.007124254574542732e+01 0.000000000000000000e+00
-1.002124254574542661e+01 0.000000000000000000e+00
-9.971242545745425900e+00 0.000000000000000000e+00
-9.921242545745426966e+00 0.000000000000000000e+00
-9.871242545745426256e+00 0.000000000000000000e+00
-9.821242545745427321e+00 0.000000000000000000e+00
-9.771242545745426611e+00 0.000000000000000000e+00
-9.721242545745425900e+00 0.000000000000000000e+00
-9.671242545745426966e+00 0.000000000000000000e+00
-9.621242545745426256e+00 0.000000000000000000e+00
-9.571242545745427321e+00 0.000000000000000000e+00
-9.521242545745426611e+00 0.000000000000000000e+00
-9.471242545745425900e+00 0.000000000000000000e+00
-9.421242545745426966e+00 0.000000000000000000e+00
-9.371242545745426256e+00 0.000000000000000000e+00
-9.321242545745427321e+00 0.000000000000000000e+00
-9.271242545745426611e+00 0.000000000000000000e+00
-9.221242545745425900e+00 0.000000000000000000e+00
-9.171242545745426966e+00 0.000000000000000000e+00
-9.121242545745426256e+00 0.000000000000000000e+00
-9.071242545745427321e+00 0.000000000000000000e+00
-9.021242545745426611e+00 0.000000000000000000e+00
-8.971242545745425900e+00 0.000000000000000000e+00
-8.921242545745426966e+00 0.000000000000000000e+00
-8.871242545745426256e+00 0.000000000000000000e+00
-8.821242545745427321e+00 0.000000000000000000e+00
-8.771242545745426611e+00 0.000000000000000000e+00
-8.721242545745425900e+00 0.000000000000000000e+00
-8.671242545745426966e+00 0.000000000000000000e+00
-8.621242545745426256e+00 0.000000000000000000e+00
-8.571242545745427321e+00 0.000000000000000000e+00
-8.521242545745426611e+00 0.000000000000000000e+00
-8.471242545745425900e+00 0.000000000000000000e+00
-8.421242545745426966e+00 0.000000000000000000e+00
-8.371242545745426256e+00 0.000000000000000000e+00
-8.321242545745427321e+00 0.000000000000000000e+00
-8.271242545745426611e+00 0.000000000000000000e+00
-8.221242545745425900e+00 0.000000000000000000e+00
-8.171242545745426966e+00 0.000000000000000000e+00
-8.121242545745426256e+00 0.000000000000000000e+00
-8.071242545745427321e+00 0.000000000000000000e+00
-8.021242545745426611e+00 0.000000000000000000e+00
-7.971242545745425900e+00 0.000000000000000000e+00
-7.921242545745426966e+00 0.000000000000000000e+00
-7.871242545745426256e+00 0.000000000000000000e+00
-7.821242545745427321e+00 0.000000000000000000e+00
-7.771242545745426611e+00 0.000000000000000000e+00
-7.721242545745425900e+00 0.000000000000000000e+00
-7.671242545745426966e+00 0.000000000000000000e+00
-7.621242545745426256e+00 0.000000000000000000e+00
-7.571242545745427321e+00 0.000000000000000000e+00
-7.521242545745426611e+00 0.000000000000000000e+00
-7.471242545745425900e+00 0.000000000000000000e+00
-7.421242545745426966e+00 0.000000000000000000e+00
-7.371242545745426256e+00 0.000000000000000000e+00
-7.321242545745427321e+00 0.000000000000000000e+00
-7.271242545745426611e+00 0.000000000000000000e+00
-7.221242545745427677e+00 0.000000000000000000e+00
-7.171242545745426966e+00 0.000000000000000000e+00
-7.121242545745426256e+00 0.000000000000000000e+00
-7.071242545745425545e+00 0.000000000000000000e+00
-7.021242545745426611e+00 0.000000000000000000e+00
-6.971242545745427677e+00 0.000000000000000000e+00
-6.921242545745426966e+00 0.000000000000000000e+00
-6.871242545745426256e+00 0.000000000000000000e+00
-6.821242545745425545e+00 0.000000000000000000e+00
-6.771242545745426611e+00 0.000000000000000000e+00
-6.721242545745427677e+00 0.000000000000000000e+00
-6.671242545745426966e+00 0.000000000000000000e+00
-6.621242545745426256e+00 0.000000000000000000e+00
-6.571242545745425545e+00 0.000000000000000000e+00
-6.521242545745426611e+00 0.000000000000000000e+00
-6.471242545745427677e+00 0.000000000000000000e+00
-6.421242545745426966e+00 0.000000000000000000e+00
-6.371242545745426256e+00 0.000000000000000000e+00
-6.321242545745425545e+00 0.000000000000000000e+00
-6.271242545745426611e+00 0.000000000000000000e+00
-6.221242545745427677e+00 0.000000000000000000e+00
-6.171242545745426966e+00 0.000000000000000000e+00
-6.121242545745426256e+00 0.000000000000000000e+00
-6.071242545745425545e+00 0.000000000000000000e+00
-6.021242545745426611e+00 0.000000000000000000e+00
-5.971242545745427677e+00 0.000000000000000000e+00
-5.921242545745426966e+00 0.000000000000000000e+00
-5.871242545745426256e+00 0.000000000000000000e+00
-5.821242545745425545e+00 0.000000000000000000e+00
-5.771242545745426611e+00 0.000000000000000000e+00
-5.721242545745425900e+00 0.000000000000000000e+00
-5.671242545745426966e+00 0.000000000000000000e+00
-5.621242545745426256e+00 0.000000000000000000e+00
-5.571242545745425545e+00 0.000000000000000000e+00
-5.521242545745426611e+00 0.000000000000000000e+00
-5.471242545745425900e+00 0.000000000000000000e+00
-5.421242545745426966e+00 0.000000000000000000e+00
-5.371242545745426256e+00 0.000000000000000000e+00
-5.321242545745425545e+00 0.000000000000000000e+00
-5.271242545745426611e+00 0.000000000000000000e+00
-5.221242545745425900e+00 0.000000000000000000e+00
-5.171242545745426966e+00 0.000000000000000000e+00
-5.121242545745426256e+00 0.000000000000000000e+00
-5.071242545745425545e+00 0.000000000000000000e+00
-5.021242545745426611e+00 0.000000000000000000e+00
-4.971242545745425900e+00 0.000000000000000000e+00
-4.921242545745426966e+00 0.000000000000000000e+00
-4.871242545745426256e+00 0.000000000000000000e+00
-4.821242545745425545e+00 0.000000000000000000e+00
-4.771242545745426611e+00 0.000000000000000000e+00
-4.721242545745425900e+00 0.000000000000000000e+00
-4.671242545745426966e+00 0.000000000000000000e+00
-4.621242545745426256e+00 0.000000000000000000e+00
-4.571242545745425545e+00 0.000000000000000000e+00
-4.521242545745426611e+00 0.000000000000000000e+00
-4.471242545745425900e+00 0.000000000000000000e+00
-4.421242545745426966e+00 0.000000000000000000e+00
-4.371242545745426256e+00 0.000000000000000000e+00
-4.321242545745425545e+00 0.000000000000000000e+00
-4.271242545745426611e+00 0.000000000000000000e+00
-4.221242545745425900e+00 0.000000000000000000e+00
-4.171242545745426966e+00 0.000000000000000000e+00
-4.121242545745426256e+00 0.000000000000000000e+00
-4.071242545745425545e+00 0.000000000000000000e+00
-4.021242545745426611e+00 0.000000000000000000e+00
-3.971242545745425900e+00 0.000000000000000000e+00
-3.921242545745426966e+00 0.000000000000000000e+00
-3.871242545745426256e+00 0.000000000000000000e+00
-3.821242545745425545e+00 0.000000000000000000e+00
-3.771242545745426611e+00 0.000000000000000000e+00
-3.721242545745425900e+00 0.000000000000000000e+00
-3.671242545745426966e+00 0.000000000000000000e+00
-3.621242545745426256e+00 0.000000000000000000e+00
-3.571242545745425545e+00 0.000000000000000000e+00
-3.521242545745426611e+00 0.000000000000000000e+00
-3.471242545745425900e+00 0.000000000000000000e+00
-3.421242545745426966e+00 0.000000000000000000e+00
-3.371242545745426256e+00 0.000000000000000000e+00
-3.321242545745425545e+00 0.000000000000000000e+00
-3.271242545745426611e+00 0.000000000000000000e+00
-3.221242545745425900e+00 0.000000000000000000e+00
-3.171242545745426966e+00 0.000000000000000000e+00
-3.121242545745426256e+00 0.000000000000000000e+00
-3.071242545745425545e+00 0.000000000000000000e+00
-3.021242545745426611e+00 0.000000000000000000e+00
-2.971242545745425900e+00 0.000000000000000000e+00
-2.921242545745426966e+00 0.000000000000000000e+00
-2.871242545745426256e+00 0.000000000000000000e+00
-2.821242545745425545e+00 0.000000000000000000e+00
-2.771242545745426611e+00 0.000000000000000000e+00
-2.721242545745425900e+00 0.000000000000000000e+00
-2.671242545745426966e+00 0.000000000000000000e+00
-2.621242545745426256e+00 0.000000000000000000e+00
-2.571242545745425545e+00 0.000000000000000000e+00
-2.521242545745426611e+00 0.000000000000000000e+00
-2.471242545745425900e+00 0.000000000000000000e+00
-2.421242545745426966e+00 0.000000000000000000e+00
-2.371242545745426256e+00 0.000000000000000000e+00
-2.321242545745425545e+00 0.000000000000000000e+00
-2.271242545745426611e+00 0.000000000000000000e+00
-2.221242545745425900e+00 0.000000000000000000e+00
-2.171242545745426966e+00 0.000000000000000000e+00
-2.121242545745426256e+00 0.000000000000000000e+00
-2.071242545745425545e+00 0.000000000000000000e+00
-2.021242545745426611e+00 0.000000000000000000e+00
-1.971242545745425900e+00 0.000000000000000000e+00
-1.921242545745426966e+00 0.000000000000000000e+00
-1.871242545745426256e+00 0.000000000000000000e+00
-1.821242545745425545e+00 0.000000000000000000e+00
-1.771242545745426611e+00 0.000000000000000000e+00
-1.721242545745425900e+00 0.000000000000000000e+00
-1.671242545745426966e+00 0.000000000000000000e+00
-1.621242545745426256e+00 0.000000000000000000e+00
-1.571242545745425545e+00 0.000000000000000000e+00
-1.521242545745426611e+00 0.000000000000000000e+00
-1.471242545745425900e+00 0.000000000000000000e+00
-1.421242545745426966e+00 0.000000000000000000e+00
-1.371242545745426256e+00 0.000000000000000000e+00
-1.321242545745425545e+00 0.000000000000000000e+00
-1.271242545745426611e+00 0.000000000000000000e+00
-1.221242545745425900e+00 0.000000000000000000e+00
-1.171242545745426966e+00 0.000000000000000000e+00
-1.121242545745426256e+00 0.000000000000000000e+00
-1.071242545745425545e+00 0.000000000000000000e+00
-1.021242545745426611e+00 0.000000000000000000e+00
-9.712425457454259003e-01 0.000000000000000000e+00
-9.212425457454269662e-01 0.000000000000000000e+00
-8.712425457454262556e-01 0.000000000000000000e+00
-8.212425457454255451e-01 0.000000000000000000e+00
-7.712425457454266109e-01 0.000000000000000000e+00
-7.212425457454259003e-01 0.000000000000000000e+00
-6.712425457454269662e-01 0.000000000000000000e+00
-6.212425457454262556e-01 0.000000000000000000e+00
-5.712425457454255451e-01 0.000000000000000000e+00
-5.212425457454266109e-01 0.000000000000000000e+00
-4.712425457454259003e-01 0.000000000000000000e+00
-4.212425457454269662e-01 0.000000000000000000e+00
-3.712425457454262556e-01 0.000000000000000000e+00
-3.212425457454255451e-01 0.000000000000000000e+00
-2.712425457454266109e-01 0.000000000000000000e+00
-2.212425457454259003e-01 0.000000000000000000e+00
-1.712425457454269662e-01 0.000000000000000000e+00
-1.212425457454262556e-01 0.000000000000000000e+00
-7.124254574542554508e-02 0.000000000000000000e+00
-2.124254574542661089e-02 0.000000000000000000e+00
2.875745425457409965e-02 0.000000000000000000e+00
7.875745425457303384e-02 0.000000000000000000e+00
1.287574542545737444e-01 0.000000000000000000e+00
1.787574542545744549e-01 0.000000000000000000e+00
2.287574542545733891e-01 0.000000000000000000e+00
2.787574542545740997e-01 0.000000000000000000e+00
3.287574542545730338e-01 0.000000000000000000e+00
3.787574542545737444e-01 0.000000000000000000e+00
4.287574542545744549e-01 0.000000000000000000e+00
4.787574542545733891e-01 0.000000000000000000e+00
5.287574542545740997e-01 0.000000000000000000e+00
5.787574542545730338e-01 0.000000000000000000e+00
6.287574542545737444e-01 0.000000000000000000e+00
6.787574542545744549e-01 0.000000000000000000e+00
7.287574542545716128e-01 0.000000000000000000e+00
7.787574542545758760e-01 0.000000000000000000e+00
8.287574542545730338e-01 0.000000000000000000e+00
8.787574542545737444e-01 0.000000000000000000e+00
9.287574542545744549e-01 0.000000000000000000e+00
9.787574542545716128e-01 0.000000000000000000e+00
1.028757454254575876e+00 0.000000000000000000e+00
1.078757454254573034e+00 0.000000000000000000e+00
1.128757454254573744e+00 0.000000000000000000e+00
1.178757454254574455e+00 2.804154480376022218e-05
1.228757454254571613e+00 0.000000000000000000e+00
1.278757454254575876e+00 1.121661792150408887e-04
1.328757454254573034e+00 1.402077240188011244e-04
1.378757454254573744e+00 1.121661792150408887e-04
1.428757454254574455e+00 1.402077240188011244e-04
1.478757454254571613e+00 2.243323584300817774e-04
1.528757454254575876e+00 7.571217097015259852e-04
1.578757454254573034e+00 1.514243419403051970e-03
1.628757454254573744e+00 2.215282039497057810e-03
1.678757454254574455e+00 4.935311885461798886e-03
1.728757454254571613e+00 8.468546530735587829e-03
1.778757454254575876e+00 1.357210768501994867e-02
1.828757454254573034e+00 1.875979347371558789e-02
1.878757454254573744e+00 2.484480869613155812e-02
1.928757454254574455e+00 3.449110010862507097e-02
1.978757454254571613e+00 4.312789590818322250e-02
2.028757454254575876e+00 7.285193340016904440e-02
2.078757454254573034e+00 1.401516409291936049e-01
2.128757454254573744e+00 2.874258342385422327e-01
2.178757454254574455e+00 5.665233296703677812e-01
2.228757454254571613e+00 1.024862379487828656e+00
2.278757454254575876e+00 1.824298780298228895e+00
2.328757454254573034e+00 2.890270064468369871e+00
2.378757454254573744e+00 3.723833025304946087e+00
2.428757454254574455e+00 4.403896569885739964e+00
2.478757454254571613e+00 4.446099094815398445e+00
2.528757454254575876e+00 3.832073388247460688e+00
2.578757454254573034e+00 2.856451961435035436e+00
2.628757454254573744e+00 2.083598945098599664e+00
2.678757454254574455e+00 1.479640153115211909e+00
2.728757454254571613e+00 1.315905573006055818e+00
2.778757454254575876e+00 1.332141627447433585e+00
2.828757454254573034e+00 1.618305592169806184e+00
2.878757454254573744e+00 1.844628900280955275e+00
2.928757454254574455e+00 1.958701904542651473e+00
2.978757454254571613e+00 1.981331431199286008e+00
3.028757454254575876e+00 1.858116883331563773e+00
3.078757454254573034e+00 1.638439421338906188e+00
3.128757454254573744e+00 1.403927982145059206e+00
3.178757454254574455e+00 1.214619513174874044e+00
3.228757454254571613e+00 1.081618466170639392e+00
3.278757454254575876e+00 1.090816092866272680e+00
3.328757454254573034e+00 1.066588198155823841e+00
3.378757454254573744e+00 1.086441611876886038e+00
3.428757454254574455e+00 1.065887159535729767e+00
3.478757454254571613e+00 1.005710004386860312e+00
3.528757454254575876e+00 9.449439767971119508e-01
3.578757454254573034e+00 8.575104400989875808e-01
3.628757454254573744e+00 7.907996050108421215e-01
3.678757454254574455e+00 7.470267535721724084e-01
3.728757454254571613e+00 6.622291220856013627e-01
3.778757454254575876e+00 6.385900998160315423e-01
3.828757454254573034e+00 6.309908411742125578e-01
3.878757454254577297e+00 6.594530091500292457e-01
3.928757454254574455e+00 7.229671081305460989e-01
3.978757454254571613e+00 7.249019747220055709e-01
4.028757454254575876e+00 7.909117711900570669e-01
4.078757454254573034e+00 8.114942650760170739e-01
4.128757454254577297e+00 8.395358098797773838e-01
4.178757454254574455e+00 8.246737911337843618e-01
4.228757454254571613e+00 8.735782452715421531e-01
4.278757454254575876e+00 8.443028724964165566e-01
4.328757454254573034e+00 8.634272060525810533e-01
4.378757454254577297e+00 8.074562826242757119e-01
4.428757454254574455e+00 8.386665219908607805e-01
4.478757454254571613e+00 8.170184494023579047e-01
4.528757454254575876e+00 8.019881813875423537e-01
4.578757454254573034e+00 7.494663679700994674e-01
4.628757454254577297e+00 7.671886242860759264e-01
4.678757454254574455e+00 7.362868419123322905e-01
4.728757454254571613e+00 6.774276393692395537e-01
4.778757454254575876e+00 7.107409945961067343e-01
4.828757454254573034e+00 6.896537529036789183e-01
4.878757454254577297e+00 6.994402520401912238e-01
4.928757454254574455e+00 6.989915873233311094e-01
4.978757454254571613e+00 7.446712638086565583e-01
5.028757454254575876e+00 8.213648888469406995e-01
5.078757454254573034e+00 8.482847718585505570e-01
5.128757454254577297e+00 9.017880393441251030e-01
5.178757454254574455e+00 1.021889975738629941e+00
5.228757454254571613e+00 1.133523365602399524e+00
5.278757454254575876e+00 1.193700520751268757e+00
5.328757454254573034e+00 1.268150822205252215e+00
5.378757454254577297e+00 1.348069224895968921e+00
5.428757454254574455e+00 1.460740151917477858e+00
5.478757454254571613e+00 1.505999205230746707e+00
5.528757454254575876e+00 1.481182438079418962e+00
5.578757454254573034e+00 1.527366862371211553e+00
5.628757454254577297e+00 1.559390306537106197e+00
5.678757454254574455e+00 1.518589858847634755e+00
5.728757454254571613e+00 1.477537037254929908e+00
5.778757454254575876e+00 1.438727539246525744e+00
5.828757454254573034e+00 1.353761658491132280e+00
5.878757454254577297e+00 1.371932579523968965e+00
5.928757454254574455e+00 1.324402161081595031e+00
5.978757454254571613e+00 1.336431983802408574e+00
6.028757454254575876e+00 1.247091622057628468e+00
6.078757454254573034e+00 1.236519959666610768e+00
6.128757454254577297e+00 1.258476489247954966e+00
6.178757454254574455e+00 1.213778266830761066e+00
6.228757454254571613e+00 1.174351854836674480e+00
6.278757454254575876e+00 1.157723218768044626e+00
6.328757454254573034e+00 1.159545919180288820e+00
6.378757454254577297e+00 1.149731378498972889e+00
6.428757454254574455e+00 1.095527072393304380e+00
6.478757454254571613e+00 1.075589534037830974e+00
6.528757454254575876e+00 1.053128256650018857e+00
6.578757454254573034e+00 1.023488343792444466e+00
6.628757454254577297e+00 1.010981814809967405e+00
6.678757454254574455e+00 1.009607779114583215e+00
6.728757454254571613e+00 9.817625251244490592e-01
6.778757454254575876e+00 9.495708316897323309e-01
6.828757454254573034e+00 9.632270640091635805e-01
6.878757454254577297e+00 9.478602974567030826e-01
6.928757454254574455e+00 9.083497608282048441e-01
6.978757454254571613e+00 9.182484261439323170e-01
7.028757454254575876e+00 8.947496115983811782e-01
7.078757454254573034e+00 8.683625179380428660e-01
7.128757454254577297e+00 8.644367016655163383e-01
7.178757454254574455e+00 8.789622218738641912e-01
7.228757454254571613e+00 8.716994617696903758e-01
7.278757454254575876e+00 8.507524278012813523e-01
7.328757454254573034e+00 8.771675630064235119e-01
7.378757454254577297e+00 8.473313593352226336e-01
7.428757454254574455e+00 8.563046536724260305e-01
7.478757454254571613e+00 8.728491651066444534e-01
7.528757454254575876e+00 8.631467906045433569e-01
7.578757454254573034e+00 8.419193411880969702e-01
7.628757454254577297e+00 8.747840316981039255e-01
7.678757454254574455e+00 8.813177116373800413e-01
7.728757454254571613e+00 8.815420439958101539e-01
7.778757454254575876e+00 9.005822529175633306e-01
7.828757454254573034e+00 8.950300270464188745e-01
7.878757454254577297e+00 8.850472370962801927e-01
7.928757454254574455e+00 9.156125209323788816e-01
7.978757454254571613e+00 9.031340334947056681e-01
8.028757454254575876e+00 8.914126677667337795e-01
8.078757454254573034e+00 9.271656373915281302e-01
8.128757454254577297e+00 9.417752822342871921e-01
8.178757454254574455e+00 9.364193471767688903e-01
8.228757454254571613e+00 9.322131154562049993e-01
8.278757454254575876e+00 9.336151926963929260e-01
8.328757454254573034e+00 9.952505081750578908e-01
8.378757454254577297e+00 9.730976877800872060e-01
8.428757454254574455e+00 9.814540681316077375e-01
8.478757454254571613e+00 9.766028808805572448e-01
8.528757454254575876e+00 1.001111191039043780e+00
8.578757454254573034e+00 1.029965940642112887e+00
8.628757454254577297e+00 1.074776329238521955e+00
8.678757454254574455e+00 1.040902143115579381e+00
8.728757454254571613e+00 1.067120987507095498e+00
8.778757454254575876e+00 1.037705407007950775e+00
8.828757454254573034e+00 1.072420839475006105e+00
8.878757454254577297e+00 1.056577366660881534e+00
8.928757454254574455e+00 1.068803480195320788e+00
8.978757454254571613e+00 1.077832857622131657e+00
9.028757454254575876e+00 1.093087457995377321e+00
9.078757454254573034e+00 1.090788051321468943e+00
9.128757454254577297e+00 1.060250809030173880e+00
9.178757454254574455e+00 1.061933301718399836e+00
9.228757454254571613e+00 1.085992947160025812e+00
9.278757454254575876e+00 1.063026921965746441e+00
9.328757454254573034e+00 1.074608079969699315e+00
9.378757454254577297e+00 1.078702145511048371e+00
9.428757454254574455e+00 1.060054518216547503e+00
9.478757454254571613e+00 1.080384638199273883e+00
9.528757454254575876e+00 1.059605853499687500e+00
9.578757454254573034e+00 1.076010157209887241e+00
9.628757454254577297e+00 1.051137306968952023e+00
9.678757454254574455e+00 1.073262085819118861e+00
9.728757454254571613e+00 1.055539829503142402e+00
9.778757454254575876e+00 1.031872765688768734e+00
9.828757454254573034e+00 1.041182558563617189e+00
9.878757454254577297e+00 1.006046502924505592e+00
9.928757454254574455e+00 1.008177660329591330e+00
9.978757454254571613e+00 1.045080333291339869e+00
1.002875745425457588e+01 1.035658374237276247e+00
1.007875745425457303e+01 1.007981369515964953e+00
1.012875745425457730e+01 9.918013981641953247e-01
1.017875745425457445e+01 9.761261746188933941e-01
1.022875745425457161e+01 9.964282530568158158e-01
1.027875745425457588e+01 9.918574812538029084e-01
1.032875745425457303e+01 9.561325531738122940e-01
1.037875745425457730e+01 9.479444220911142915e-01
1.042875745425457445e+01 9.843143057015912856e-01
1.047875745425457161e+01 9.545622266648017273e-01
1.052875745425457588e+01 9.168463489037442793e-01
1.057875745425457303e+01 9.480565882703293479e-01
1.062875745425457730e+01 9.341760235924679856e-01
1.067875745425457445e+01 9.444953120802518365e-01
1.072875745425457161e+01 9.424482793095774191e-01
1.077875745425457588e+01 9.333628187931590769e-01
1.082875745425457303e+01 9.343162313164870003e-01
1.087875745425457730e+01 9.282031745492670405e-01
1.092875745425457445e+01 9.778927919415302261e-01
1.097875745425457161e+01 8.772797291856386792e-01
1.102875745425457588e+01 9.475798820086654972e-01
1.107875745425457303e+01 9.391674185675374931e-01
1.112875745425457730e+01 9.407657866213516851e-01
1.117875745425457445e+01 9.688914560595232039e-01
1.122875745425457161e+01 9.556558469121484434e-01
1.127875745425457588e+01 9.531321078798099533e-01
1.132875745425457303e+01 9.505242442130601432e-01
1.137875745425457730e+01 9.706300318373562996e-01
1.142875745425457445e+01 9.462058463132811958e-01
1.147875745425457161e+01 9.802763232498497015e-01
1.152875745425457588e+01 9.889131190494080403e-01
1.157875745425457303e+01 9.754531775436031671e-01
1.162875745425457730e+01 9.730696462352834697e-01
1.167875745425457445e+01 9.429530271160448951e-01
1.172875745425457161e+01 9.880157896156875896e-01
1.177875745425457588e+01 1.040257187585093224e+00
1.182875745425457303e+01 9.767430886045760374e-01
1.187875745425457730e+01 1.042696801983020283e+00
1.192875745425457445e+01 9.991202413579768349e-01
1.197875745425457161e+01 9.776404180382963771e-01
1.202875745425457588e+01 1.014879589537689863e+00
1.207875745425457303e+01 9.766589639701648284e-01
1.212875745425457730e+01 9.935960570316360041e-01
1.217875745425457445e+01 1.013197096849464351e+00
1.222875745425457161e+01 1.036920243753445492e+00
1.227875745425457588e+01 1.014290717096810956e+00
1.232875745425457303e+01 1.032097098047198624e+00
1.237875745425457730e+01 9.881840388845102297e-01
1.242875745425457445e+01 9.752849282747805271e-01
1.247875745425457161e+01 1.011122022533986087e+00
1.252875745425457588e+01 9.605631172528062978e-01
1.257875745425457303e+01 9.843143057015912856e-01
1.262875745425457730e+01 1.037116534567072090e+00
1.267875745425457445e+01 9.834730593574786406e-01
1.272875745425457161e+01 9.865295877410883429e-01
1.277875745425457588e+01 1.001587897300707741e+00
1.282875745425457303e+01 1.003915345519419855e+00
1.287875745425457730e+01 1.001195315673454989e+00
1.292875745425457445e+01 9.916331488953727957e-01
1.297875745425457161e+01 9.684708328874668259e-01
1.302875745425457588e+01 9.875951664436313227e-01
1.307875745425457303e+01 1.045557039553003609e+00
1.312875745425457730e+01 1.008261784964002539e+00
1.317875745425457445e+01 9.759298838052670177e-01
1.322875745425457161e+01 9.609837404248628978e-01
1.327875745425457588e+01 9.752568867299766797e-01
1.332875745425457303e+01 9.822392313861130209e-01
1.337875745425457730e+01 9.368680118936290047e-01
1.342875745425457445e+01 9.741071833930227131e-01
1.347875745425457161e+01 9.755092606332105287e-01
1.352875745425457588e+01 9.676576280881578063e-01
1.357875745425457303e+01 1.000129736970912120e+00
1.362875745425457730e+01 9.670967971920825246e-01
1.367875745425457445e+01 9.393637093811636474e-01
1.372875745425457161e+01 9.704337410237300343e-01
1.377875745425457588e+01 9.543378943063717257e-01
1.382875745425457303e+01 9.746960558339015090e-01
1.387875745425457730e+01 9.333628187931590769e-01
1.392875745425457445e+01 9.051530247205762381e-01
1.397875745425457161e+01 9.626101500234809372e-01
1.402875745425457588e+01 9.938484309348698531e-01
1.407875745425457303e+01 9.471873003814128555e-01
1.412875745425457730e+01 9.460936801340660285e-01
1.417875745425457445e+01 9.080973869249709951e-01
1.422875745425457161e+01 9.681343343498216569e-01
1.427875745425457588e+01 9.933156415835984188e-01
1.432875745425457303e+01 9.957552559815254778e-01
1.437875745425457730e+01 9.787340382856430931e-01
1.442875745425457445e+01 9.996810722540518945e-01
1.447875745425457161e+01 1.003186265354522044e+00
1.452875745425457588e+01 9.869221693683410956e-01
1.457875745425457303e+01 9.813699434971966395e-01
1.462875745425457730e+01 9.686110406114856186e-01
1.467875745425457445e+01 9.970171254976947228e-01
1.472875745425457161e+01 1.005065048856373933e+00
1.477875745425457588e+01 9.847349288736477746e-01
1.482875745425457303e+01 9.958113390711330615e-01
1.487875745425457730e+01 9.931473923147758898e-01
1.492875745425457445e+01 9.849592612320778873e-01
1.497875745425457161e+01 9.481126713599369316e-01
1.502875745425457588e+01 9.889131190494080403e-01
1.507875745425457303e+01 9.796594092641672802e-01
1.512875745425457730e+01 9.840899733431612839e-01
1.517875745425457445e+01 1.011514604161238617e+00
1.522875745425457161e+01 1.009635820659386951e+00
1.527875745425457588e+01 9.697607439484396963e-01
1.532875745425457303e+01 9.714432366366653193e-01
1.537875745425457730e+01 9.601144525359461834e-01
1.542875745425457445e+01 9.177436783374647300e-01
1.547875745425457161e+01 9.709384888301976213e-01
1.552875745425457588e+01 9.306708304919979469e-01
1.557875745425457303e+01 9.215853699755796047e-01
1.562875745425457730e+01 9.371484273416665900e-01
1.567875745425457445e+01 9.915490242609614757e-01
1.572875745425457161e+01 9.468227602989640612e-01
1.577875745425457588e+01 9.348770622125621710e-01
1.582875745425457303e+01 9.371203857968628537e-01
1.587875745425457730e+01 9.395880417395938711e-01
1.592875745425457445e+01 9.482809206287594606e-01
1.597875745425457161e+01 9.252027292552646998e-01
1.602875745425457410e+01 9.483370037183669332e-01
1.607875745425457126e+01 9.068635589536055974e-01
1.612875745425457552e+01 9.008346268207971796e-01
1.617875745425457268e+01 9.522628199908933500e-01
1.622875745425456984e+01 9.498232055929662909e-01
1.627875745425457410e+01 9.276423436531920919e-01
1.632875745425457126e+01 9.333347772483553406e-01
1.637875745425457552e+01 9.454487246035796488e-01
1.642875745425457268e+01 9.575626719588041791e-01
1.647875745425456984e+01 1.005485672028430200e+00
1.652875745425457410e+01 9.456730569620097615e-01
1.657875745425457126e+01 9.408218697109592688e-01
1.662875745425457552e+01 9.607594080664327851e-01
1.667875745425457268e+01 9.845105965152177729e-01
1.672875745425457694e+01 9.728172723320496207e-01
1.677875745425457410e+01 9.833048100886560006e-01
1.682875745425457126e+01 9.653862629590531652e-01
1.687875745425456842e+01 1.014711340268867446e+00
1.692875745425457268e+01 1.003438639257755893e+00
1.697875745425457694e+01 1.011458521071631145e+00
1.702875745425457410e+01 9.651619306006230525e-01
1.707875745425457126e+01 1.007504663254301214e+00
1.712875745425456842e+01 1.021329144842554992e+00
1.717875745425457268e+01 1.013814010835146995e+00
1.722875745425457694e+01 9.619932360377981828e-01
1.727875745425457410e+01 9.916051073505691704e-01
1.732875745425457126e+01 9.856602998521718506e-01
1.737875745425456842e+01 9.712469458230390540e-01
1.742875745425457268e+01 9.866417539203033993e-01
1.747875745425457694e+01 9.474957573742542882e-01
1.752875745425457410e+01 9.568616333387102157e-01
1.757875745425457126e+01 9.949700927270200834e-01
1.762875745425456842e+01 9.906516948272410250e-01
1.767875745425457268e+01 9.464021371269075722e-01
1.772875745425457694e+01 9.641243934428840312e-01
1.777875745425457410e+01 9.727051061528346754e-01
1.782875745425457126e+01 9.685829990666818823e-01
1.787875745425456842e+01 9.905956117376336634e-01
1.792875745425457268e+01 9.780610412103528661e-01
1.797875745425457694e+01 9.694803285004021109e-01
1.802875745425457410e+01 9.407097035317441014e-01
1.807875745425457126e+01 9.499634133169851946e-01
1.812875745425456842e+01 9.793789938161295838e-01
1.817875745425457268e+01 9.900347808415583817e-01
1.822875745425457694e+01 9.363913056319650430e-01
1.827875745425457410e+01 9.422239469511473065e-01
1.832875745425457126e+01 9.568055502491025210e-01
1.837875745425456842e+01 9.792387860921107912e-01
1.842875745425457268e+01 9.538611880447077640e-01
1.847875745425457694e+01 1.002933891451288195e+00
1.852875745425457410e+01 9.637598533604351259e-01
1.857875745425457126e+01 9.877914572572576990e-01
1.862875745425456842e+01 9.811456111387664158e-01
1.867875745425457268e+01 1.010364900824284540e+00
1.872875745425457694e+01 9.636757287260238058e-01
1.877875745425457410e+01 9.716956105398993904e-01
1.882875745425457126e+01 9.847629704184515109e-01
1.887875745425456842e+01 9.382700891338170424e-01
1.892875745425457268e+01 1.001840271203941590e+00
1.897875745425457694e+01 1.002120686651979176e+00
1.902875745425457410e+01 9.898945731175395890e-01
1.907875745425457126e+01 9.718638598087219194e-01
1.912875745425456842e+01 9.876792910780425316e-01
1.917875745425457268e+01 1.000662526322183332e+00
1.922875745425457694e+01 1.004364010236280080e+00
1.927875745425457410e+01 9.973536240353397808e-01
1.932875745425457126e+01 9.794350769057370565e-01
1.937875745425456842e+01 9.602266187151613508e-01
1.942875745425457268e+01 1.014795464903278877e+00
1.947875745425457694e+01 9.869782524579485683e-01
1.952875745425457410e+01 9.624419007546582971e-01
1.957875745425457126e+01 9.692279545971683730e-01
1.962875745425456842e+01 9.426726116680073098e-01
1.967875745425457268e+01 9.543659358511753510e-01
1.972875745425457694e+01 9.544500604855867820e-01
1.977875745425457410e+01 9.743315157514529368e-01
1.982875745425457126e+01 9.285957561765199042e-01
1.987875745425456842e+01 9.616847790449568611e-01
1.992875745425457268e+01 9.637037702708275422e-01
1.997875745425457694e+01 9.410181605245855341e-01
2.002875745425457410e+01 1.009663862204190687e+00
2.007875745425457126e+01 9.721723168015632410e-01
2.012875745425456842e+01 9.671809218264938446e-01
2.017875745425457268e+01 9.912125257233163067e-01
2.022875745425457694e+01 9.551791406504844817e-01
2.027875745425457410e+01 9.227070317677300570e-01
2.032875745425457126e+01 9.617128205897605975e-01
2.037875745425456842e+01 9.965404192360307611e-01
2.042875745425457268e+01 9.551510991056808564e-01
2.047875745425457694e+01 9.656666784070906395e-01
2.052875745425457410e+01 9.630307731955373152e-01
2.057875745425457126e+01 9.762663823429122978e-01
2.062875745425456842e+01 9.908479856408674014e-01
2.067875745425457268e+01 9.715834443606841120e-01
2.072875745425457694e+01 9.946616357341787618e-01
2.077875745425457410e+01 9.860809230242282286e-01
2.082875745425457126e+01 9.770795871422212064e-01
2.087875745425456842e+01 9.628905654715185225e-01
2.092875745425457268e+01 9.912405672681201541e-01
2.097875745425457694e+01 9.864174215618732866e-01
2.102875745425457410e+01 9.634513963675938042e-01
2.107875745425457126e+01 1.004195760967457218e+00
2.112875745425456842e+01 9.923061459706629117e-01
2.117875745425457268e+01 9.794631184505407928e-01
2.122875745425457694e+01 9.870623770923598883e-01
2.127875745425457410e+01 9.855200921281530579e-01
2.132875745425457126e+01 9.718358182639180720e-01
2.137875745425456842e+01 9.367278041696102120e-01
2.142875745425457268e+01 9.378775075065642897e-01
2.147875745425457694e+01 9.559643039049897650e-01
2.152875745425457410e+01 9.639281026292576549e-01
2.157875745425457126e+01 9.784536228376056188e-01
2.162875745425456842e+01 9.733220201385173187e-01
2.167875745425457268e+01 9.560764700842048214e-01
2.172875745425457694e+01 9.450281014315232708e-01
2.177875745425457410e+01 9.486454607112082549e-01
2.182875745425457126e+01 9.617128205897605975e-01
2.187875745425456842e+01 9.633672717331824842e-01
2.192875745425457268e+01 9.916331488953727957e-01
2.197875745425457694e+01 9.696485777692247510e-01
2.202875745425457410e+01 9.811736526835701522e-01
2.207875745425457126e+01 9.553193483745031633e-01
2.212875745425456842e+01 9.485332945319934206e-01
2.217875745425457268e+01 9.555997638225409707e-01
2.222875745425457694e+01 9.791266199128956238e-01
2.227875745425457410e+01 9.638439779948464459e-01
2.232875745425457126e+01 9.871745432715749446e-01
2.237875745425456842e+01 1.034312380086695793e+00
2.242875745425457268e+01 1.004448134870691067e+00
2.247875745425457694e+01 9.997091137988556309e-01
2.252875745425457410e+01 9.786779551960356205e-01
2.257875745425457126e+01 9.724527322496008264e-01
2.262875745425456842e+01 1.022815346717154350e+00
2.267875745425457268e+01 9.744156403858640347e-01
2.272875745425457694e+01 1.033162676749741715e+00
2.277875745425457410e+01 1.009776028383405633e+00
2.282875745425457126e+01 9.832767685438521532e-01
2.287875745425456842e+01 1.012299767415744123e+00
2.292875745425457268e+01 1.007672912523123632e+00
2.297875745425457694e+01 1.022927512896369073e+00
2.302875745425457410e+01 9.637598533604351259e-01
2.307875745425457126e+01 9.909040687304749850e-01
2.312875745425457552e+01 1.006214752193328010e+00
2.317875745425457268e+01 1.008794574315273973e+00
2.322875745425457694e+01 1.013000806035837975e+00
2.327875745425457410e+01 9.689475391491307876e-01
2.332875745425457126e+01 9.778647503967264898e-01
2.337875745425457552e+01 9.622175683962281845e-01
2.342875745425457268e+01 9.968769177736758191e-01
2.347875745425457694e+01 9.462338878580850432e-01
2.352875745425457410e+01 9.370082196176479084e-01
2.357875745425457126e+01 9.289322547141648512e-01
2.362875745425457552e+01 9.271936789363317555e-01
2.367875745425457268e+01 9.440186058185878748e-01
2.372875745425457694e+01 9.516459060052107066e-01
2.377875745425457410e+01 9.097798796131966181e-01
2.382875745425457126e+01 9.149956069466960162e-01
2.387875745425457552e+01 9.280629668252483588e-01
2.392875745425457268e+01 9.401208310908653054e-01
2.397875745425457694e+01 9.483930868079744059e-01
2.402875745425457410e+01 9.515337398259955393e-01
2.407875745425457126e+01 9.368119288040215320e-01
2.412875745425457552e+01 9.623577761202470882e-01
2.417875745425457268e+01 9.438223150049616095e-01
2.422875745425457694e+01 9.471873003814128555e-01
2.427875745425457410e+01 9.362230563631425140e-01
2.432875745425457126e+01 9.649656397869967872e-01
2.437875745425457552e+01 9.623858176650508245e-01
2.442875745425457268e+01 9.451683091555420635e-01
2.447875745425457694e+01 9.658629692207171269e-01
2.452875745425457410e+01 9.666200909304187849e-01
2.457875745425457126e+01 9.916611904401764210e-01
2.462875745425457552e+01 9.280349252804445115e-01
2.467875745425457268e+01 9.891094098630343057e-01
2.472875745425457694e+01 9.563849270770462541e-01
2.477875745425457410e+01 9.910723179992975140e-01
2.482875745425457126e+01 9.855481336729566832e-01
2.487875745425457552e+01 1.000073653881304647e+00
2.492875745425457268e+01 9.994567398956217819e-01
2.497875745425457694e+01 1.024890421032632393e+00
2.502875745425457410e+01 1.027554367788989564e+00
2.507875745425457126e+01 1.059325438051649915e+00
2.512875745425457552e+01 1.004784633408336125e+00
2.517875745425457268e+01 1.027638492423400773e+00
2.522875745425457694e+01 1.008233743419198802e+00
2.527875745425457410e+01 1.018721281175805293e+00
2.532875745425457126e+01 1.065466536363673278e+00
2.537875745425457552e+01 1.003270389988933253e+00
2.542875745425457268e+01 1.066952738238272858e+00
2.547875745425457694e+01 1.044687751664087116e+00
2.552875745425457410e+01 1.032405555040040168e+00
2.557875745425457126e+01 1.083637457396509962e+00
2.562875745425457552e+01 1.050632559162484325e+00
2.567875745425457268e+01 1.070261640525116631e+00
2.572875745425457694e+01 1.030442646903777071e+00
2.577875745425457410e+01 1.030526771538188280e+00
2.582875745425457126e+01 1.067597693768759015e+00
2.587875745425457552e+01 1.086049030249633507e+00
2.592875745425457268e+01 1.019674693699132995e+00
2.597875745425457694e+01 1.028872320394766282e+00
2.602875745425457410e+01 1.027273952340951979e+00
2.607875745425457126e+01 1.023264011434014353e+00
2.612875745425457552e+01 1.012860598311819293e+00
2.617875745425457268e+01 9.989800336339580422e-01
2.622875745425457694e+01 1.014795464903278877e+00
2.627875745425457410e+01 9.449439767971119508e-01
2.632875745425457126e+01 9.679100019913916553e-01
2.637875745425457552e+01 1.009607779114583215e+00
2.642875745425457268e+01 9.405694958077254197e-01
2.647875745425457694e+01 9.558240961809709724e-01
2.652875745425457410e+01 9.947738019133939291e-01
2.657875745425457126e+01 9.271375958467242828e-01
2.662875745425457552e+01 9.399245402772389291e-01
2.667875745425457268e+01 9.363913056319650430e-01
2.672875745425457694e+01 9.243614829111519438e-01
2.677875745425457410e+01 9.378494659617606644e-01
2.682875745425457126e+01 9.310634121192506996e-01
2.687875745425457552e+01 9.047884846381273327e-01
2.692875745425457268e+01 8.871503529565621937e-01
2.697875745425457694e+01 8.730454559202707188e-01
2.702875745425457410e+01 9.065270604159604284e-01
2.707875745425457126e+01 9.149395238570885436e-01
2.712875745425457552e+01 8.814298778165950976e-01
2.717875745425457268e+01 8.893095519064517784e-01
2.722875745425457694e+01 8.859726080748042687e-01
2.727875745425457410e+01 8.822991657055117010e-01
2.732875745425457126e+01 8.612680071026913575e-01
2.737875745425457552e+01 8.578469386366327498e-01
2.742875745425457268e+01 8.559961966795845978e-01
2.747875745425457694e+01 8.693159304613706784e-01
2.752875745425457410e+01 8.807849222861087179e-01
2.757875745425457126e+01 8.370681539370463664e-01
2.762875745425457552e+01 8.951702347704375562e-01
2.767875745425457268e+01 8.742792838916362275e-01
2.772875745425457694e+01 9.401488726356690417e-01
2.777875745425457410e+01 9.631709809195561078e-01
2.782875745425457126e+01 9.449159352523083255e-01
2.787875745425457552e+01 9.674893788193351662e-01
2.792875745425457268e+01 1.010336859279481025e+00
2.797875745425457694e+01 1.033667424556209413e+00
2.802875745425457410e+01 1.043033300520665341e+00
2.807875745425457126e+01 1.096564609551043290e+00
2.812875745425457552e+01 1.117399477340237590e+00
2.817875745425457268e+01 1.129513424695461676e+00
2.822875745425457694e+01 1.203963726149445357e+00
2.827875745425457410e+01 1.206823963719428683e+00
2.832875745425457126e+01 1.235538505598479331e+00
2.837875745425457552e+01 1.220872777666112796e+00
2.842875745425457268e+01 1.261617142265976321e+00
2.847875745425457694e+01 1.273086134090714028e+00
2.852875745425457410e+01 1.262093848527640283e+00
2.857875745425457126e+01 1.335758986727118236e+00
2.862875745425457552e+01 1.336375900712800879e+00
2.867875745425457268e+01 1.321149341884359174e+00
2.872875745425457694e+01 1.362258246566671716e+00
2.877875745425457410e+01 1.359902756803155643e+00
2.882875745425457126e+01 1.415368932424993620e+00
2.887875745425457552e+01 1.416126054134695167e+00
2.892875745425457268e+01 1.463544306397853489e+00
2.897875745425457694e+01 1.490996978760734670e+00
2.902875745425457410e+01 1.513177840700509202e+00
2.907875745425457126e+01 1.439148162418582233e+00
2.912875745425457552e+01 1.444251723572866686e+00
2.917875745425457268e+01 1.442008399988565559e+00
2.922875745425457694e+01 1.348573972702436841e+00
2.927875745425457410e+01 1.241118773014427301e+00
2.932875745425457126e+01 1.161536868861355876e+00
2.937875745425457552e+01 1.049595022004745193e+00
2.942875745425457268e+01 1.027834783237027150e+00
2.947875745425457694e+01 8.895619258096855164e-01
2.952875745425457410e+01 8.612680071026913575e-01
2.957875745425457126e+01 8.007823949609805814e-01
2.962875745425457552e+01 7.097595405279750747e-01
2.967875745425457268e+01 7.151715586751007381e-01
2.972875745425457694e+01 6.942806077962992983e-01
2.977875745425457410e+01 6.694638406449715529e-01
2.982875745425457126e+01 6.540690325477072076e-01
2.987875745425457552e+01 6.919812011223911430e-01
2.992875745425457268e+01 6.739224462687694039e-01
2.997875745425457694e+01 7.208359507254603615e-01
3.002875745425457410e+01 7.379412930557539552e-01
3.007875745425457126e+01 7.698806125872369455e-01
3.012875745425457552e+01 7.842098419819583111e-01
3.017875745425457268e+01 7.950338782762098599e-01
3.022875745425457694e+01 8.281229011446468169e-01
3.027875745425457410e+01 8.176634049328443954e-01
3.032875745425457126e+01 8.368718631234201011e-01
3.037875745425457552e+01 8.337592516502028150e-01
3.042875745425457268e+01 7.988755699143250677e-01
3.047875745425457694e+01 8.157285383413848123e-01
3.052875745425457410e+01 8.046240865990959001e-01
3.057875745425457126e+01 7.457368425111994270e-01
3.062875745425457552e+01 7.082452971085718696e-01
3.067875745425457268e+01 7.243411438259301782e-01
3.072875745425457694e+01 7.460452995040407487e-01
3.077875745425457410e+01 6.937197769002241277e-01
3.082875745425457126e+01 7.266685920446424030e-01
3.087875745425457552e+01 7.334546458871524788e-01
3.092875745425457268e+01 8.222341767358571918e-01
3.097875745425457694e+01 9.023488702402000516e-01
3.102875745425457410e+01 9.760700915292858104e-01
3.107875745425457126e+01 1.079711641123983545e+00
3.112875745425457552e+01 1.178754377370864859e+00
3.117875745425457268e+01 1.150039835491814211e+00
3.122875745425457694e+01 1.161985533578216101e+00
3.127875745425457410e+01 1.179988205342230145e+00
3.132875745425457126e+01 1.144739983523903382e+00
3.137875745425457552e+01 1.179146958998117611e+00
3.142875745425457268e+01 1.251438061502211152e+00
3.147875745425457694e+01 1.353312993774272055e+00
3.152875745425457410e+01 1.570214342831357524e+00
3.157875745425457126e+01 1.749007232500132680e+00
3.162875745425457552e+01 1.768748480041979931e+00
3.167875745425457268e+01 1.830552044789467425e+00
3.172875745425457694e+01 1.745754413302896602e+00
3.177875745425457410e+01 1.533115379055982608e+00
3.182875745425457126e+01 1.426052760995226487e+00
3.187875745425457552e+01 1.407068635163080561e+00
3.192875745425457268e+01 1.717460494595902443e+00
3.197875745425457694e+01 2.332467655231971637e+00
3.202875745425457410e+01 3.164039666387481020e+00
3.207875745425457126e+01 3.959353960111728465e+00
3.212875745425457552e+01 4.525484708154843716e+00
3.217875745425457268e+01 4.373134995236014788e+00
3.222875745425457694e+01 3.574764173128156308e+00
3.227875745425457410e+01 2.494716033466528593e+00
3.232875745425457126e+01 1.551090009275193138e+00
3.237875745425457552e+01 8.257113282915236052e-01
3.242875745425457268e+01 3.779158993202765826e-01
3.247875745425457694e+01 1.681651441881500952e-01
3.252875745425457410e+01 7.888086553297751768e-02
3.257875745425457126e+01 4.234273265367793915e-02
3.262875745425457552e+01 2.638709366033836767e-02
3.267875745425457268e+01 1.988145526586599515e-02
3.272875745425457694e+01 1.458160329795531521e-02
3.277875745425457410e+01 1.012299767415744157e-02
3.282875745425457126e+01 5.832641319182126430e-03
3.287875745425457552e+01 4.009940906937712463e-03
3.292875745425457268e+01 2.187240494693297194e-03
3.297875745425457694e+01 8.412463441128066382e-04
3.302875745425457410e+01 3.084569928413624304e-04
3.307875745425457126e+01 2.804154480376022489e-04
3.312875745425457552e+01 1.962908136263215959e-04
3.317875745425457268e+01 1.682492688225613602e-04
3.322875745425457694e+01 2.804154480376022218e-05
3.327875745425457410e+01 2.804154480376022218e-05
3.332875745425457126e+01 0.000000000000000000e+00
3.337875745425457552e+01 0.000000000000000000e+00
3.342875745425457268e+01 0.000000000000000000e+00
3.347875745425457694e+01 0.000000000000000000e+00
3.352875745425457410e+01 0.000000000000000000e+00
3.357875745425457126e+01 0.000000000000000000e+00
3.362875745425457552e+01 0.000000000000000000e+00
3.367875745425457268e+01 0.000000000000000000e+00
3.372875745425457694e+01 0.000000000000000000e+00
3.377875745425457410e+01 0.000000000000000000e+00
3.382875745425457126e+01 0.000000000000000000e+00
3.387875745425457552e+01 0.000000000000000000e+00
3.392875745425457268e+01 0.000000000000000000e+00
3.397875745425457694e+01 0.000000000000000000e+00
3.402875745425457410e+01 0.000000000000000000e+00
3.407875745425457126e+01 0.000000000000000000e+00
3.412875745425457552e+01 0.000000000000000000e+00
3.417875745425457268e+01 0.000000000000000000e+00
3.422875745425457694e+01 0.000000000000000000e+00
3.427875745425457410e+01 0.000000000000000000e+00
3.432875745425457126e+01 0.000000000000000000e+00
3.437875745425457552e+01 0.000000000000000000e+00
3.442875745425457268e+01 0.000000000000000000e+00
3.447875745425457694e+01 0.000000000000000000e+00
3.452875745425457410e+01 0.000000000000000000e+00
3.457875745425457126e+01 0.000000000000000000e+00
3.462875745425457552e+01 0.000000000000000000e+00
