-8.249217908918215159e+00 0.000000000000000000e+00
-8.199217908918216224e+00 4.343395425659490812e-05
-8.149217908918215514e+00 0.000000000000000000e+00
-8.099217908918214803e+00 0.000000000000000000e+00
-8.049217908918215869e+00 0.000000000000000000e+00
-7.999217908918215159e+00 0.000000000000000000e+00
-7.949217908918215336e+00 0.000000000000000000e+00
-7.899217908918215514e+00 0.000000000000000000e+00
-7.849217908918215691e+00 0.000000000000000000e+00
-7.799217908918215869e+00 0.000000000000000000e+00
-7.749217908918215159e+00 0.000000000000000000e+00
-7.699217908918215336e+00 0.000000000000000000e+00
-7.649217908918215514e+00 0.000000000000000000e+00
-7.599217908918215691e+00 0.000000000000000000e+00
-7.549217908918215869e+00 0.000000000000000000e+00
-7.499217908918215159e+00 0.000000000000000000e+00
-7.449217908918215336e+00 0.000000000000000000e+00
-7.399217908918215514e+00 0.000000000000000000e+00
-7.349217908918215691e+00 0.000000000000000000e+00
-7.299217908918215869e+00 0.000000000000000000e+00
-7.249217908918215159e+00 0.000000000000000000e+00
-7.199217908918215336e+00 0.000000000000000000e+00
-7.149217908918215514e+00 0.000000000000000000e+00
-7.099217908918214803e+00 0.000000000000000000e+00
-7.049217908918215869e+00 0.000000000000000000e+00
-6.999217908918215159e+00 0.000000000000000000e+00
-6.949217908918215336e+00 0.000000000000000000e+00
-6.899217908918215514e+00 0.000000000000000000e+00
-6.849217908918214803e+00 0.000000000000000000e+00
-6.799217908918215869e+00 0.000000000000000000e+00
-6.749217908918215159e+00 0.000000000000000000e+00
-6.699217908918215336e+00 0.000000000000000000e+00
-6.649217908918215514e+00 0.000000000000000000e+00
-6.599217908918214803e+00 0.000000000000000000e+00
-6.549217908918215869e+00 0.000000000000000000e+00
-6.499217908918215159e+00 0.000000000000000000e+00
-6.449217908918215336e+00 0.000000000000000000e+00
-6.399217908918215514e+00 0.000000000000000000e+00
-6.349217908918214803e+00 0.000000000000000000e+00
-6.299217908918215869e+00 0.000000000000000000e+00
-6.249217908918215159e+00 0.000000000000000000e+00
-6.199217908918215336e+00 0.000000000000000000e+00
-6.149217908918215514e+00 0.000000000000000000e+00
-6.099217908918215691e+00 0.000000000000000000e+00
-6.049217908918215869e+00 0.000000000000000000e+00
-5.999217908918215159e+00 0.000000000000000000e+00
-5.949217908918215336e+00 0.000000000000000000e+00
-5.899217908918215514e+00 0.000000000000000000e+00
-5.849217908918214803e+00 0.000000000000000000e+00
-5.799217908918215869e+00 0.000000000000000000e+00
-5.749217908918215159e+00 0.000000000000000000e+00
-5.699217908918215336e+00 0.000000000000000000e+00
-5.649217908918215514e+00 0.000000000000000000e+00
-5.599217908918214803e+00 0.000000000000000000e+00
-5.549217908918215869e+00 0.000000000000000000e+00
-5.499217908918215159e+00 0.000000000000000000e+00
-5.449217908918215336e+00 0.000000000000000000e+00
-5.399217908918215514e+00 0.000000000000000000e+00
-5.349217908918214803e+00 0.000000000000000000e+00
-5.299217908918215869e+00 0.000000000000000000e+00
-5.249217908918215159e+00 0.000000000000000000e+00
-5.199217908918215336e+00 0.000000000000000000e+00
-5.149217908918215514e+00 0.000000000000000000e+00
-5.099217908918214803e+00 0.000000000000000000e+00
-5.049217908918215869e+00 0.000000000000000000e+00
-4.999217908918215159e+00 0.000000000000000000e+00
-4.949217908918215336e+00 0.000000000000000000e+00
-4.899217908918215514e+00 0.000000000000000000e+00
-4.849217908918214803e+00 0.000000000000000000e+00
-4.799217908918215869e+00 0.000000000000000000e+00
-4.749217908918215159e+00 0.000000000000000000e+00
-4.699217908918215336e+00 0.000000000000000000e+00
-4.649217908918215514e+00 0.000000000000000000e+00
-4.599217908918214803e+00 0.000000000000000000e+00
-4.549217908918215869e+00 0.000000000000000000e+00
-4.499217908918215159e+00 0.000000000000000000e+00
-4.449217908918215336e+00 0.000000000000000000e+00
-4.399217908918215514e+00 0.000000000000000000e+00
-4.349217908918214803e+00 0.000000000000000000e+00
-4.299217908918215869e+00 0.000000000000000000e+00
-4.249217908918215159e+00 0.000000000000000000e+00
-4.199217908918215336e+00 0.000000000000000000e+00
-4.149217908918215514e+00 0.000000000000000000e+00
-4.099217908918214803e+00 0.000000000000000000e+00
-4.049217908918215869e+00 0.000000000000000000e+00
-3.999217908918215159e+00 0.000000000000000000e+00
-3.949217908918215336e+00 0.000000000000000000e+00
-3.899217908918215514e+00 0.000000000000000000e+00
-3.849217908918214803e+00 0.000000000000000000e+00
-3.799217908918215869e+00 0.000000000000000000e+00
-3.749217908918215159e+00 0.000000000000000000e+00
-3.699217908918215336e+00 0.000000000000000000e+00
-3.649217908918215514e+00 0.000000000000000000e+00
-3.599217908918214803e+00 0.000000000000000000e+00
-3.549217908918215869e+00 0.000000000000000000e+00
-3.499217908918215159e+00 0.000000000000000000e+00
-3.449217908918214448e+00 0.000000000000000000e+00
-3.399217908918215514e+00 0.000000000000000000e+00
-3.349217908918214803e+00 0.000000000000000000e+00
-3.299217908918215869e+00 0.000000000000000000e+00
-3.249217908918215159e+00 0.000000000000000000e+00
-3.199217908918214448e+00 0.000000000000000000e+00
-3.149217908918215514e+00 0.000000000000000000e+00
-3.099217908918214803e+00 0.000000000000000000e+00
-3.049217908918215869e+00 0.000000000000000000e+00
-2.999217908918215159e+00 0.000000000000000000e+00
-2.949217908918214448e+00 0.000000000000000000e+00
-2.899217908918215514e+00 0.000000000000000000e+00
-2.849217908918214803e+00 0.000000000000000000e+00
-2.799217908918215869e+00 0.000000000000000000e+00
-2.749217908918215159e+00 0.000000000000000000e+00
-2.699217908918214448e+00 0.000000000000000000e+00
-2.649217908918215514e+00 0.000000000000000000e+00
-2.599217908918214803e+00 0.000000000000000000e+00
-2.549217908918215869e+00 0.000000000000000000e+00
-2.499217908918215159e+00 0.000000000000000000e+00
-2.449217908918214448e+00 0.000000000000000000e+00
-2.399217908918215514e+00 0.000000000000000000e+00
-2.349217908918214803e+00 0.000000000000000000e+00
-2.299217908918215869e+00 0.000000000000000000e+00
-2.249217908918215159e+00 0.000000000000000000e+00
-2.199217908918214448e+00 0.000000000000000000e+00
-2.149217908918215514e+00 0.000000000000000000e+00
-2.099217908918214803e+00 0.000000000000000000e+00
-2.049217908918215869e+00 0.000000000000000000e+00
-1.999217908918215159e+00 0.000000000000000000e+00
-1.949217908918214448e+00 0.000000000000000000e+00
-1.899217908918215514e+00 0.000000000000000000e+00
-1.849217908918214803e+00 0.000000000000000000e+00
-1.799217908918215869e+00 0.000000000000000000e+00
-1.749217908918215159e+00 0.000000000000000000e+00
-1.699217908918214448e+00 0.000000000000000000e+00
-1.649217908918215514e+00 0.000000000000000000e+00
-1.599217908918214803e+00 0.000000000000000000e+00
-1.549217908918215869e+00 0.000000000000000000e+00
-1.499217908918215159e+00 0.000000000000000000e+00
-1.449217908918214448e+00 0.000000000000000000e+00
-1.399217908918215514e+00 0.000000000000000000e+00
-1.349217908918214803e+00 0.000000000000000000e+00
-1.299217908918215869e+00 0.000000000000000000e+00
-1.249217908918215159e+00 0.000000000000000000e+00
-1.199217908918214448e+00 0.000000000000000000e+00
-1.149217908918215514e+00 0.000000000000000000e+00
-1.099217908918214803e+00 0.000000000000000000e+00
-1.049217908918215869e+00 0.000000000000000000e+00
-9.992179089182151586e-01 0.000000000000000000e+00
-9.492179089182144480e-01 0.000000000000000000e+00
-8.992179089182155138e-01 0.000000000000000000e+00
-8.492179089182148033e-01 0.000000000000000000e+00
-7.992179089182158691e-01 0.000000000000000000e+00
-7.492179089182151586e-01 0.000000000000000000e+00
-6.992179089182144480e-01 0.000000000000000000e+00
-6.492179089182155138e-01 0.000000000000000000e+00
-5.992179089182148033e-01 0.000000000000000000e+00
-5.492179089182158691e-01 0.000000000000000000e+00
-4.992179089182151586e-01 0.000000000000000000e+00
-4.492179089182144480e-01 0.000000000000000000e+00
-3.992179089182155138e-01 0.000000000000000000e+00
-3.492179089182148033e-01 0.000000000000000000e+00
-2.992179089182158691e-01 0.000000000000000000e+00
-2.492179089182151586e-01 0.000000000000000000e+00
-1.992179089182162244e-01 0.000000000000000000e+00
-1.492179089182155138e-01 0.000000000000000000e+00
-9.921790891821480329e-02 0.000000000000000000e+00
-4.921790891821409275e-02 0.000000000000000000e+00
7.820910817848414354e-04 0.000000000000000000e+00
5.078209108178377562e-02 0.000000000000000000e+00
1.007820910817844862e-01 0.000000000000000000e+00
1.507820910817851967e-01 0.000000000000000000e+00
2.007820910817859072e-01 0.000000000000000000e+00
2.507820910817848414e-01 4.343395425659490812e-05
3.007820910817837756e-01 0.000000000000000000e+00
3.507820910817844862e-01 0.000000000000000000e+00
4.007820910817851967e-01 0.000000000000000000e+00
4.507820910817859072e-01 0.000000000000000000e+00
5.007820910817848414e-01 4.343395425659490812e-05
5.507820910817837756e-01 8.686790851318981624e-05
6.007820910817844862e-01 0.000000000000000000e+00
6.507820910817851967e-01 1.737358170263796325e-04
7.007820910817859072e-01 1.737358170263796325e-04
7.507820910817848414e-01 4.343395425659490406e-04
8.007820910817837756e-01 8.252451308753031662e-04
8.507820910817844862e-01 2.215131667086340118e-03
9.007820910817851967e-01 4.299961471402895599e-03
9.507820910817859072e-01 8.078715491726650919e-03
1.000782091081784841e+00 1.733014774838136790e-02
1.050782091081783776e+00 3.118557915623513740e-02
1.100782091081784486e+00 5.164297161109134005e-02
1.150782091081785197e+00 7.388115619046792260e-02
1.200782091081785907e+00 1.017657548232018538e-01
1.250782091081784841e+00 1.266099766579741326e-01
1.300782091081785552e+00 1.598803856185258554e-01
1.350782091081784486e+00 1.818579664723628531e-01
1.400782091081785197e+00 2.148677717073749771e-01
1.450782091081785907e+00 3.037770760706247630e-01
1.500782091081784841e+00 5.612101229494627086e-01
1.550782091081785552e+00 1.145440241654920754e+00
1.600782091081784486e+00 2.335660890148390401e+00
1.650782091081785197e+00 4.107896525680232891e+00
1.700782091081785907e+00 5.812592362343069752e+00
1.750782091081784841e+00 7.073306318594991815e+00
1.800782091081785552e+00 6.973712261484621422e+00
1.850782091081784486e+00 5.788269347959376532e+00
1.900782091081785197e+00 4.363505346480293312e+00
1.950782091081785907e+00 2.724829120287481032e+00
2.000782091081784841e+00 1.646754941684539286e+00
2.050782091081785552e+00 9.047292671648716755e-01
2.100782091081784486e+00 4.817694206141506785e-01
2.150782091081785197e+00 2.495715011583943266e-01
2.200782091081785907e+00 1.505855194076144987e-01
2.250782091081784841e+00 9.512035982194283479e-02
2.300782091081785552e+00 6.384791275719450820e-02
2.350782091081784486e+00 6.211055458693071074e-02
2.400782091081785197e+00 7.809424975335763075e-02
2.450782091081785907e+00 9.763952916882534527e-02
2.500782091081784841e+00 1.314745795347127821e-01
2.550782091081785552e+00 1.518016701267991819e-01
2.600782091081784486e+00 1.691752518294371566e-01
2.650782091081785197e+00 1.633116680047968505e-01
2.700782091081785907e+00 1.395967289806959999e-01
2.750782091081784841e+00 1.173151104470628175e-01
2.800782091081785552e+00 8.361036194394519394e-02
2.850782091081784486e+00 6.449942207104342184e-02
2.900782091081785197e+00 5.637727262506019021e-02
2.950782091081785907e+00 5.364093350689470852e-02
3.000782091081784841e+00 5.711564984742228956e-02
3.050782091081785552e+00 6.645395001259020440e-02
3.100782091081784486e+00 7.444579759580365053e-02
3.150782091081785197e+00 9.025575694520419912e-02
3.200782091081785907e+00 1.001152645614512698e-01
3.250782091081784841e+00 1.319523530315353244e-01
3.300782091081785552e+00 1.432017471839933942e-01
3.350782091081784486e+00 1.874609465714635881e-01
3.400782091081785197e+00 2.503967462892696672e-01
3.450782091081785907e+00 3.063396793717638733e-01
3.500782091081784841e+00 4.351647876968242623e-01
3.550782091081785552e+00 5.030086242456255352e-01
3.600782091081784486e+00 6.234944133534198185e-01
3.650782091081785197e+00 8.081755868524613806e-01
3.700782091081785907e+00 1.001804154928361390e+00
3.750782091081784841e+00 1.180795480419789101e+00
3.800782091081785552e+00 1.419161021379981902e+00
3.850782091081784486e+00 1.764851863308220636e+00
3.900782091081785197e+00 2.065936034214936434e+00
3.950782091081785907e+00 2.420791440491316671e+00
4.000782091081784841e+00 2.606167557258464385e+00
4.050782091081785552e+00 2.782335675723212720e+00
4.100782091081784486e+00 2.871722753583285215e+00
4.150782091081785197e+00 2.797624427621534515e+00
4.200782091081785907e+00 2.634964268930586329e+00
4.250782091081784841e+00 2.401767368526928514e+00
4.300782091081785552e+00 2.162837186161399305e+00
4.350782091081784486e+00 1.884599275193652668e+00
4.400782091081785197e+00 1.594503894713855452e+00
4.450782091081785907e+00 1.381373481176744189e+00
4.500782091081784841e+00 1.163117861037355150e+00
4.550782091081785552e+00 1.052361277683037777e+00
4.600782091081784486e+00 9.244048484431093282e-01
4.650782091081785197e+00 8.382753171522816515e-01
4.700782091081785907e+00 7.375954111854945427e-01
4.750782091081784841e+00 7.266066207585761827e-01
4.800782091081785552e+00 6.975927393151706291e-01
4.850782091081784486e+00 6.532466720191874021e-01
4.900782091081785197e+00 6.829120627764416751e-01
4.950782091081785907e+00 7.178763959530005678e-01
5.000782091081784841e+00 6.924675327128925195e-01
5.050782091081785552e+00 6.991563616684082216e-01
5.100782091081784486e+00 7.022401724206263074e-01
5.150782091081785197e+00 7.371176376886721116e-01
5.200782091081785907e+00 7.610931804383124222e-01
5.250782091081784841e+00 7.320792989949069796e-01
5.300782091081785552e+00 7.307762803672092078e-01
5.350782091081784486e+00 7.613103502095953656e-01
5.400782091081785197e+00 7.930171368169097734e-01
5.450782091081785907e+00 8.026594746618738174e-01
5.500782091081784841e+00 7.993150601841159109e-01
5.550782091081785552e+00 8.389702604203872482e-01
5.600782091081784486e+00 8.108250580621136905e-01
5.650782091081785197e+00 8.268087532285405272e-01
5.700782091081785907e+00 8.158199628016221672e-01
5.750782091081784841e+00 9.006899094190085053e-01
5.800782091081785552e+00 8.405338827736246188e-01
5.850782091081784486e+00 8.491772396706869230e-01
5.900782091081785197e+00 8.800153471928693349e-01
5.950782091081785907e+00 9.202786227887327364e-01
6.000782091081784841e+00 8.787991964736846517e-01
6.050782091081785552e+00 9.323532620720663688e-01
6.100782091081784486e+00 9.315714508954474615e-01
6.150782091081785197e+00 9.238402070377735864e-01
6.200782091081785907e+00 9.313108471699078628e-01
6.250782091081784841e+00 1.019612076173565418e+00
6.300782091081785552e+00 9.936385715281215170e-01
6.350782091081784486e+00 1.019872679899104906e+00
6.400782091081785197e+00 1.117164737433877564e+00
6.450782091081785907e+00 1.059962219677942130e+00
6.500782091081784841e+00 1.007146531301922554e+00
6.550782091081785552e+00 1.105741607464393095e+00
6.600782091081784486e+00 1.093406364455520086e+00
6.650782091081785197e+00 1.063654105789752613e+00
6.700782091081785907e+00 1.005496041040171873e+00
6.750782091081784841e+00 9.989809479016829030e-01
6.800782091081785552e+00 9.935082696653518841e-01
6.850782091081784486e+00 9.534621638407713151e-01
6.900782091081785197e+00 9.073787383745242074e-01
6.950782091081785907e+00 8.935233069666702610e-01
7.000782091081784841e+00 8.724144051979653147e-01
7.050782091081785552e+00 8.573862570251833404e-01
7.100782091081784486e+00 8.630326710785406474e-01
7.150782091081785197e+00 9.045989653021020427e-01
7.200782091081785907e+00 9.243179805345960176e-01
7.250782091081784841e+00 9.076827760543203505e-01
7.300782091081785552e+00 8.972151930784809659e-01
7.350782091081784486e+00 9.240139428547998746e-01
7.400782091081785197e+00 1.001282947477282192e+00
7.450782091081785907e+00 9.838224978661312958e-01
7.500782091081784841e+00 1.026908980488673295e+00
7.550782091081785552e+00 1.053229956768169773e+00
7.600782091081784486e+00 1.081983234486035617e+00
7.650782091081785197e+00 1.148176580773086153e+00
7.700782091081785907e+00 1.095056854717270767e+00
7.750782091081783065e+00 1.171326878391851345e+00
7.800782091081787328e+00 1.161206767050064537e+00
7.850782091081784486e+00 1.155473485088194474e+00
7.900782091081785197e+00 1.169719822084357430e+00
7.950782091081785907e+00 1.171066274666311635e+00
8.000782091081783065e+00 1.193347893199945053e+00
8.050782091081787328e+00 1.137057488483397938e+00
8.100782091081784486e+00 1.134668620999285116e+00
8.150782091081785197e+00 1.153953296689213426e+00
8.200782091081785907e+00 1.109476927530460122e+00
8.250782091081783065e+00 1.042805807746586932e+00
8.300782091081787328e+00 1.056444069383157602e+00
8.350782091081784486e+00 1.111648625243290223e+00
8.400782091081785197e+00 1.042328034249764501e+00
8.450782091081785907e+00 1.008145512249824183e+00
8.500782091081783065e+00 1.014182831891490943e+00
8.550782091081787328e+00 9.989375139474261367e-01
8.600782091081784486e+00 1.016875737055400020e+00
8.650782091081785197e+00 1.004757663817809732e+00
8.700782091081785907e+00 9.551995220110349738e-01
8.750782091081783065e+00 9.276623950123539242e-01
8.800782091081787328e+00 9.518985414875338336e-01
8.850782091081784486e+00 9.296169229539006373e-01
8.900782091081785197e+00 9.247088861229055823e-01
8.950782091081785907e+00 8.982576079806392499e-01
9.000782091081783065e+00 8.656821422881931793e-01
9.050782091081787328e+00 9.100716435384328395e-01
9.100782091081784486e+00 9.032090787658909603e-01
9.150782091081785197e+00 8.812749318663105624e-01
9.200782091081785907e+00 8.776699136630130571e-01
9.250782091081783065e+00 8.842284407557590153e-01
9.300782091081787328e+00 8.764103289895718296e-01
9.350782091081784486e+00 8.538246727761424903e-01
9.400782091081785197e+00 8.445298065652312447e-01
9.450782091081785907e+00 9.064231913808791230e-01
9.500782091081783065e+00 8.753679140874135456e-01
9.550782091081787328e+00 9.163695669056391990e-01
9.600782091081784486e+00 9.101150774926896059e-01
9.650782091081785197e+00 8.881809305931092080e-01
9.700782091081785907e+00 9.290522815485648955e-01
9.750782091081783065e+00 9.159352273630732011e-01
9.800782091081787328e+00 9.334825448827376304e-01
9.850782091081784486e+00 9.258816028878334992e-01
9.900782091081785197e+00 9.295734889996442041e-01
9.950782091081785907e+00 9.929436282600161423e-01
1.000078209108178307e+01 1.012619209538253573e+00
1.005078209108178733e+01 9.856032899906517208e-01
1.010078209108178449e+01 9.848214788140329246e-01
1.015078209108178520e+01 9.935082696653518841e-01
1.020078209108178591e+01 1.029297847972786117e+00
1.025078209108178307e+01 1.047279505035016101e+00
1.030078209108178733e+01 9.750488391062989146e-01
1.035078209108178449e+01 1.041198751439092796e+00
1.040078209108178520e+01 9.978082311367547641e-01
1.045078209108178591e+01 1.013227284897845859e+00
1.050078209108178307e+01 1.049928976244668632e+00
1.055078209108178733e+01 1.003671814961395015e+00
1.060078209108178449e+01 9.828669508724861004e-01
1.065078209108178520e+01 1.000414268392150419e+00
1.070078209108178591e+01 9.952021938813588875e-01
1.075078209108178307e+01 9.572843518153517639e-01
1.080078209108178733e+01 9.502914851800399187e-01
1.085078209108178449e+01 9.531146922067185168e-01
1.090078209108178875e+01 9.856032899906517208e-01
1.095078209108178591e+01 9.757003484201477450e-01
1.100078209108178307e+01 9.747013674722461163e-01
1.105078209108178733e+01 9.895992137822582357e-01
1.110078209108178449e+01 9.945506845675100571e-01
1.115078209108178875e+01 9.872537802524021799e-01
1.120078209108178591e+01 1.024085773461994364e+00
1.125078209108178307e+01 9.469470707022820122e-01
1.130078209108178733e+01 9.900335533248241227e-01
1.135078209108178449e+01 1.002672834013493386e+00
1.140078209108178875e+01 1.011055587185016202e+00
1.145078209108178591e+01 9.886002328343567180e-01
1.150078209108178307e+01 9.999364948953277654e-01
1.155078209108178733e+01 1.063523803926982758e+00
1.160078209108178449e+01 9.997193251240449330e-01
1.165078209108178875e+01 1.011185889047785835e+00
1.170078209108178591e+01 1.028472602841910666e+00
1.175078209108178307e+01 1.009144493197726034e+00
1.180078209108178733e+01 9.993718534899921346e-01
1.185078209108178449e+01 1.022739320880040381e+00
1.190078209108178875e+01 9.958971371494645952e-01
1.195078209108178591e+01 9.968961180973661129e-01
1.200078209108178307e+01 1.000631438163433362e+00
1.205078209108178733e+01 1.026908980488673295e+00
1.210078209108178449e+01 9.836487620491046746e-01
1.215078209108178875e+01 1.042979543563613332e+00
1.220078209108178591e+01 1.014790907251083230e+00
1.225078209108178307e+01 1.001326381431538959e+00
1.230078209108178733e+01 9.846477429970064144e-01
1.235078209108178449e+01 9.860376295332174967e-01
1.240078209108178875e+01 9.665792180262628985e-01
1.245078209108178591e+01 9.994587213985052232e-01
1.250078209108178307e+01 1.021827207840651619e+00
1.255078209108178733e+01 9.457743539373539843e-01
1.260078209108178449e+01 9.922052510376540013e-01
1.265078209108178875e+01 9.861679313959871296e-01
1.270078209108178591e+01 9.570237480898120541e-01
1.275078209108178307e+01 9.839093657746442734e-01
1.280078209108178733e+01 9.468167688395123793e-01
1.285078209108178449e+01 9.665792180262628985e-01
1.290078209108178875e+01 9.552863899195483954e-01
1.295078209108178591e+01 1.020393887350184103e+00
1.300078209108178307e+01 9.521591452130734323e-01
1.305078209108178733e+01 9.132857561534211133e-01
1.310078209108178449e+01 9.056413802042604377e-01
1.315078209108178875e+01 9.305724699475459438e-01
1.320078209108178591e+01 8.715022921585767746e-01
1.325078209108178307e+01 9.252300935739845578e-01
1.330078209108178733e+01 9.134594919704474014e-01
1.335078209108178449e+01 9.217553772334570183e-01
1.340078209108178875e+01 9.250563577569581586e-01
1.345078209108178591e+01 9.145019068726056855e-01
1.350078209108178307e+01 9.274017912868143254e-01
1.355078209108178733e+01 9.134160580161907461e-01
1.360078209108178449e+01 9.313108471699078628e-01
1.365078209108178875e+01 9.161089631800996003e-01
1.370078209108178591e+01 9.024707015435289303e-01
1.375078209108178307e+01 9.017323243211667894e-01
1.380078209108178733e+01 9.081605495511428927e-01
1.385078209108178449e+01 9.237099051750039536e-01
1.390078209108178875e+01 9.588045402143324791e-01
1.395078209108178591e+01 9.224937544558189373e-01
1.400078209108178307e+01 9.117655677544401760e-01
1.405078209108178733e+01 9.713569529944885428e-01
1.410078209108178449e+01 9.876012518864549783e-01
1.415078209108178875e+01 9.622358226006034743e-01
1.420078209108178591e+01 9.730943111647522015e-01
1.425078209108178307e+01 9.926830245344764325e-01
1.430078209108178733e+01 9.580661629919704492e-01
1.435078209108178449e+01 9.780457819500039118e-01
1.440078209108178875e+01 1.008623285746646836e+00
1.445078209108178591e+01 1.003454645190111849e+00
1.450078209108178307e+01 1.017918151957558193e+00
1.455078209108178733e+01 1.030904904280280032e+00
1.460078209108178449e+01 9.878618556119945771e-01
1.465078209108178875e+01 1.029037244247246408e+00
1.470078209108178591e+01 9.837356299576178742e-01
1.475078209108178307e+01 9.953324957441287424e-01
1.480078209108178733e+01 1.007841474570028151e+00
1.485078209108178449e+01 9.995890232612751891e-01
1.490078209108178875e+01 1.013444454669128802e+00
1.495078209108178591e+01 1.018439359408637390e+00
1.500078209108178307e+01 1.009578832740291920e+00
1.505078209108178733e+01 1.011229323002042602e+00
1.510078209108178449e+01 1.019004000813972910e+00
1.515078209108178875e+01 1.009318229014752211e+00
1.520078209108178591e+01 1.016528265421347221e+00
1.525078209108178307e+01 1.013487888623385347e+00
1.530078209108178733e+01 9.861679313959871296e-01
1.535078209108178449e+01 1.020915094801263301e+00
1.540078209108178875e+01 1.032598828496287036e+00
1.545078209108178591e+01 1.017700982186275249e+00
1.550078209108178307e+01 1.022044377611934562e+00
1.555078209108178733e+01 1.045324977093469387e+00
1.560078209108178449e+01 1.020784792938493446e+00
1.565078209108178875e+01 1.052100673957498289e+00
1.570078209108178591e+01 1.087803384356419434e+00
1.575078209108178307e+01 1.059136974547066679e+00
1.580078209108178733e+01 1.009448530877522066e+00
1.585078209108178449e+01 1.031773583365412028e+00
1.590078209108178875e+01 1.008188946204080949e+00
1.595078209108178591e+01 9.994152874442485679e-01
1.600078209108178129e+01 1.055010748892690309e+00
1.605078209108178555e+01 1.025692829769488723e+00
1.610078209108178271e+01 1.002499098196466765e+00
1.615078209108178697e+01 1.004670795909296865e+00
1.620078209108178413e+01 1.003411211235855527e+00
1.625078209108178129e+01 9.876446858407116336e-01
1.630078209108178555e+01 9.870800444353756697e-01
1.635078209108178271e+01 9.424299394595960777e-01
1.640078209108178697e+01 9.772639707733853376e-01
1.645078209108178413e+01 9.462521274341764155e-01
1.650078209108178129e+01 9.211907358281213876e-01
1.655078209108178555e+01 9.422127696883131343e-01
1.660078209108178271e+01 8.985616456604352820e-01
1.665078209108178697e+01 9.141978691928096534e-01
1.670078209108178413e+01 8.811446300035408186e-01
1.675078209108178129e+01 8.924808920645120880e-01
1.680078209108178555e+01 8.687225190861547208e-01
1.685078209108178271e+01 8.436176935258427045e-01
1.690078209108178697e+01 8.945222879145720007e-01
1.695078209108178413e+01 8.542155783644520550e-01
1.700078209108178129e+01 8.713719902958070307e-01
1.705078209108178555e+01 8.664639534648116426e-01
1.710078209108178271e+01 8.677669720925095254e-01
1.715078209108178697e+01 8.712416884330371758e-01
1.720078209108178413e+01 8.421843730353751889e-01
1.725078209108178129e+01 8.424015428066580213e-01
1.730078209108178555e+01 8.403601469565981086e-01
1.735078209108178271e+01 9.046423992563588090e-01
1.740078209108178697e+01 8.744558010480252275e-01
1.745078209108178413e+01 8.879637608218261535e-01
1.750078209108178129e+01 8.737608577799196308e-01
1.755078209108178555e+01 8.502196545728452071e-01
1.760078209108178271e+01 9.024707015435289303e-01
1.765078209108178697e+01 8.867476101026415813e-01
1.770078209108178413e+01 9.413440906031812494e-01
1.775078209108178129e+01 9.359582802753635411e-01
1.780078209108178555e+01 9.340906202423299165e-01
1.785078209108178271e+01 9.992849855814789350e-01
1.790078209108178697e+01 1.047453240852042722e+00
1.795078209108178413e+01 9.809124229309393872e-01
1.800078209108178129e+01 1.018309057545867535e+00
1.805078209108178555e+01 1.075598443210316280e+00
1.810078209108178271e+01 1.071081311967630345e+00
1.815078209108178697e+01 1.090974063017150719e+00
1.820078209108178413e+01 1.108043607039992606e+00
1.825078209108178129e+01 1.124852547337294784e+00
1.830078209108178555e+01 1.147264467733697835e+00
1.835078209108178271e+01 1.158296692114872739e+00
1.840078209108178697e+01 1.135189828450364535e+00
1.845078209108178413e+01 1.141053412275004675e+00
1.850078209108178129e+01 1.116165756485975713e+00
1.855078209108178555e+01 1.184834838165652160e+00
1.860078209108178271e+01 1.171370312346108111e+00
1.865078209108178697e+01 1.147221033779441068e+00
1.870078209108178413e+01 1.230874829677642834e+00
1.875078209108178129e+01 1.153779560872186805e+00
1.880078209108178555e+01 1.128891905083158065e+00
1.885078209108178271e+01 1.078986291642330508e+00
1.890078209108178697e+01 1.118858661649884567e+00
1.895078209108178413e+01 1.043109845426383409e+00
1.900078209108178129e+01 1.006277852216790558e+00
1.905078209108178555e+01 1.002890003784776329e+00
1.910078209108178271e+01 9.322663941635529472e-01
1.915078209108178697e+01 9.187584343897520212e-01
1.920078209108178413e+01 9.900769872790806669e-01
1.925078209108178129e+01 9.810427247937090200e-01
1.930078209108178555e+01 9.047292671648716755e-01
1.935078209108178271e+01 9.282270364176896660e-01
1.940078209108178697e+01 8.956081367709868291e-01
1.945078209108178413e+01 9.102888133097158940e-01
1.950078209108178129e+01 8.953475330454473413e-01
1.955078209108178555e+01 9.760478200542006544e-01
1.960078209108178271e+01 9.366966574977255711e-01
1.965078209108178697e+01 9.515510698534811462e-01
1.970078209108178413e+01 1.001673853065591535e+00
1.975078209108178129e+01 9.597166532537210193e-01
1.980078209108178555e+01 1.033901847123984918e+00
1.985078209108178271e+01 1.034075582941011318e+00
1.990078209108178697e+01 1.056270333566131425e+00
1.995078209108178413e+01 9.824326113299199914e-01
2.000078209108178129e+01 9.986769102218864269e-01
2.005078209108178555e+01 9.920315152206273801e-01
2.010078209108178271e+01 9.571106159983251427e-01
2.015078209108178697e+01 9.384340156679894518e-01
2.020078209108178413e+01 9.884699309715867521e-01
2.025078209108178129e+01 9.244917163516225278e-01
2.030078209108178555e+01 9.143281710555792863e-01
2.035078209108178271e+01 9.618449170122942427e-01
2.040078209108178697e+01 8.981707400721260504e-01
2.045078209108178413e+01 8.614690487253033879e-01
2.050078209108178129e+01 8.892667794495240363e-01
2.055078209108178555e+01 8.787991964736846517e-01
2.060078209108178271e+01 8.774961778459867690e-01
2.065078209108178697e+01 8.452247498333367304e-01
2.070078209108178413e+01 8.446166744737444443e-01
2.075078209108178129e+01 8.219441503518020165e-01
2.080078209108178555e+01 8.377106757469459097e-01
2.085078209108178271e+01 8.681578776808189790e-01
2.090078209108178697e+01 8.039624932895717002e-01
2.095078209108178413e+01 7.964484192031807686e-01
2.100078209108178129e+01 7.857202325018017852e-01
2.105078209108178555e+01 7.696931033811182932e-01
2.110078209108178271e+01 8.013564560341759346e-01
2.115078209108178697e+01 7.590083506339960762e-01
2.120078209108178413e+01 7.607457088042596238e-01
2.125078209108178129e+01 7.620487274319575066e-01
2.130078209108178555e+01 7.741668006695476834e-01
2.135078209108178271e+01 8.048311723747035851e-01
2.140078209108178697e+01 7.461084662197872142e-01
2.145078209108178413e+01 7.411569954345353928e-01
2.150078209108178129e+01 8.075675114928690945e-01
2.155078209108178555e+01 7.948413628956867427e-01
2.160078209108178271e+01 8.053523798257826716e-01
2.165078209108178697e+01 7.858939683188281844e-01
2.170078209108178413e+01 8.895273831750636351e-01
2.175078209108178129e+01 8.821436109514424473e-01
2.180078209108178555e+01 9.717044246285411191e-01
2.185078209108178271e+01 1.098661872920568161e+00
2.190078209108178697e+01 1.217236568041072164e+00
2.195078209108178413e+01 1.380591670000125282e+00
2.200078209108178129e+01 1.619000644914574849e+00
2.205078209108178555e+01 1.749519677455642519e+00
2.210078209108178271e+01 2.078879352583401730e+00
2.215078209108178697e+01 2.181730956263018495e+00
2.220078209108178413e+01 2.426828760132983653e+00
2.225078209108178129e+01 2.557738698262360444e+00
2.230078209108178555e+01 2.639047060630705932e+00
2.235078209108178271e+01 2.571985035258523400e+00
2.240078209108178697e+01 2.523773346033703735e+00
2.245078209108178413e+01 2.322370100145873195e+00
2.250078209108178129e+01 2.118360817002646446e+00
2.255078209108178555e+01 1.811803967859599851e+00
2.260078209108178271e+01 1.595502875661757303e+00
2.265078209108178697e+01 1.314832663255640854e+00
2.270078209108178413e+01 1.049277466930819802e+00
2.275078209108178129e+01 8.684184814063584668e-01
2.280078209108178555e+01 6.764838375464655718e-01
2.285078209108178271e+01 5.194266589546183699e-01
2.290078209108178697e+01 4.018075108277593954e-01
2.295078209108178413e+01 2.909206256106726118e-01
2.300078209108178129e+01 2.106546781444852690e-01
2.305078209108178555e+01 1.491521989171468721e-01
2.310078209108178271e+01 1.222665812323146528e-01
2.315078209108178697e+01 1.055879427977822194e-01
2.320078209108178413e+01 9.016888903669101341e-02
2.325078209108178129e+01 7.314277896810580937e-02
2.330078209108178555e+01 6.237115831247027481e-02
2.335078209108178271e+01 5.720251775593548915e-02
2.340078209108178697e+01 5.316316001007215936e-02
2.345078209108178413e+01 4.964500971528797157e-02
2.350078209108178129e+01 5.403183909520405809e-02
2.355078209108178555e+01 6.015602664538392819e-02
2.360078209108178271e+01 7.844172138741040134e-02
2.365078209108178697e+01 1.096273005436455283e-01
2.370078209108178413e+01 1.385108801242811716e-01
2.375078209108178839e+01 1.703914025486217843e-01
2.380078209108178555e+01 1.884599275193652446e-01
2.385078209108178271e+01 1.749519677455642630e-01
2.390078209108177987e+01 1.563622353237416329e-01
2.395078209108178413e+01 1.283907687824945576e-01
2.400078209108178839e+01 1.081071121446647160e-01
2.405078209108178555e+01 9.082039835053992705e-02
2.410078209108178271e+01 8.365379589820179373e-02
2.415078209108177987e+01 1.085848856414872582e-01
2.420078209108178413e+01 1.540602357481421214e-01
2.425078209108178839e+01 2.589966692320754271e-01
2.430078209108178555e+01 4.858522123142705595e-01
2.435078209108178271e+01 8.572125212081570522e-01
2.440078209108177987e+01 1.509720816004982202e+00
2.445078209108178413e+01 2.647473247756486181e+00
2.450078209108178839e+01 4.131394294933051548e+00
2.455078209108178555e+01 5.624349604594987007e+00
2.460078209108178271e+01 6.935968155235640253e+00
2.465078209108177987e+01 7.023965346559501555e+00
2.470078209108178413e+01 6.000053308914533368e+00
2.475078209108178839e+01 4.205753224620341513e+00
2.480078209108178555e+01 2.478515165698331746e+00
2.485078209108178271e+01 1.209983097680220832e+00
2.490078209108177987e+01 5.931775132823166041e-01
2.495078209108178413e+01 3.165032246678070593e-01
2.500078209108178839e+01 2.277242221673270728e-01
2.505078209108178555e+01 1.834650227798568234e-01
2.510078209108178271e+01 1.618349135600725963e-01
2.515078209108177987e+01 1.355573712348326909e-01
2.520078209108178413e+01 1.065000558371707040e-01
2.525078209108178839e+01 7.783364602781807362e-02
2.530078209108178555e+01 5.329346187284195180e-02
2.535078209108178271e+01 3.057750379664280968e-02
2.540078209108177987e+01 1.746044961115114993e-02
2.545078209108178413e+01 8.295885263009627336e-03
2.550078209108178839e+01 3.431282386270997301e-03
2.555078209108178555e+01 1.389886536211037060e-03
2.560078209108178271e+01 5.212074510791387619e-04
2.565078209108177987e+01 2.171697712829745203e-04
2.570078209108178413e+01 0.000000000000000000e+00
2.575078209108178839e+01 0.000000000000000000e+00
2.580078209108178555e+01 4.343395425659490812e-05
2.585078209108178271e+01 0.000000000000000000e+00
2.590078209108177987e+01 0.000000000000000000e+00
2.595078209108178413e+01 0.000000000000000000e+00
2.600078209108178839e+01 0.000000000000000000e+00
2.605078209108178555e+01 0.000000000000000000e+00
2.610078209108178271e+01 0.000000000000000000e+00
2.615078209108177987e+01 0.000000000000000000e+00
2.620078209108178413e+01 0.000000000000000000e+00
2.625078209108178839e+01 0.000000000000000000e+00
2.630078209108178555e+01 0.000000000000000000e+00
2.635078209108178271e+01 0.000000000000000000e+00
2.640078209108177987e+01 0.000000000000000000e+00
2.645078209108178413e+01 0.000000000000000000e+00
2.650078209108178839e+01 0.000000000000000000e+00
2.655078209108178555e+01 0.000000000000000000e+00
2.660078209108178271e+01 0.000000000000000000e+00
2.665078209108177987e+01 0.000000000000000000e+00
2.670078209108178413e+01 0.000000000000000000e+00
2.675078209108178839e+01 0.000000000000000000e+00
2.680078209108178555e+01 0.000000000000000000e+00
2.685078209108178271e+01 0.000000000000000000e+00
2.690078209108177987e+01 0.000000000000000000e+00
2.695078209108178413e+01 0.000000000000000000e+00
2.700078209108178839e+01 0.000000000000000000e+00
2.705078209108178555e+01 0.000000000000000000e+00
2.710078209108178271e+01 0.000000000000000000e+00
2.715078209108177987e+01 0.000000000000000000e+00
2.720078209108178413e+01 0.000000000000000000e+00
2.725078209108178839e+01 0.000000000000000000e+00
2.730078209108178555e+01 0.000000000000000000e+00
2.735078209108178271e+01 0.000000000000000000e+00
2.740078209108177987e+01 0.000000000000000000e+00
2.745078209108178413e+01 0.000000000000000000e+00
2.750078209108178839e+01 0.000000000000000000e+00
2.755078209108178555e+01 0.000000000000000000e+00
2.760078209108178271e+01 0.000000000000000000e+00
2.765078209108177987e+01 0.000000000000000000e+00
2.770078209108178413e+01 0.000000000000000000e+00
2.775078209108178839e+01 0.000000000000000000e+00
2.780078209108178555e+01 0.000000000000000000e+00
2.785078209108178271e+01 0.000000000000000000e+00
2.790078209108177987e+01 0.000000000000000000e+00
2.795078209108178413e+01 0.000000000000000000e+00
2.800078209108178839e+01 0.000000000000000000e+00
2.805078209108178555e+01 0.000000000000000000e+00
2.810078209108178271e+01 0.000000000000000000e+00
2.815078209108177987e+01 0.000000000000000000e+00
2.820078209108178413e+01 0.000000000000000000e+00
2.825078209108178839e+01 0.000000000000000000e+00
2.830078209108178555e+01 0.000000000000000000e+00
2.835078209108178271e+01 0.000000000000000000e+00
2.840078209108177987e+01 0.000000000000000000e+00
2.845078209108178413e+01 0.000000000000000000e+00
2.850078209108178839e+01 0.000000000000000000e+00
2.855078209108178555e+01 0.000000000000000000e+00
2.860078209108178271e+01 0.000000000000000000e+00
2.865078209108177987e+01 0.000000000000000000e+00
2.870078209108178413e+01 0.000000000000000000e+00
2.875078209108178839e+01 0.000000000000000000e+00
2.880078209108178555e+01 0.000000000000000000e+00
2.885078209108178271e+01 0.000000000000000000e+00
2.890078209108177987e+01 0.000000000000000000e+00
2.895078209108178413e+01 0.000000000000000000e+00
2.900078209108178839e+01 0.000000000000000000e+00
2.905078209108178555e+01 0.000000000000000000e+00
2.910078209108178271e+01 0.000000000000000000e+00
2.915078209108177987e+01 0.000000000000000000e+00
2.920078209108178413e+01 0.000000000000000000e+00
2.925078209108178839e+01 0.000000000000000000e+00
2.930078209108178555e+01 0.000000000000000000e+00
2.935078209108178271e+01 0.000000000000000000e+00
2.940078209108177987e+01 0.000000000000000000e+00
2.945078209108178413e+01 0.000000000000000000e+00
2.950078209108178839e+01 0.000000000000000000e+00
2.955078209108178555e+01 0.000000000000000000e+00
2.960078209108178271e+01 0.000000000000000000e+00
2.965078209108177987e+01 0.000000000000000000e+00
2.970078209108178413e+01 0.000000000000000000e+00
2.975078209108178839e+01 0.000000000000000000e+00
2.980078209108178555e+01 0.000000000000000000e+00
2.985078209108178271e+01 0.000000000000000000e+00
2.990078209108177987e+01 0.000000000000000000e+00
2.995078209108178413e+01 0.000000000000000000e+00
3.000078209108178839e+01 0.000000000000000000e+00
3.005078209108178555e+01 0.000000000000000000e+00
3.010078209108178271e+01 0.000000000000000000e+00
3.015078209108178697e+01 0.000000000000000000e+00
3.020078209108178413e+01 0.000000000000000000e+00
3.025078209108178839e+01 0.000000000000000000e+00
3.030078209108178555e+01 0.000000000000000000e+00
3.035078209108178271e+01 0.000000000000000000e+00
3.040078209108178697e+01 0.000000000000000000e+00
3.045078209108178413e+01 0.000000000000000000e+00
3.050078209108178839e+01 0.000000000000000000e+00
3.055078209108178555e+01 0.000000000000000000e+00
3.060078209108178271e+01 0.000000000000000000e+00
3.065078209108178697e+01 0.000000000000000000e+00
3.070078209108178413e+01 0.000000000000000000e+00
3.075078209108178839e+01 0.000000000000000000e+00
3.080078209108178555e+01 0.000000000000000000e+00
3.085078209108178271e+01 0.000000000000000000e+00
3.090078209108178697e+01 0.000000000000000000e+00
3.095078209108178413e+01 0.000000000000000000e+00
3.100078209108178839e+01 0.000000000000000000e+00
3.105078209108178555e+01 0.000000000000000000e+00
3.110078209108178271e+01 0.000000000000000000e+00
3.115078209108178697e+01 0.000000000000000000e+00
3.120078209108178413e+01 0.000000000000000000e+00
3.125078209108178839e+01 0.000000000000000000e+00
3.130078209108178555e+01 0.000000000000000000e+00
3.135078209108178271e+01 0.000000000000000000e+00
3.140078209108178697e+01 0.000000000000000000e+00
3.145078209108178413e+01 0.000000000000000000e+00
3.150078209108178839e+01 0.000000000000000000e+00
3.155078209108178555e+01 0.000000000000000000e+00
3.160078209108178271e+01 0.000000000000000000e+00
3.165078209108178697e+01 0.000000000000000000e+00
3.170078209108178413e+01 0.000000000000000000e+00
3.175078209108178839e+01 0.000000000000000000e+00
3.180078209108178555e+01 0.000000000000000000e+00
3.185078209108178271e+01 0.000000000000000000e+00
3.190078209108178697e+01 0.000000000000000000e+00
3.195078209108178413e+01 0.000000000000000000e+00
3.200078209108178839e+01 0.000000000000000000e+00
3.205078209108178555e+01 0.000000000000000000e+00
3.210078209108178271e+01 0.000000000000000000e+00
3.215078209108178697e+01 0.000000000000000000e+00
3.220078209108178413e+01 0.000000000000000000e+00
3.225078209108178839e+01 0.000000000000000000e+00
3.230078209108178555e+01 0.000000000000000000e+00
3.235078209108178271e+01 0.000000000000000000e+00
3.240078209108178697e+01 0.000000000000000000e+00
3.245078209108178413e+01 0.000000000000000000e+00
3.250078209108178839e+01 0.000000000000000000e+00
3.255078209108178555e+01 0.000000000000000000e+00
3.260078209108178271e+01 0.000000000000000000e+00
3.265078209108178697e+01 0.000000000000000000e+00
3.270078209108178413e+01 0.000000000000000000e+00
3.275078209108178839e+01 0.000000000000000000e+00
3.280078209108178555e+01 0.000000000000000000e+00
3.285078209108178271e+01 0.000000000000000000e+00
3.290078209108178697e+01 0.000000000000000000e+00
3.295078209108178413e+01 0.000000000000000000e+00
3.300078209108178839e+01 0.000000000000000000e+00
3.305078209108178555e+01 0.000000000000000000e+00
3.310078209108178271e+01 0.000000000000000000e+00
3.315078209108178697e+01 0.000000000000000000e+00
3.320078209108178413e+01 0.000000000000000000e+00
3.325078209108178839e+01 0.000000000000000000e+00
3.330078209108178555e+01 0.000000000000000000e+00
3.335078209108178271e+01 0.000000000000000000e+00
3.340078209108178697e+01 0.000000000000000000e+00
3.345078209108178413e+01 0.000000000000000000e+00
3.350078209108178839e+01 0.000000000000000000e+00
3.355078209108178555e+01 0.000000000000000000e+00
3.360078209108178271e+01 0.000000000000000000e+00
3.365078209108178697e+01 0.000000000000000000e+00
3.370078209108178413e+01 0.000000000000000000e+00
3.375078209108178839e+01 0.000000000000000000e+00
3.380078209108178555e+01 0.000000000000000000e+00
3.385078209108178271e+01 0.000000000000000000e+00
3.390078209108178697e+01 0.000000000000000000e+00
3.395078209108178413e+01 0.000000000000000000e+00
3.400078209108178839e+01 0.000000000000000000e+00
3.405078209108178555e+01 0.000000000000000000e+00
3.410078209108178271e+01 0.000000000000000000e+00
3.415078209108178697e+01 0.000000000000000000e+00
3.420078209108178413e+01 0.000000000000000000e+00
3.425078209108178839e+01 0.000000000000000000e+00
3.430078209108178555e+01 0.000000000000000000e+00
3.435078209108178271e+01 0.000000000000000000e+00
3.440078209108178697e+01 0.000000000000000000e+00
3.445078209108178413e+01 0.000000000000000000e+00
3.450078209108178839e+01 0.000000000000000000e+00
3.455078209108178555e+01 0.000000000000000000e+00
3.460078209108178271e+01 0.000000000000000000e+00
3.465078209108178697e+01 0.000000000000000000e+00
3.470078209108178413e+01 0.000000000000000000e+00
3.475078209108178839e+01 0.000000000000000000e+00
3.480078209108178555e+01 0.000000000000000000e+00
3.485078209108178271e+01 0.000000000000000000e+00
3.490078209108178697e+01 0.000000000000000000e+00
3.495078209108178413e+01 0.000000000000000000e+00
3.500078209108178839e+01 0.000000000000000000e+00
3.505078209108178555e+01 0.000000000000000000e+00
3.510078209108178271e+01 0.000000000000000000e+00
3.515078209108178697e+01 0.000000000000000000e+00
3.520078209108178413e+01 0.000000000000000000e+00
3.525078209108178839e+01 0.000000000000000000e+00
3.530078209108178555e+01 0.000000000000000000e+00
3.535078209108178271e+01 0.000000000000000000e+00
3.540078209108178697e+01 0.000000000000000000e+00
3.545078209108178413e+01 0.000000000000000000e+00
3.550078209108178839e+01 0.000000000000000000e+00
3.555078209108178555e+01 0.000000000000000000e+00
3.560078209108178271e+01 0.000000000000000000e+00
3.565078209108178697e+01 0.000000000000000000e+00
3.570078209108178413e+01 0.000000000000000000e+00
3.575078209108178839e+01 0.000000000000000000e+00
3.580078209108178555e+01 0.000000000000000000e+00
3.585078209108178271e+01 0.000000000000000000e+00
3.590078209108178697e+01 0.000000000000000000e+00
3.595078209108178413e+01 0.000000000000000000e+00
3.600078209108178839e+01 0.000000000000000000e+00
3.605078209108178555e+01 0.000000000000000000e+00
3.610078209108178271e+01 0.000000000000000000e+00
3.615078209108178697e+01 0.000000000000000000e+00
3.620078209108178413e+01 0.000000000000000000e+00
3.625078209108178839e+01 0.000000000000000000e+00
3.630078209108178555e+01 0.000000000000000000e+00
3.635078209108178271e+01 0.000000000000000000e+00
3.640078209108178697e+01 0.000000000000000000e+00
3.645078209108178413e+01 0.000000000000000000e+00
3.650078209108178839e+01 0.000000000000000000e+00
3.655078209108178555e+01 0.000000000000000000e+00
3.660078209108178271e+01 0.000000000000000000e+00
3.665078209108178697e+01 0.000000000000000000e+00
3.670078209108178413e+01 0.000000000000000000e+00
3.675078209108178839e+01 0.000000000000000000e+00
3.680078209108178555e+01 0.000000000000000000e+00
3.685078209108178271e+01 0.000000000000000000e+00
3.690078209108178697e+01 0.000000000000000000e+00
3.695078209108178413e+01 0.000000000000000000e+00
3.700078209108178839e+01 0.000000000000000000e+00
3.705078209108178555e+01 0.000000000000000000e+00
3.710078209108178271e+01 0.000000000000000000e+00
3.715078209108178697e+01 0.000000000000000000e+00
3.720078209108178413e+01 0.000000000000000000e+00
3.725078209108178839e+01 0.000000000000000000e+00
3.730078209108178555e+01 0.000000000000000000e+00
3.735078209108178271e+01 0.000000000000000000e+00
3.740078209108178697e+01 0.000000000000000000e+00
3.745078209108178413e+01 0.000000000000000000e+00
3.750078209108178839e+01 0.000000000000000000e+00
3.755078209108178555e+01 0.000000000000000000e+00
3.760078209108178271e+01 0.000000000000000000e+00
3.765078209108178697e+01 0.000000000000000000e+00
3.770078209108178413e+01 0.000000000000000000e+00
3.775078209108178839e+01 0.000000000000000000e+00
3.780078209108178555e+01 0.000000000000000000e+00
3.785078209108178271e+01 0.000000000000000000e+00
3.790078209108178697e+01 0.000000000000000000e+00
3.795078209108178413e+01 0.000000000000000000e+00
3.800078209108178839e+01 0.000000000000000000e+00
3.805078209108178555e+01 0.000000000000000000e+00
3.810078209108178271e+01 0.000000000000000000e+00
3.815078209108178697e+01 0.000000000000000000e+00
3.820078209108178413e+01 0.000000000000000000e+00
3.825078209108178839e+01 0.000000000000000000e+00
3.830078209108178555e+01 0.000000000000000000e+00
3.835078209108178271e+01 0.000000000000000000e+00
3.840078209108178697e+01 0.000000000000000000e+00
3.845078209108178413e+01 0.000000000000000000e+00
3.850078209108178839e+01 0.000000000000000000e+00
3.855078209108178555e+01 0.000000000000000000e+00
3.860078209108178271e+01 0.000000000000000000e+00
3.865078209108178697e+01 0.000000000000000000e+00
3.870078209108178413e+01 0.000000000000000000e+00
3.875078209108178839e+01 0.000000000000000000e+00
3.880078209108178555e+01 0.000000000000000000e+00
3.885078209108178271e+01 0.000000000000000000e+00
3.890078209108178697e+01 0.000000000000000000e+00
3.895078209108178413e+01 0.000000000000000000e+00
3.900078209108178839e+01 0.000000000000000000e+00
3.905078209108178555e+01 0.000000000000000000e+00
3.910078209108178271e+01 0.000000000000000000e+00
3.915078209108178697e+01 0.000000000000000000e+00
3.920078209108178413e+01 0.000000000000000000e+00
3.925078209108178839e+01 0.000000000000000000e+00
3.930078209108178555e+01 0.000000000000000000e+00
3.935078209108178271e+01 0.000000000000000000e+00
3.940078209108178697e+01 0.000000000000000000e+00
3.945078209108178413e+01 0.000000000000000000e+00
3.950078209108178839e+01 0.000000000000000000e+00
3.955078209108178555e+01 0.000000000000000000e+00
3.960078209108178271e+01 0.000000000000000000e+00
3.965078209108178697e+01 0.000000000000000000e+00
3.970078209108178413e+01 0.000000000000000000e+00
3.975078209108178839e+01 0.000000000000000000e+00
3.980078209108178555e+01 0.000000000000000000e+00
3.985078209108178271e+01 0.000000000000000000e+00
3.990078209108178697e+01 0.000000000000000000e+00
3.995078209108178413e+01 0.000000000000000000e+00
4.000078209108178839e+01 0.000000000000000000e+00
4.005078209108178555e+01 0.000000000000000000e+00
4.010078209108178271e+01 0.000000000000000000e+00
4.015078209108178697e+01 0.000000000000000000e+00
4.020078209108178413e+01 0.000000000000000000e+00
4.025078209108178839e+01 0.000000000000000000e+00
4.030078209108178555e+01 0.000000000000000000e+00
4.035078209108178271e+01 0.000000000000000000e+00
4.040078209108178697e+01 0.000000000000000000e+00
4.045078209108178413e+01 0.000000000000000000e+00
4.050078209108178839e+01 0.000000000000000000e+00
4.055078209108178555e+01 0.000000000000000000e+00
4.060078209108178271e+01 0.000000000000000000e+00
4.065078209108178697e+01 0.000000000000000000e+00
4.070078209108178413e+01 0.000000000000000000e+00
4.075078209108178839e+01 0.000000000000000000e+00
4.080078209108178555e+01 0.000000000000000000e+00
4.085078209108178271e+01 0.000000000000000000e+00
4.090078209108178697e+01 0.000000000000000000e+00
4.095078209108178413e+01 0.000000000000000000e+00
4.100078209108178839e+01 0.000000000000000000e+00
4.105078209108178555e+01 0.000000000000000000e+00
4.110078209108178271e+01 0.000000000000000000e+00
4.115078209108178697e+01 0.000000000000000000e+00
4.120078209108178413e+01 0.000000000000000000e+00
4.125078209108178839e+01 0.000000000000000000e+00
4.130078209108178555e+01 0.000000000000000000e+00
4.135078209108178271e+01 0.000000000000000000e+00
4.140078209108178697e+01 0.000000000000000000e+00
4.145078209108178413e+01 0.000000000000000000e+00
4.150078209108178839e+01 0.000000000000000000e+00
4.155078209108178555e+01 0.000000000000000000e+00
4.160078209108178271e+01 0.000000000000000000e+00
4.165078209108178697e+01 0.000000000000000000e+00
