-9.850904737904562225e+00 1.803483855248759276e-04
-9.800904737904563291e+00 1.030562202999290937e-04
-9.750904737904562580e+00 5.152811014996454687e-05
-9.700904737904561870e+00 7.729216522494683386e-05
-9.650904737904562936e+00 7.729216522494683386e-05
-9.600904737904562225e+00 0.000000000000000000e+00
-9.550904737904563291e+00 7.729216522494683386e-05
-9.500904737904562580e+00 0.000000000000000000e+00
-9.450904737904561870e+00 0.000000000000000000e+00
-9.400904737904562936e+00 0.000000000000000000e+00
-9.350904737904562225e+00 0.000000000000000000e+00
-9.300904737904563291e+00 0.000000000000000000e+00
-9.250904737904562580e+00 0.000000000000000000e+00
-9.200904737904561870e+00 0.000000000000000000e+00
-9.150904737904562936e+00 0.000000000000000000e+00
-9.100904737904562225e+00 0.000000000000000000e+00
-9.050904737904563291e+00 0.000000000000000000e+00
-9.000904737904562580e+00 0.000000000000000000e+00
-8.950904737904561870e+00 0.000000000000000000e+00
-8.900904737904562936e+00 0.000000000000000000e+00
-8.850904737904562225e+00 0.000000000000000000e+00
-8.800904737904563291e+00 0.000000000000000000e+00
-8.750904737904562580e+00 0.000000000000000000e+00
-8.700904737904561870e+00 0.000000000000000000e+00
-8.650904737904562936e+00 0.000000000000000000e+00
-8.600904737904562225e+00 0.000000000000000000e+00
-8.550904737904563291e+00 0.000000000000000000e+00
-8.500904737904562580e+00 0.000000000000000000e+00
-8.450904737904561870e+00 0.000000000000000000e+00
-8.400904737904562936e+00 0.000000000000000000e+00
-8.350904737904562225e+00 0.000000000000000000e+00
-8.300904737904563291e+00 0.000000000000000000e+00
-8.250904737904562580e+00 0.000000000000000000e+00
-8.200904737904561870e+00 0.000000000000000000e+00
-8.150904737904562936e+00 0.000000000000000000e+00
-8.100904737904562225e+00 0.000000000000000000e+00
-8.050904737904563291e+00 0.000000000000000000e+00
-8.000904737904562580e+00 0.000000000000000000e+00
-7.950904737904561870e+00 0.000000000000000000e+00
-7.900904737904562936e+00 0.000000000000000000e+00
-7.850904737904562225e+00 0.000000000000000000e+00
-7.800904737904562403e+00 0.000000000000000000e+00
-7.750904737904562580e+00 0.000000000000000000e+00
-7.700904737904562758e+00 0.000000000000000000e+00
-7.650904737904562936e+00 0.000000000000000000e+00
-7.600904737904562225e+00 0.000000000000000000e+00
-7.550904737904562403e+00 0.000000000000000000e+00
-7.500904737904562580e+00 0.000000000000000000e+00
-7.450904737904561870e+00 0.000000000000000000e+00
-7.400904737904562936e+00 0.000000000000000000e+00
-7.350904737904562225e+00 0.000000000000000000e+00
-7.300904737904562403e+00 0.000000000000000000e+00
-7.250904737904562580e+00 0.000000000000000000e+00
-7.200904737904561870e+00 0.000000000000000000e+00
-7.150904737904562936e+00 0.000000000000000000e+00
-7.100904737904562225e+00 0.000000000000000000e+00
-7.050904737904562403e+00 0.000000000000000000e+00
-7.000904737904562580e+00 0.000000000000000000e+00
-6.950904737904561870e+00 0.000000000000000000e+00
-6.900904737904562936e+00 0.000000000000000000e+00
-6.850904737904562225e+00 0.000000000000000000e+00
-6.800904737904562403e+00 0.000000000000000000e+00
-6.750904737904562580e+00 0.000000000000000000e+00
-6.700904737904561870e+00 0.000000000000000000e+00
-6.650904737904562936e+00 0.000000000000000000e+00
-6.600904737904562225e+00 0.000000000000000000e+00
-6.550904737904562403e+00 0.000000000000000000e+00
-6.500904737904562580e+00 0.000000000000000000e+00
-6.450904737904561870e+00 0.000000000000000000e+00
-6.400904737904562936e+00 0.000000000000000000e+00
-6.350904737904562225e+00 0.000000000000000000e+00
-6.300904737904562403e+00 0.000000000000000000e+00
-6.250904737904562580e+00 0.000000000000000000e+00
-6.200904737904561870e+00 0.000000000000000000e+00
-6.150904737904562936e+00 0.000000000000000000e+00
-6.100904737904562225e+00 0.000000000000000000e+00
-6.050904737904562403e+00 0.000000000000000000e+00
-6.000904737904562580e+00 0.000000000000000000e+00
-5.950904737904561870e+00 0.000000000000000000e+00
-5.900904737904562936e+00 0.000000000000000000e+00
-5.850904737904562225e+00 0.000000000000000000e+00
-5.800904737904562403e+00 0.000000000000000000e+00
-5.750904737904562580e+00 0.000000000000000000e+00
-5.700904737904561870e+00 0.000000000000000000e+00
-5.650904737904562936e+00 0.000000000000000000e+00
-5.600904737904562225e+00 0.000000000000000000e+00
-5.550904737904562403e+00 0.000000000000000000e+00
-5.500904737904562580e+00 0.000000000000000000e+00
-5.450904737904561870e+00 0.000000000000000000e+00
-5.400904737904562936e+00 0.000000000000000000e+00
-5.350904737904562225e+00 0.000000000000000000e+00
-5.300904737904562403e+00 0.000000000000000000e+00
-5.250904737904562580e+00 0.000000000000000000e+00
-5.200904737904561870e+00 0.000000000000000000e+00
-5.150904737904562936e+00 0.000000000000000000e+00
-5.100904737904562225e+00 0.000000000000000000e+00
-5.050904737904561514e+00 0.000000000000000000e+00
-5.000904737904562580e+00 0.000000000000000000e+00
-4.950904737904561870e+00 0.000000000000000000e+00
-4.900904737904562936e+00 0.000000000000000000e+00
-4.850904737904562225e+00 0.000000000000000000e+00
-4.800904737904561514e+00 0.000000000000000000e+00
-4.750904737904562580e+00 0.000000000000000000e+00
-4.700904737904561870e+00 0.000000000000000000e+00
-4.650904737904562936e+00 0.000000000000000000e+00
-4.600904737904562225e+00 0.000000000000000000e+00
-4.550904737904561514e+00 0.000000000000000000e+00
-4.500904737904562580e+00 0.000000000000000000e+00
-4.450904737904561870e+00 0.000000000000000000e+00
-4.400904737904562936e+00 0.000000000000000000e+00
-4.350904737904562225e+00 0.000000000000000000e+00
-4.300904737904561514e+00 0.000000000000000000e+00
-4.250904737904562580e+00 0.000000000000000000e+00
-4.200904737904561870e+00 0.000000000000000000e+00
-4.150904737904562936e+00 0.000000000000000000e+00
-4.100904737904562225e+00 0.000000000000000000e+00
-4.050904737904561514e+00 0.000000000000000000e+00
-4.000904737904562580e+00 0.000000000000000000e+00
-3.950904737904561870e+00 0.000000000000000000e+00
-3.900904737904562936e+00 0.000000000000000000e+00
-3.850904737904562225e+00 0.000000000000000000e+00
-3.800904737904561514e+00 0.000000000000000000e+00
-3.750904737904562580e+00 0.000000000000000000e+00
-3.700904737904561870e+00 0.000000000000000000e+00
-3.650904737904562936e+00 0.000000000000000000e+00
-3.600904737904562225e+00 0.000000000000000000e+00
-3.550904737904561514e+00 0.000000000000000000e+00
-3.500904737904562580e+00 0.000000000000000000e+00
-3.450904737904561870e+00 0.000000000000000000e+00
-3.400904737904562936e+00 0.000000000000000000e+00
-3.350904737904562225e+00 0.000000000000000000e+00
-3.300904737904561514e+00 0.000000000000000000e+00
-3.250904737904562580e+00 0.000000000000000000e+00
-3.200904737904561870e+00 0.000000000000000000e+00
-3.150904737904562936e+00 0.000000000000000000e+00
-3.100904737904562225e+00 0.000000000000000000e+00
-3.050904737904561514e+00 0.000000000000000000e+00
-3.000904737904562580e+00 0.000000000000000000e+00
-2.950904737904561870e+00 0.000000000000000000e+00
-2.900904737904562936e+00 0.000000000000000000e+00
-2.850904737904562225e+00 0.000000000000000000e+00
-2.800904737904561514e+00 0.000000000000000000e+00
-2.750904737904562580e+00 0.000000000000000000e+00
-2.700904737904561870e+00 0.000000000000000000e+00
-2.650904737904562936e+00 0.000000000000000000e+00
-2.600904737904562225e+00 0.000000000000000000e+00
-2.550904737904561514e+00 0.000000000000000000e+00
-2.500904737904562580e+00 0.000000000000000000e+00
-2.450904737904561870e+00 0.000000000000000000e+00
-2.400904737904562936e+00 0.000000000000000000e+00
-2.350904737904562225e+00 0.000000000000000000e+00
-2.300904737904561514e+00 0.000000000000000000e+00
-2.250904737904562580e+00 0.000000000000000000e+00
-2.200904737904561870e+00 0.000000000000000000e+00
-2.150904737904562936e+00 0.000000000000000000e+00
-2.100904737904562225e+00 0.000000000000000000e+00
-2.050904737904561514e+00 0.000000000000000000e+00
-2.000904737904562580e+00 0.000000000000000000e+00
-1.950904737904561870e+00 0.000000000000000000e+00
-1.900904737904562936e+00 0.000000000000000000e+00
-1.850904737904562225e+00 0.000000000000000000e+00
-1.800904737904563291e+00 0.000000000000000000e+00
-1.750904737904562580e+00 0.000000000000000000e+00
-1.700904737904561870e+00 0.000000000000000000e+00
-1.650904737904561159e+00 0.000000000000000000e+00
-1.600904737904562225e+00 0.000000000000000000e+00
-1.550904737904563291e+00 0.000000000000000000e+00
-1.500904737904562580e+00 0.000000000000000000e+00
-1.450904737904561870e+00 0.000000000000000000e+00
-1.400904737904561159e+00 0.000000000000000000e+00
-1.350904737904562225e+00 0.000000000000000000e+00
-1.300904737904563291e+00 0.000000000000000000e+00
-1.250904737904562580e+00 0.000000000000000000e+00
-1.200904737904561870e+00 0.000000000000000000e+00
-1.150904737904561159e+00 0.000000000000000000e+00
-1.100904737904562225e+00 0.000000000000000000e+00
-1.050904737904563291e+00 0.000000000000000000e+00
-1.000904737904562580e+00 0.000000000000000000e+00
-9.509047379045618698e-01 0.000000000000000000e+00
-9.009047379045611592e-01 0.000000000000000000e+00
-8.509047379045622250e-01 0.000000000000000000e+00
-8.009047379045632908e-01 0.000000000000000000e+00
-7.509047379045625803e-01 0.000000000000000000e+00
-7.009047379045618698e-01 0.000000000000000000e+00
-6.509047379045611592e-01 0.000000000000000000e+00
-6.009047379045622250e-01 0.000000000000000000e+00
-5.509047379045632908e-01 0.000000000000000000e+00
-5.009047379045625803e-01 0.000000000000000000e+00
-4.509047379045618698e-01 0.000000000000000000e+00
-4.009047379045611592e-01 0.000000000000000000e+00
-3.509047379045622250e-01 0.000000000000000000e+00
-3.009047379045615145e-01 0.000000000000000000e+00
-2.509047379045625803e-01 0.000000000000000000e+00
-2.009047379045618698e-01 0.000000000000000000e+00
-1.509047379045611592e-01 0.000000000000000000e+00
-1.009047379045622250e-01 2.576405507498227344e-05
-5.090473790456151448e-02 0.000000000000000000e+00
-9.047379045625802974e-04 0.000000000000000000e+00
4.909526209543813025e-02 0.000000000000000000e+00
9.909526209543884079e-02 0.000000000000000000e+00
1.490952620954377750e-01 0.000000000000000000e+00
1.990952620954384855e-01 0.000000000000000000e+00
2.490952620954374197e-01 0.000000000000000000e+00
2.990952620954381302e-01 0.000000000000000000e+00
3.490952620954388408e-01 5.152811014996454687e-05
3.990952620954377750e-01 0.000000000000000000e+00
4.490952620954384855e-01 7.729216522494683386e-05
4.990952620954374197e-01 5.152811014996454687e-05
5.490952620954381302e-01 1.288202753749113807e-04
5.990952620954388408e-01 3.606967710497518552e-04
6.490952620954377750e-01 4.122248811997163750e-04
6.990952620954384855e-01 3.349327159747695682e-04
7.490952620954374197e-01 9.017419276243796109e-04
7.990952620954381302e-01 1.494315194348971995e-03
8.490952620954388408e-01 3.581203655422536374e-03
8.990952620954377750e-01 7.110879200695108607e-03
9.490952620954384855e-01 1.597371414648901186e-02
9.990952620954374197e-01 3.241118128432771139e-02
1.049095262095438130e+00 6.185949623503245176e-02
1.099095262095438841e+00 9.798070145015760901e-02
1.149095262095437775e+00 1.460564282200745023e-01
1.199095262095438486e+00 1.868666914588464345e-01
1.249095262095437420e+00 2.097709364205057048e-01
1.299095262095438130e+00 2.150268036558020679e-01
1.349095262095438841e+00 1.968116167177895726e-01
1.399095262095437775e+00 1.717431911298318570e-01
1.449095262095438486e+00 1.509515986843211754e-01
1.499095262095437420e+00 1.579594216647163263e-01
1.549095262095438130e+00 1.790086546609768736e-01
1.599095262095438841e+00 2.171136921168756451e-01
1.649095262095437775e+00 2.682553414407155001e-01
1.699095262095438486e+00 3.738879672481427718e-01
1.749095262095437420e+00 6.258861899365444348e-01
1.799095262095438130e+00 1.109606323969336783e+00
1.849095262095438841e+00 2.038400509422447549e+00
1.899095262095437775e+00 3.379342283910050426e+00
1.949095262095438486e+00 4.838257666585995764e+00
1.999095262095437420e+00 6.104715557851825736e+00
2.049095262095438130e+00 6.910589436542196928e+00
2.099095262095438841e+00 6.860658697806880646e+00
2.149095262095437775e+00 5.993646716423577381e+00
2.199095262095438486e+00 4.843281657325618106e+00
2.249095262095437420e+00 3.469361892342038178e+00
2.299095262095438130e+00 2.260306315783270570e+00
2.349095262095438841e+00 1.429415539615091824e+00
2.399095262095437775e+00 8.179572205205372093e-01
2.449095262095438486e+00 4.086436775442938707e-01
2.499095262095437420e+00 2.560431793351738983e-01
2.549095262095438130e+00 1.265015104181629602e-01
2.599095262095438841e+00 8.785542780568955656e-02
2.649095262095437775e+00 8.089913293544434558e-02
2.699095262095438486e+00 8.989078815661315225e-02
2.749095262095437420e+00 1.030046921897791457e-01
2.799095262095438130e+00 1.253163638847137884e-01
2.849095262095438841e+00 1.484009572318979175e-01
2.899095262095437775e+00 1.613602769346139942e-01
2.949095262095438486e+00 1.647353681494366784e-01
2.999095262095437420e+00 1.558725332036427491e-01
3.049095262095438130e+00 1.301342421837354824e-01
3.099095262095438841e+00 1.020771862070797842e-01
3.149095262095437775e+00 8.174934675291875563e-02
3.199095262095438486e+00 7.113455606202608028e-02
3.249095262095437420e+00 6.170491190458254893e-02
3.299095262095438130e+00 6.631667776300437245e-02
3.349095262095438841e+00 7.479305188267354465e-02
3.399095262095437775e+00 8.942703516526348539e-02
3.449095262095438486e+00 1.113522460340733988e-01
3.499095262095437420e+00 1.327364117463086801e-01
3.549095262095438130e+00 1.727995173879061375e-01
3.599095262095438841e+00 2.266979206047690654e-01
3.649095262095437775e+00 2.845639883031792494e-01
3.699095262095438486e+00 3.411676173029153381e-01
3.749095262095437420e+00 4.081026323877192663e-01
3.799095262095438130e+00 5.211295420016665014e-01
3.849095262095438841e+00 6.002251910818621194e-01
3.899095262095437775e+00 7.212647218241288183e-01
3.949095262095438486e+00 8.263820665300565249e-01
3.999095262095437420e+00 8.882673268201640715e-01
4.049095262095438130e+00 9.670795712945348122e-01
4.099095262095438841e+00 1.052641998198550866e+00
4.149095262095437775e+00 1.078354525163383260e+00
4.199095262095438486e+00 1.159562826759727328e+00
4.249095262095437420e+00 1.296936768419532982e+00
4.299095262095438130e+00 1.386028870868821761e+00
4.349095262095438841e+00 1.654309976364612078e+00
4.399095262095437775e+00 1.811908701258278409e+00
4.449095262095438486e+00 2.149289002465171627e+00
4.499095262095437420e+00 2.370318830953444422e+00
4.549095262095438130e+00 2.569423448572907276e+00
4.599095262095438841e+00 2.670650420962512595e+00
4.649095262095437775e+00 2.692060350729823082e+00
4.699095262095438486e+00 2.536471222132004932e+00
4.749095262095437420e+00 2.363259479862898971e+00
4.799095262095438130e+00 2.083461841748592391e+00
4.849095262095438841e+00 1.813969825664276891e+00
4.899095262095437775e+00 1.533785726723845055e+00
4.949095262095438486e+00 1.318681630902817981e+00
4.999095262095437420e+00 1.103629063191940762e+00
5.049095262095438130e+00 9.764061592316783944e-01
5.099095262095438841e+00 8.865411351301401011e-01
5.149095262095437775e+00 7.940739414660287210e-01
5.199095262095438486e+00 7.676915490692469701e-01
5.249095262095437420e+00 7.590348265640528558e-01
5.299095262095438130e+00 7.341467493616200546e-01
5.349095262095438841e+00 7.313127033033718360e-01
5.399095262095437775e+00 7.266751733898750842e-01
5.449095262095438486e+00 7.494763621312343638e-01
5.499095262095437420e+00 7.761163950787661747e-01
5.549095262095438130e+00 8.151489385173642521e-01
5.599095262095438841e+00 8.116192629720917484e-01
5.649095262095437775e+00 8.562941344721110015e-01
5.699095262095438486e+00 8.553923925444866239e-01
5.749095262095437420e+00 9.115580326079477658e-01
5.799095262095438130e+00 9.232291495569149298e-01
5.849095262095438841e+00 9.308295458040347636e-01
5.899095262095437775e+00 9.398984931904285078e-01
5.949095262095438486e+00 9.560783197775173381e-01
5.999095262095437420e+00 9.744223269909046969e-01
6.049095262095438130e+00 9.439949779473506553e-01
6.099095262095438841e+00 9.249038131367887106e-01
6.149095262095435999e+00 9.658171325958606612e-01
6.199095262095440262e+00 9.289745338386359297e-01
6.249095262095437420e+00 9.482460470347227055e-01
6.299095262095438130e+00 9.017419276243796578e-01
6.349095262095438841e+00 9.274029264790619731e-01
6.399095262095435999e+00 8.896843498492880142e-01
6.449095262095440262e+00 9.183082150375933006e-01
6.499095262095437420e+00 9.321950407230088498e-01
6.549095262095438130e+00 8.975423866471575751e-01
6.599095262095438841e+00 9.173549449998188443e-01
6.649095262095435999e+00 9.565420727688669356e-01
6.699095262095440262e+00 9.207042721595666279e-01
6.749095262095437420e+00 8.991655221168813883e-01
6.799095262095438130e+00 9.201374629479169842e-01
6.849095262095438841e+00 9.462106866837991515e-01
6.899095262095435999e+00 9.064052215929514489e-01
6.949095262095440262e+00 9.277636232501118574e-01
6.999095262095437420e+00 8.907922042175122623e-01
7.049095262095438130e+00 9.105274704049486356e-01
7.099095262095438841e+00 9.303142647025350875e-01
7.149095262095435999e+00 8.948629249193594815e-01
7.199095262095440262e+00 8.956616106266839239e-01
7.249095262095437420e+00 9.060702888769767149e-01
7.299095262095438130e+00 8.971301617659578342e-01
7.349095262095438841e+00 9.068174464741513008e-01
7.399095262095435999e+00 9.335862996970577532e-01
7.449095262095440262e+00 9.273256343138370772e-01
7.499095262095437420e+00 9.300050960416351709e-01
7.549095262095438130e+00 9.619009962244633449e-01
7.599095262095438841e+00 9.535792064352439645e-01
7.649095262095435999e+00 9.986920668715379978e-01
7.699095262095440262e+00 1.011677150629329169e+00
7.749095262095437420e+00 1.026955235288793622e+00
7.799095262095438130e+00 1.051276503279576779e+00
7.849095262095438841e+00 1.067662442307265591e+00
7.899095262095435999e+00 1.082863234801505259e+00
7.949095262095440262e+00 1.130500972635147150e+00
7.999095262095437420e+00 1.155827038773854953e+00
8.049095262095438130e+00 1.143872517219063134e+00
8.099095262095438841e+00 1.174995495749641794e+00
8.149095262095435999e+00 1.183162701208411161e+00
8.199095262095440262e+00 1.204624159085871504e+00
8.249095262095437420e+00 1.162474164983200220e+00
8.299095262095438130e+00 1.167652740053271687e+00
8.349095262095438841e+00 1.205603193178720556e+00
8.399095262095435999e+00 1.141012707105740098e+00
8.449095262095440262e+00 1.176129114172941081e+00
8.499095262095437420e+00 1.109915492630236367e+00
8.549095262095438130e+00 1.097136521313045066e+00
8.599095262095438841e+00 1.104401984844190165e+00
8.649095262095435999e+00 1.089871057781900188e+00
8.699095262095440262e+00 1.045170422226806117e+00
8.749095262095437420e+00 1.053955965007375095e+00
8.799095262095438130e+00 1.036436407556386996e+00
8.849095262095438841e+00 1.052204009262276196e+00
8.899095262095435999e+00 1.004411687098184069e+00
8.949095262095440262e+00 9.809921610350251786e-01
8.999095262095437420e+00 9.908855581838182935e-01
9.049095262095438130e+00 9.495084857333968564e-01
9.099095262095438841e+00 9.537337907656939784e-01
9.149095262095435999e+00 9.536564986004690825e-01
9.199095262095440262e+00 9.239247790439393260e-01
9.249095262095437420e+00 8.959965433426586578e-01
9.299095262095441683e+00 9.160152141359200195e-01
9.349095262095438841e+00 8.864123148547653486e-01
9.399095262095435999e+00 8.946568124787595000e-01
9.449095262095440262e+00 9.026951976621540030e-01
9.499095262095437420e+00 8.716495112968004610e-01
9.549095262095441683e+00 9.035196474245533738e-01
9.599095262095438841e+00 8.957131387368337805e-01
9.649095262095435999e+00 9.024375571114041650e-01
9.699095262095440262e+00 8.782966375061458386e-01
9.749095262095437420e+00 9.139025616197714585e-01
9.799095262095441683e+00 9.347714462305070082e-01
9.849095262095438841e+00 9.080025930076003338e-01
9.899095262095435999e+00 9.227138684554152537e-01
9.949095262095440262e+00 9.759939343504786535e-01
9.999095262095437420e+00 9.838262070932732861e-01
1.004909526209544168e+01 9.545067124179433815e-01
1.009909526209543884e+01 9.550992856846679535e-01
1.014909526209543600e+01 9.910401425142683074e-01
1.019909526209544026e+01 9.834655103222234018e-01
1.024909526209543742e+01 9.910401425142683074e-01
1.029909526209544168e+01 9.915811876708429118e-01
1.034909526209543884e+01 1.012759240942478378e+00
1.039909526209543600e+01 1.007039620715832307e+00
1.044909526209544026e+01 1.034890564251887968e+00
1.049909526209543742e+01 1.047824119899529283e+00
1.054909526209544168e+01 1.019045670380773982e+00
1.059909526209543884e+01 1.035070912637412910e+00
1.064909526209543600e+01 1.067250217426065850e+00
1.069909526209544026e+01 1.038085307081185960e+00
1.074909526209543742e+01 1.054445482053799399e+00
1.079909526209544168e+01 1.044861253565906090e+00
1.084909526209543884e+01 1.067791262582640455e+00
1.089909526209543600e+01 1.042877421325132614e+00
1.094909526209544026e+01 1.050117120801202564e+00
1.099909526209543742e+01 1.054703122604549570e+00
1.104909526209544168e+01 1.044603613015156585e+00
1.109909526209543884e+01 1.044371736519481342e+00
1.114909526209543600e+01 1.008353587524656314e+00
1.119909526209544026e+01 1.029969629732566450e+00
1.124909526209543742e+01 1.029145179970166968e+00
1.129909526209544168e+01 1.038446003852235622e+00
1.134909526209543884e+01 1.043856455417981888e+00
1.139909526209543600e+01 1.024894110882795140e+00
1.144909526209544026e+01 9.993361682484125375e-01
1.149909526209543742e+01 1.027573572610593455e+00
1.154909526209544168e+01 1.025383627929219665e+00
1.159909526209543884e+01 1.007941362643456573e+00
1.164909526209543600e+01 1.005081552530133537e+00
1.169909526209544026e+01 9.997999212397622459e-01
1.174909526209543742e+01 9.874331748037706857e-01
1.179909526209544168e+01 1.021081030731697536e+00
1.184909526209543884e+01 9.649411547233112119e-01
1.189909526209543600e+01 1.003844877886534537e+00
1.194909526209544026e+01 9.943894696740158690e-01
1.199909526209543742e+01 1.018659209554649170e+00
1.204909526209544168e+01 9.610765464620638632e-01
1.209909526209543884e+01 1.010414711930654796e+00
1.214909526209543600e+01 9.860419158297216713e-01
1.219909526209544026e+01 9.841353757541728697e-01
1.224909526209543742e+01 9.975069203380887428e-01
1.229909526209544168e+01 9.927148060941420882e-01
1.234909526209543884e+01 9.789568006841016246e-01
1.239909526209543600e+01 9.488386203014473885e-01
1.244909526209544026e+01 9.873816466936207181e-01
1.249909526209543742e+01 9.956519083726901309e-01
1.254909526209544168e+01 9.913235471200930737e-01
1.259909526209543884e+01 9.707380671151821794e-01
1.264909526209543600e+01 9.461591585736490728e-01
1.269909526209544026e+01 9.242597117599140599e-01
1.274909526209543742e+01 9.475246534926230479e-01
1.279909526209544168e+01 9.654564358248108880e-01
1.284909526209543884e+01 9.726188431356559416e-01
1.289909526209543600e+01 9.521106552959700542e-01
1.294909526209544026e+01 9.788022163536516107e-01
1.299909526209543742e+01 9.630346146477625213e-01
1.304909526209544168e+01 9.727218993559558768e-01
1.309909526209543884e+01 9.476792378230730618e-01
1.314909526209543600e+01 9.565936008790167921e-01
1.319909526209544026e+01 9.371932674075553749e-01
1.324909526209543742e+01 9.865056688210714908e-01
1.329909526209544168e+01 9.822288356786244012e-01
1.334909526209543884e+01 9.402849540165532094e-01
1.339909526209543600e+01 9.638075363000120355e-01
1.344909526209544026e+01 9.485294516405474718e-01
1.349909526209543742e+01 9.678782570018591436e-01
1.354909526209544168e+01 9.691406957005332945e-01
1.359909526209543884e+01 9.860676798847967106e-01
1.364909526209543600e+01 9.680843694424590140e-01
1.369909526209544026e+01 9.963217738046394878e-01
1.374909526209543742e+01 9.589381298908403739e-01
1.379909526209544168e+01 9.573149944211165607e-01
1.384909526209543884e+01 9.621328727201381437e-01
1.389909526209543600e+01 9.816362624118997182e-01
1.394909526209544026e+01 9.972492797873390158e-01
1.399909526209543742e+01 9.590411861111403091e-01
1.404909526209544168e+01 9.686511786541086577e-01
1.409909526209543884e+01 9.884637370067699269e-01
1.414909526209543600e+01 9.999802696252870771e-01
1.419909526209544026e+01 9.360854130393310157e-01
1.424909526209543742e+01 1.003535709225634509e+00
1.429909526209544168e+01 9.719747417587814020e-01
1.434909526209543884e+01 9.425264268080766339e-01
1.439909526209543600e+01 1.000444022616636897e+00
1.444909526209544026e+01 9.859388596094218471e-01
1.449909526209543742e+01 1.000495550726786753e+00
1.454909526209544168e+01 1.011677150629329169e+00
1.459909526209543884e+01 1.020539985575122710e+00
1.464909526209543600e+01 9.958064927031400337e-01
1.469909526209544026e+01 9.576499271370910726e-01
1.474909526209543742e+01 9.977645608888386919e-01
1.479909526209544168e+01 9.947244023899908250e-01
1.484909526209543884e+01 9.832078697714736748e-01
1.489909526209543600e+01 9.895200632648442074e-01
1.494909526209544026e+01 9.644001095667366075e-01
1.499909526209543742e+01 9.433251125154009653e-01
1.504909526209544168e+01 9.638848284652369314e-01
1.509909526209543884e+01 9.693983362512831325e-01
1.514909526209543600e+01 9.826410605598240311e-01
1.519909526209544026e+01 9.529608691134443532e-01
1.524909526209543742e+01 9.840065554787981172e-01
1.529909526209544168e+01 9.665127620828851684e-01
1.534909526209543884e+01 9.577014552472411513e-01
1.539909526209543600e+01 9.667961666887099348e-01
1.544909526209544026e+01 9.861707361050965348e-01
1.549909526209543742e+01 9.899838162561940269e-01
1.554909526209544168e+01 9.529351050583694249e-01
1.559909526209543884e+01 9.676721445612592731e-01
1.564909526209543600e+01 9.767926200578030960e-01
1.569909526209544026e+01 9.911431987345681316e-01
1.574909526209543742e+01 1.018942614160474269e+00
1.579909526209544168e+01 9.679555491670841505e-01
1.584909526209543884e+01 9.929724466448919262e-01
1.589909526209543600e+01 9.768441481679530636e-01
1.594909526209544026e+01 9.738555177792550532e-01
1.599909526209543742e+01 9.872012983080958870e-01
1.604909526209544168e+01 1.019689771757648522e+00
1.609909526209543884e+01 9.859130955543469188e-01
1.614909526209543600e+01 1.004978496309833602e+00
1.619909526209544026e+01 9.928178623144421344e-01
1.624909526209543742e+01 9.966051784104644762e-01
1.629909526209544168e+01 9.911431987345681316e-01
1.634909526209543884e+01 9.810952172553251138e-01
1.639909526209543600e+01 1.024481886001595399e+00
1.644909526209544026e+01 9.453347088112497021e-01
1.649909526209543742e+01 1.006472811504182552e+00
1.654909526209544168e+01 9.738812818343300926e-01
1.659909526209543884e+01 9.754013610837540815e-01
1.664909526209543600e+01 9.644258736218115358e-01
1.669909526209544026e+01 9.617206478389384028e-01
1.674909526209543742e+01 9.431447641298761342e-01
1.679909526209544168e+01 9.382238296105547271e-01
1.684909526209543884e+01 9.276605670298119222e-01
1.689909526209543600e+01 9.676721445612592731e-01
1.694909526209544026e+01 9.358020084335062494e-01
1.699909526209543742e+01 9.554857465107926551e-01
1.704909526209544168e+01 9.389967512628040192e-01
1.709909526209543884e+01 9.492766092377219467e-01
1.714909526209543600e+01 9.394605042541537276e-01
1.719909526209544026e+01 9.739585739995549885e-01
1.724909526209543742e+01 9.293352306096857030e-01
1.729909526209544168e+01 9.301339163170101454e-01
1.734909526209543884e+01 9.424233705877766987e-01
1.739909526209543600e+01 9.571604100906665469e-01
1.744909526209544026e+01 9.265269486065125237e-01
1.749909526209543742e+01 9.559237354470674353e-01
1.754909526209544168e+01 9.570058257602166440e-01
1.759909526209543884e+01 9.548931732440680831e-01
1.764909526209543600e+01 9.360854130393310157e-01
1.769909526209544026e+01 9.523425317916447419e-01
1.774909526209543742e+01 9.584486128444157371e-01
1.779909526209544168e+01 1.018298512783599508e+00
1.784909526209543884e+01 1.025460920094444894e+00
1.789909526209543600e+01 9.799873628871008657e-01
1.794909526209544026e+01 9.931270309753417180e-01
1.799909526209543742e+01 1.011213397637979350e+00
1.804909526209544168e+01 9.652245593291359782e-01
1.809909526209543884e+01 1.005519541466408207e+00
1.814909526209543600e+01 1.012218195785903552e+00
1.819909526209544026e+01 1.008843104571080840e+00
1.824909526209543742e+01 9.650957390537611147e-01
1.829909526209544168e+01 1.020050468528698406e+00
1.834909526209543884e+01 9.774624854897526749e-01
1.839909526209543600e+01 1.014511196687577055e+00
1.844909526209544026e+01 1.003123484344434990e+00
1.849909526209543742e+01 9.872012983080958870e-01
1.854909526209544168e+01 9.702743141238325819e-01
1.859909526209543884e+01 9.787764522985765714e-01
1.864909526209543600e+01 9.395893245295285912e-01
1.869909526209544026e+01 9.502814073856462596e-01
1.874909526209543742e+01 1.006859272330307364e+00
1.879909526209544168e+01 9.850628817368723977e-01
1.884909526209543884e+01 9.825637683945989131e-01
1.889909526209543600e+01 9.885667932270700842e-01
1.894909526209544026e+01 1.011754442794554176e+00
1.899909526209543742e+01 9.667446385785599672e-01
1.904909526209544168e+01 9.810952172553251138e-01
1.909909526209543884e+01 9.688830551497835675e-01
1.914909526209543600e+01 1.006550103669407559e+00
1.919909526209544026e+01 1.001757989425460682e+00
1.924909526209543742e+01 9.772563730491528045e-01
1.929909526209544168e+01 9.632664911434374311e-01
1.934909526209543884e+01 1.002221742416810724e+00
1.939909526209543600e+01 9.708153592804071863e-01
1.944909526209544026e+01 1.008997688901530854e+00
1.949909526209543742e+01 9.783126993072270849e-01
1.954909526209544168e+01 9.914523673954679372e-01
1.959909526209543884e+01 9.979706733294384513e-01
1.964909526209543600e+01 1.004798147924308882e+00
1.969909526209544026e+01 9.914523673954679372e-01
1.974909526209543742e+01 9.710214717210070567e-01
1.979909526209544168e+01 1.029866573512266514e+00
1.984909526209543884e+01 1.024069661120395658e+00
1.989909526209543600e+01 9.996453369093122321e-01
1.994909526209544026e+01 9.964763581350895016e-01
1.999909526209543742e+01 1.030922899770341017e+00
2.004909526209544168e+01 1.022085828879621738e+00
2.009909526209543884e+01 1.007374553431807040e+00
2.014909526209543600e+01 9.926632779839921206e-01
2.019909526209544026e+01 9.939257166826663825e-01
2.024909526209543742e+01 1.010054015159605134e+00
2.029909526209544168e+01 9.996453369093122321e-01
2.034909526209543884e+01 9.797812504465009953e-01
2.039909526209543600e+01 9.824864762293741283e-01
2.044909526209544026e+01 9.698620892426328410e-01
2.049909526209543742e+01 9.502814073856462596e-01
2.054909526209544168e+01 9.671310994046846687e-01
2.059909526209543884e+01 9.923798733781673542e-01
2.064909526209543600e+01 9.466229115649987813e-01
2.069909526209544026e+01 9.733402366777553771e-01
2.074909526209543742e+01 9.280212638008615844e-01
2.079909526209544168e+01 9.663839418075101939e-01
2.084909526209543884e+01 9.484006313651726083e-01
2.089909526209543600e+01 9.212968454262913109e-01
2.094909526209544026e+01 9.362399973697809186e-01
2.099909526209543742e+01 8.991397580618064600e-01
2.104909526209544168e+01 9.156029892547201676e-01
2.109909526209543884e+01 9.093423238714993806e-01
2.114909526209543600e+01 9.234352619975148002e-01
2.119909526209544026e+01 9.025663773867792505e-01
2.124909526209543742e+01 8.917454742552866076e-01
2.129909526209544168e+01 9.389194590975790122e-01
2.134909526209543884e+01 9.153453487039703296e-01
2.139909526209543600e+01 8.915651258697616655e-01
2.144909526209544026e+01 9.156802814199450635e-01
2.149909526209543742e+01 9.443041466082503499e-01
2.154909526209544168e+01 9.468547880606736911e-01
2.159909526209543884e+01 9.645289298421115820e-01
2.164909526209543600e+01 9.944152337290910193e-01
2.169909526209544026e+01 9.891851305488695845e-01
2.174909526209543742e+01 9.718716855384814668e-01
2.179909526209544168e+01 9.925344577086171460e-01
2.184909526209543884e+01 1.001294236434111085e+00
2.189909526209543600e+01 1.050915806508526895e+00
2.194909526209544026e+01 1.069620510492963916e+00
2.199909526209543742e+01 1.038600588182685636e+00
2.204909526209544168e+01 1.056815775120698131e+00
2.209909526209543884e+01 1.064648047863492542e+00
2.214909526209544310e+01 1.096930408872445417e+00
2.219909526209544026e+01 1.093555317657622927e+00
2.224909526209543742e+01 1.118391866749905761e+00
2.229909526209543458e+01 1.115222887975682919e+00
2.234909526209543884e+01 1.102753085319391424e+00
2.239909526209544310e+01 1.077092086464709109e+00
2.244909526209544026e+01 1.106926862241538689e+00
2.249909526209543742e+01 1.125142049179550963e+00
2.254909526209543458e+01 1.117644709152731064e+00
2.259909526209543884e+01 1.104273164568815302e+00
2.264909526209544310e+01 1.113342111955209157e+00
2.269909526209544026e+01 1.101542174730867130e+00
2.274909526209543742e+01 1.090360574828324935e+00
2.279909526209543458e+01 1.062123170466144462e+00
2.284909526209543884e+01 1.061324484758820130e+00
2.289909526209544310e+01 1.072763725212111829e+00
2.294909526209544026e+01 1.055527572366949052e+00
2.299909526209543742e+01 1.001809517535610761e+00
2.304909526209543458e+01 1.029660461071666644e+00
2.309909526209543884e+01 9.658686607060106288e-01
2.314909526209544310e+01 9.407229429528278786e-01
2.319909526209544026e+01 9.485809797506973284e-01
2.324909526209543742e+01 9.177414058259436569e-01
2.329909526209543458e+01 9.222758795191404735e-01
2.334909526209543884e+01 9.238217228236395018e-01
2.339909526209544310e+01 9.363430535900808538e-01
2.344909526209544026e+01 9.113519201673481174e-01
2.349909526209543742e+01 9.018965119548295606e-01
2.354909526209543458e+01 8.971043977108829059e-01
2.359909526209543884e+01 8.999126797140559741e-01
2.364909526209544310e+01 9.018707478997545213e-01
2.369909526209544026e+01 9.167623717330942723e-01
2.374909526209543742e+01 9.122278980398974557e-01
2.379909526209543458e+01 9.140056178400712827e-01
2.384909526209543884e+01 9.324526812737585768e-01
2.389909526209544310e+01 9.206785081044915886e-01
2.394909526209544026e+01 9.328133780448083501e-01
2.399909526209543742e+01 9.015100511287049700e-01
2.404909526209543458e+01 9.014585230185550024e-01
2.409909526209543884e+01 9.251614536875385486e-01
2.414909526209544310e+01 9.083375257235750677e-01
2.419909526209544026e+01 9.172518887795190201e-01
2.424909526209543742e+01 9.169427201186192145e-01
2.429909526209543458e+01 9.110427515064483117e-01
2.434909526209543884e+01 9.401818977962533852e-01
2.439909526209544310e+01 9.054261875001021753e-01
2.444909526209544026e+01 8.996550391633061361e-01
2.449909526209543742e+01 9.063279294277265530e-01
2.454909526209543458e+01 8.922865194118612120e-01
2.459909526209543884e+01 9.243627679802141062e-01
2.464909526209544310e+01 9.228426887307901172e-01
2.469909526209544026e+01 8.995262188879311616e-01
2.474909526209543742e+01 8.909983166581120217e-01
2.479909526209543458e+01 8.910498447682619894e-01
2.484909526209543884e+01 8.686351168530275224e-01
2.489909526209544310e+01 8.683001841370527885e-01
2.494909526209544026e+01 8.609059003305328250e-01
2.499909526209543742e+01 8.005149552347743391e-01
2.504909526209543458e+01 8.101507118328177270e-01
2.509909526209543884e+01 7.742871471684422691e-01
2.514909526209544310e+01 8.152777587927391156e-01
2.519909526209544026e+01 7.901062769844814371e-01
2.524909526209543742e+01 7.407165834057404252e-01
2.529909526209543458e+01 7.653985481675734670e-01
2.534909526209543884e+01 7.202083955660545378e-01
2.539909526209544310e+01 7.343013336920699574e-01
2.544909526209544026e+01 7.512798459864832301e-01
2.549909526209543742e+01 7.515374865372330682e-01
2.554909526209543458e+01 7.623841537238006394e-01
2.559909526209543884e+01 8.279279098345554422e-01
2.564909526209544310e+01 8.673726781543533715e-01
2.569909526209544026e+01 9.913235471200930737e-01
2.574909526209543742e+01 1.145882113514911538e+00
2.579909526209543458e+01 1.289928945439137831e+00
2.584909526209543884e+01 1.515261371124932754e+00
2.589909526209544310e+01 1.808482081933306063e+00
2.594909526209544026e+01 2.028507112273654656e+00
2.599909526209543742e+01 2.269787488050863722e+00
2.604909526209543458e+01 2.506636446355175352e+00
2.609909526209543884e+01 2.501354815064804171e+00
2.614909526209544310e+01 2.556618713200641047e+00
2.619909526209544026e+01 2.403837866605996521e+00
2.624909526209543742e+01 2.228719584261342312e+00
2.629909526209543458e+01 1.976051496140990960e+00
2.634909526209543884e+01 1.817190332548650034e+00
2.639909526209544310e+01 1.687468315246114292e+00
2.644909526209544026e+01 1.484138392594354094e+00
2.649909526209543742e+01 1.373069551166105295e+00
2.654909526209543458e+01 1.272615500428749602e+00
2.659909526209543884e+01 1.217583478788587303e+00
2.664909526209544310e+01 1.164612581554423931e+00
2.669909526209544026e+01 1.059649821178946016e+00
2.674909526209543742e+01 9.630088505926875930e-01
2.679909526209543458e+01 8.964602963340082553e-01
2.684909526209543884e+01 7.325493779469710587e-01
2.689909526209544310e+01 6.288490562701675168e-01
2.694909526209544026e+01 4.959065320832589108e-01
2.699909526209543742e+01 4.053201144396211819e-01
2.704909526209543458e+01 3.154550903380830551e-01
2.709909526209543884e+01 2.642361488490181931e-01
2.714909526209544310e+01 2.041028443040096285e-01
2.719909526209544026e+01 1.534764760816694218e-01
2.724909526209543742e+01 1.230233629830403685e-01
2.729909526209543458e+01 8.958161949571337435e-02
2.734909526209543884e+01 7.492187215804844980e-02
2.739909526209544310e+01 6.309617087863159113e-02
2.744909526209544026e+01 5.825252852453492725e-02
2.749909526209543742e+01 6.214290084085725280e-02
2.754909526209543458e+01 7.304109613757475694e-02
2.759909526209543884e+01 8.759778725493974627e-02
2.764909526209544310e+01 1.173037427563942969e-01
2.769909526209544026e+01 1.389970771295293839e-01
2.774909526209543742e+01 1.545585663948186861e-01
2.779909526209543458e+01 1.658432225176608987e-01
2.784909526209543884e+01 1.632410529550877287e-01
2.789909526209544310e+01 1.510546549046210552e-01
2.794909526209544026e+01 1.290521518705862458e-01
2.799909526209543742e+01 1.059160304132521491e-01
2.804909526209543458e+01 9.460561023533493874e-02
2.809909526209543884e+01 9.050912547841274969e-02
2.814909526209544310e+01 1.214775196785414235e-01
2.819909526209544026e+01 2.063185530404580970e-01
2.824909526209543742e+01 3.426361684421892484e-01
2.829909526209543458e+01 6.119993642511288856e-01
2.834909526209543884e+01 1.094740464191071849e+00
2.839909526209544310e+01 1.879049828783682319e+00
2.844909526209544026e+01 2.915821169056044049e+00
2.849909526209543742e+01 4.180733217017373882e+00
2.854909526209544168e+01 5.432325248504938919e+00
2.859909526209543884e+01 6.522788879553562680e+00
2.864909526209544310e+01 6.879775626672516964e+00
2.869909526209544026e+01 6.607475328585029395e+00
2.874909526209543742e+01 5.557976545105626442e+00
2.879909526209544168e+01 3.995901885909451501e+00
2.884909526209543884e+01 2.584572712956997087e+00
2.889909526209544310e+01 1.476563760402309411e+00
2.894909526209544026e+01 8.343431595482260210e-01
2.899909526209543742e+01 4.692922631908021947e-01
2.904909526209544168e+01 3.066953116125890055e-01
2.909909526209543884e+01 2.276511906425434106e-01
2.914909526209544310e+01 1.967085604974896929e-01
2.919909526209544026e+01 1.646065478740617594e-01
2.924909526209543742e+01 1.562847580848424900e-01
2.929909526209544168e+01 1.629834124043378907e-01
2.934909526209543884e+01 1.802710933596509690e-01
2.939909526209544310e+01 2.063700811506080368e-01
2.944909526209544026e+01 2.165726469603010129e-01
2.949909526209543742e+01 1.962963356162899797e-01
2.954909526209544168e+01 1.585777589865159098e-01
2.959909526209543884e+01 1.158351916171203172e-01
2.964909526209544310e+01 7.298956802742477545e-02
2.969909526209544026e+01 4.318055630567029651e-02
2.974909526209543742e+01 2.411515555018341195e-02
2.979909526209544168e+01 1.089819529671750414e-02
2.984909526209543884e+01 5.281631290371366881e-03
2.989909526209544310e+01 2.627933617648191972e-03
2.994909526209544026e+01 1.159382478374202481e-03
2.999909526209543742e+01 4.122248811997163750e-04
3.004909526209544168e+01 1.545843304498936677e-04
3.009909526209543884e+01 5.152811014996454687e-05
3.014909526209544310e+01 5.152811014996454687e-05
3.019909526209544026e+01 7.729216522494683386e-05
3.024909526209543742e+01 0.000000000000000000e+00
3.029909526209544168e+01 5.152811014996454687e-05
3.034909526209543884e+01 2.576405507498227344e-05
3.039909526209544310e+01 0.000000000000000000e+00
3.044909526209544026e+01 0.000000000000000000e+00
3.049909526209543742e+01 2.576405507498227344e-05
3.054909526209544168e+01 0.000000000000000000e+00
3.059909526209543884e+01 0.000000000000000000e+00
3.064909526209544310e+01 0.000000000000000000e+00
3.069909526209544026e+01 0.000000000000000000e+00
3.074909526209543742e+01 0.000000000000000000e+00
3.079909526209544168e+01 0.000000000000000000e+00
3.084909526209543884e+01 0.000000000000000000e+00
3.089909526209544310e+01 0.000000000000000000e+00
3.094909526209544026e+01 0.000000000000000000e+00
3.099909526209543742e+01 0.000000000000000000e+00
3.104909526209544168e+01 0.000000000000000000e+00
3.109909526209543884e+01 0.000000000000000000e+00
3.114909526209544310e+01 0.000000000000000000e+00
3.119909526209544026e+01 0.000000000000000000e+00
3.124909526209543742e+01 0.000000000000000000e+00
3.129909526209544168e+01 0.000000000000000000e+00
3.134909526209543884e+01 0.000000000000000000e+00
3.139909526209544310e+01 0.000000000000000000e+00
3.144909526209544026e+01 0.000000000000000000e+00
3.149909526209543742e+01 0.000000000000000000e+00
3.154909526209544168e+01 0.000000000000000000e+00
3.159909526209543884e+01 0.000000000000000000e+00
3.164909526209544310e+01 0.000000000000000000e+00
3.169909526209544026e+01 0.000000000000000000e+00
3.174909526209543742e+01 0.000000000000000000e+00
3.179909526209544168e+01 0.000000000000000000e+00
3.184909526209543884e+01 0.000000000000000000e+00
3.189909526209544310e+01 0.000000000000000000e+00
3.194909526209544026e+01 0.000000000000000000e+00
3.199909526209543742e+01 0.000000000000000000e+00
3.204909526209544168e+01 0.000000000000000000e+00
3.209909526209543884e+01 0.000000000000000000e+00
3.214909526209544310e+01 0.000000000000000000e+00
3.219909526209544026e+01 0.000000000000000000e+00
3.224909526209543742e+01 0.000000000000000000e+00
3.229909526209544168e+01 0.000000000000000000e+00
3.234909526209543884e+01 0.000000000000000000e+00
3.239909526209544310e+01 0.000000000000000000e+00
3.244909526209544026e+01 0.000000000000000000e+00
3.249909526209543742e+01 0.000000000000000000e+00
3.254909526209544168e+01 0.000000000000000000e+00
3.259909526209543884e+01 0.000000000000000000e+00
3.264909526209544310e+01 0.000000000000000000e+00
3.269909526209544026e+01 0.000000000000000000e+00
3.274909526209543742e+01 0.000000000000000000e+00
3.279909526209544168e+01 0.000000000000000000e+00
3.284909526209543884e+01 0.000000000000000000e+00
3.289909526209544310e+01 0.000000000000000000e+00
3.294909526209544026e+01 0.000000000000000000e+00
3.299909526209543742e+01 0.000000000000000000e+00
3.304909526209544168e+01 0.000000000000000000e+00
3.309909526209543884e+01 0.000000000000000000e+00
3.314909526209544310e+01 0.000000000000000000e+00
3.319909526209544026e+01 0.000000000000000000e+00
3.324909526209543742e+01 0.000000000000000000e+00
3.329909526209544168e+01 0.000000000000000000e+00
3.334909526209543884e+01 0.000000000000000000e+00
3.339909526209544310e+01 0.000000000000000000e+00
3.344909526209544026e+01 0.000000000000000000e+00
3.349909526209543742e+01 0.000000000000000000e+00
3.354909526209544168e+01 0.000000000000000000e+00
3.359909526209543884e+01 0.000000000000000000e+00
3.364909526209544310e+01 0.000000000000000000e+00
3.369909526209544026e+01 0.000000000000000000e+00
3.374909526209543742e+01 0.000000000000000000e+00
3.379909526209544168e+01 0.000000000000000000e+00
3.384909526209543884e+01 0.000000000000000000e+00
3.389909526209544310e+01 0.000000000000000000e+00
3.394909526209544026e+01 0.000000000000000000e+00
3.399909526209543742e+01 0.000000000000000000e+00
3.404909526209544168e+01 0.000000000000000000e+00
3.409909526209543884e+01 0.000000000000000000e+00
3.414909526209544310e+01 0.000000000000000000e+00
3.419909526209544026e+01 0.000000000000000000e+00
3.424909526209543742e+01 0.000000000000000000e+00
3.429909526209544168e+01 0.000000000000000000e+00
3.434909526209543884e+01 0.000000000000000000e+00
3.439909526209544310e+01 0.000000000000000000e+00
3.444909526209544026e+01 0.000000000000000000e+00
3.449909526209543742e+01 0.000000000000000000e+00
3.454909526209544168e+01 0.000000000000000000e+00
3.459909526209543884e+01 0.000000000000000000e+00
3.464909526209544310e+01 0.000000000000000000e+00
3.469909526209544026e+01 0.000000000000000000e+00
3.474909526209543742e+01 0.000000000000000000e+00
3.479909526209544168e+01 0.000000000000000000e+00
3.484909526209543884e+01 0.000000000000000000e+00
3.489909526209544310e+01 0.000000000000000000e+00
3.494909526209544026e+01 0.000000000000000000e+00
3.499909526209543742e+01 0.000000000000000000e+00
3.504909526209544168e+01 0.000000000000000000e+00
3.509909526209543884e+01 0.000000000000000000e+00
3.514909526209544310e+01 0.000000000000000000e+00
3.519909526209544026e+01 0.000000000000000000e+00
3.524909526209543742e+01 0.000000000000000000e+00
3.529909526209544168e+01 0.000000000000000000e+00
3.534909526209543884e+01 0.000000000000000000e+00
3.539909526209544310e+01 0.000000000000000000e+00
3.544909526209544026e+01 0.000000000000000000e+00
3.549909526209543742e+01 0.000000000000000000e+00
3.554909526209544168e+01 0.000000000000000000e+00
3.559909526209543884e+01 0.000000000000000000e+00
3.564909526209544310e+01 0.000000000000000000e+00
3.569909526209544026e+01 0.000000000000000000e+00
3.574909526209543742e+01 0.000000000000000000e+00
3.579909526209544168e+01 0.000000000000000000e+00
3.584909526209543884e+01 0.000000000000000000e+00
3.589909526209544310e+01 0.000000000000000000e+00
3.594909526209544026e+01 0.000000000000000000e+00
3.599909526209543742e+01 0.000000000000000000e+00
3.604909526209544168e+01 0.000000000000000000e+00
3.609909526209543884e+01 0.000000000000000000e+00
3.614909526209544310e+01 0.000000000000000000e+00
3.619909526209544026e+01 0.000000000000000000e+00
3.624909526209543742e+01 0.000000000000000000e+00
3.629909526209544168e+01 0.000000000000000000e+00
3.634909526209543884e+01 0.000000000000000000e+00
3.639909526209544310e+01 0.000000000000000000e+00
3.644909526209544026e+01 0.000000000000000000e+00
3.649909526209543742e+01 0.000000000000000000e+00
3.654909526209544168e+01 0.000000000000000000e+00
3.659909526209543884e+01 0.000000000000000000e+00
3.664909526209544310e+01 0.000000000000000000e+00
3.669909526209544026e+01 0.000000000000000000e+00
3.674909526209543742e+01 0.000000000000000000e+00
3.679909526209544168e+01 0.000000000000000000e+00
3.684909526209543884e+01 0.000000000000000000e+00
3.689909526209544310e+01 0.000000000000000000e+00
3.694909526209544026e+01 0.000000000000000000e+00
3.699909526209543742e+01 0.000000000000000000e+00
3.704909526209544168e+01 0.000000000000000000e+00
3.709909526209543884e+01 0.000000000000000000e+00
3.714909526209544310e+01 0.000000000000000000e+00
3.719909526209544026e+01 0.000000000000000000e+00
3.724909526209543742e+01 0.000000000000000000e+00
3.729909526209544168e+01 0.000000000000000000e+00
3.734909526209543884e+01 0.000000000000000000e+00
3.739909526209544310e+01 0.000000000000000000e+00
3.744909526209544026e+01 0.000000000000000000e+00
3.749909526209543742e+01 0.000000000000000000e+00
3.754909526209544168e+01 0.000000000000000000e+00
3.759909526209543884e+01 0.000000000000000000e+00
3.764909526209544310e+01 0.000000000000000000e+00
3.769909526209544026e+01 0.000000000000000000e+00
3.774909526209543742e+01 0.000000000000000000e+00
3.779909526209544168e+01 0.000000000000000000e+00
3.784909526209543884e+01 0.000000000000000000e+00
3.789909526209544310e+01 0.000000000000000000e+00
3.794909526209544026e+01 0.000000000000000000e+00
3.799909526209543742e+01 0.000000000000000000e+00
3.804909526209544168e+01 0.000000000000000000e+00
3.809909526209543884e+01 0.000000000000000000e+00
3.814909526209544310e+01 0.000000000000000000e+00
3.819909526209544026e+01 0.000000000000000000e+00
3.824909526209543742e+01 0.000000000000000000e+00
3.829909526209544168e+01 0.000000000000000000e+00
3.834909526209543884e+01 0.000000000000000000e+00
3.839909526209544310e+01 0.000000000000000000e+00
3.844909526209544026e+01 0.000000000000000000e+00
3.849909526209543742e+01 0.000000000000000000e+00
3.854909526209544168e+01 0.000000000000000000e+00
3.859909526209543884e+01 0.000000000000000000e+00
3.864909526209544310e+01 0.000000000000000000e+00
3.869909526209544026e+01 0.000000000000000000e+00
3.874909526209543742e+01 0.000000000000000000e+00
3.879909526209544168e+01 0.000000000000000000e+00
3.884909526209543884e+01 0.000000000000000000e+00
3.889909526209544310e+01 0.000000000000000000e+00
3.894909526209544026e+01 0.000000000000000000e+00
3.899909526209543742e+01 0.000000000000000000e+00
3.904909526209544168e+01 0.000000000000000000e+00
3.909909526209543884e+01 0.000000000000000000e+00
3.914909526209544310e+01 0.000000000000000000e+00
3.919909526209544026e+01 0.000000000000000000e+00
3.924909526209543742e+01 0.000000000000000000e+00
3.929909526209544168e+01 0.000000000000000000e+00
3.934909526209543884e+01 0.000000000000000000e+00
3.939909526209544310e+01 0.000000000000000000e+00
3.944909526209544026e+01 0.000000000000000000e+00
3.949909526209543742e+01 0.000000000000000000e+00
3.954909526209544168e+01 0.000000000000000000e+00
3.959909526209543884e+01 0.000000000000000000e+00
3.964909526209544310e+01 0.000000000000000000e+00
3.969909526209544026e+01 0.000000000000000000e+00
3.974909526209543742e+01 0.000000000000000000e+00
3.979909526209544168e+01 0.000000000000000000e+00
3.984909526209543884e+01 0.000000000000000000e+00
3.989909526209544310e+01 0.000000000000000000e+00
3.994909526209544026e+01 0.000000000000000000e+00
3.999909526209543742e+01 0.000000000000000000e+00
4.004909526209544168e+01 0.000000000000000000e+00
