-9.843446644458724748e+00 3.606967710497518552e-04
-9.793446644458725814e+00 2.834046058248050485e-04
-9.743446644458725103e+00 2.318764956748404745e-04
-9.693446644458724393e+00 1.803483855248759276e-04
-9.643446644458725459e+00 1.288202753749113807e-04
-9.593446644458724748e+00 1.545843304498936677e-04
-9.543446644458725814e+00 1.288202753749113807e-04
-9.493446644458725103e+00 7.729216522494683386e-05
-9.443446644458724393e+00 7.729216522494683386e-05
-9.393446644458725459e+00 5.152811014996454687e-05
-9.343446644458724748e+00 0.000000000000000000e+00
-9.293446644458725814e+00 5.152811014996454687e-05
-9.243446644458725103e+00 2.576405507498227344e-05
-9.193446644458724393e+00 0.000000000000000000e+00
-9.143446644458725459e+00 0.000000000000000000e+00
-9.093446644458724748e+00 0.000000000000000000e+00
-9.043446644458725814e+00 0.000000000000000000e+00
-8.993446644458725103e+00 0.000000000000000000e+00
-8.943446644458724393e+00 0.000000000000000000e+00
-8.893446644458725459e+00 0.000000000000000000e+00
-8.843446644458724748e+00 0.000000000000000000e+00
-8.793446644458725814e+00 0.000000000000000000e+00
-8.743446644458725103e+00 0.000000000000000000e+00
-8.693446644458724393e+00 0.000000000000000000e+00
-8.643446644458725459e+00 0.000000000000000000e+00
-8.593446644458724748e+00 0.000000000000000000e+00
-8.543446644458725814e+00 0.000000000000000000e+00
-8.493446644458725103e+00 0.000000000000000000e+00
-8.443446644458724393e+00 0.000000000000000000e+00
-8.393446644458725459e+00 0.000000000000000000e+00
-8.343446644458724748e+00 0.000000000000000000e+00
-8.293446644458725814e+00 0.000000000000000000e+00
-8.243446644458725103e+00 0.000000000000000000e+00
-8.193446644458724393e+00 0.000000000000000000e+00
-8.143446644458725459e+00 0.000000000000000000e+00
-8.093446644458724748e+00 0.000000000000000000e+00
-8.043446644458725814e+00 0.000000000000000000e+00
-7.993446644458725103e+00 0.000000000000000000e+00
-7.943446644458724393e+00 0.000000000000000000e+00
-7.893446644458725459e+00 0.000000000000000000e+00
-7.843446644458724748e+00 0.000000000000000000e+00
-7.793446644458724926e+00 0.000000000000000000e+00
-7.743446644458725103e+00 0.000000000000000000e+00
-7.693446644458725281e+00 0.000000000000000000e+00
-7.643446644458725459e+00 0.000000000000000000e+00
-7.593446644458724748e+00 0.000000000000000000e+00
-7.543446644458724926e+00 0.000000000000000000e+00
-7.493446644458725103e+00 0.000000000000000000e+00
-7.443446644458724393e+00 0.000000000000000000e+00
-7.393446644458725459e+00 0.000000000000000000e+00
-7.343446644458724748e+00 0.000000000000000000e+00
-7.293446644458724926e+00 0.000000000000000000e+00
-7.243446644458725103e+00 0.000000000000000000e+00
-7.193446644458724393e+00 0.000000000000000000e+00
-7.143446644458725459e+00 0.000000000000000000e+00
-7.093446644458724748e+00 0.000000000000000000e+00
-7.043446644458724926e+00 0.000000000000000000e+00
-6.993446644458725103e+00 0.000000000000000000e+00
-6.943446644458724393e+00 0.000000000000000000e+00
-6.893446644458725459e+00 0.000000000000000000e+00
-6.843446644458724748e+00 0.000000000000000000e+00
-6.793446644458724926e+00 0.000000000000000000e+00
-6.743446644458725103e+00 0.000000000000000000e+00
-6.693446644458724393e+00 0.000000000000000000e+00
-6.643446644458725459e+00 0.000000000000000000e+00
-6.593446644458724748e+00 0.000000000000000000e+00
-6.543446644458724926e+00 0.000000000000000000e+00
-6.493446644458725103e+00 0.000000000000000000e+00
-6.443446644458724393e+00 0.000000000000000000e+00
-6.393446644458725459e+00 0.000000000000000000e+00
-6.343446644458724748e+00 0.000000000000000000e+00
-6.293446644458724926e+00 0.000000000000000000e+00
-6.243446644458725103e+00 0.000000000000000000e+00
-6.193446644458724393e+00 0.000000000000000000e+00
-6.143446644458725459e+00 0.000000000000000000e+00
-6.093446644458724748e+00 0.000000000000000000e+00
-6.043446644458724926e+00 0.000000000000000000e+00
-5.993446644458725103e+00 0.000000000000000000e+00
-5.943446644458724393e+00 0.000000000000000000e+00
-5.893446644458725459e+00 0.000000000000000000e+00
-5.843446644458724748e+00 0.000000000000000000e+00
-5.793446644458724926e+00 0.000000000000000000e+00
-5.743446644458725103e+00 0.000000000000000000e+00
-5.693446644458724393e+00 0.000000000000000000e+00
-5.643446644458725459e+00 0.000000000000000000e+00
-5.593446644458724748e+00 0.000000000000000000e+00
-5.543446644458724926e+00 0.000000000000000000e+00
-5.493446644458725103e+00 0.000000000000000000e+00
-5.443446644458724393e+00 0.000000000000000000e+00
-5.393446644458725459e+00 0.000000000000000000e+00
-5.343446644458724748e+00 0.000000000000000000e+00
-5.293446644458724926e+00 0.000000000000000000e+00
-5.243446644458725103e+00 0.000000000000000000e+00
-5.193446644458724393e+00 0.000000000000000000e+00
-5.143446644458725459e+00 0.000000000000000000e+00
-5.093446644458724748e+00 0.000000000000000000e+00
-5.043446644458724037e+00 0.000000000000000000e+00
-4.993446644458725103e+00 0.000000000000000000e+00
-4.943446644458724393e+00 0.000000000000000000e+00
-4.893446644458725459e+00 0.000000000000000000e+00
-4.843446644458724748e+00 0.000000000000000000e+00
-4.793446644458724037e+00 0.000000000000000000e+00
-4.743446644458725103e+00 0.000000000000000000e+00
-4.693446644458724393e+00 0.000000000000000000e+00
-4.643446644458725459e+00 0.000000000000000000e+00
-4.593446644458724748e+00 0.000000000000000000e+00
-4.543446644458724037e+00 0.000000000000000000e+00
-4.493446644458725103e+00 0.000000000000000000e+00
-4.443446644458724393e+00 0.000000000000000000e+00
-4.393446644458725459e+00 0.000000000000000000e+00
-4.343446644458724748e+00 0.000000000000000000e+00
-4.293446644458724037e+00 0.000000000000000000e+00
-4.243446644458725103e+00 0.000000000000000000e+00
-4.193446644458724393e+00 0.000000000000000000e+00
-4.143446644458725459e+00 0.000000000000000000e+00
-4.093446644458724748e+00 0.000000000000000000e+00
-4.043446644458724037e+00 0.000000000000000000e+00
-3.993446644458725103e+00 0.000000000000000000e+00
-3.943446644458724393e+00 0.000000000000000000e+00
-3.893446644458725459e+00 0.000000000000000000e+00
-3.843446644458724748e+00 0.000000000000000000e+00
-3.793446644458724037e+00 0.000000000000000000e+00
-3.743446644458725103e+00 0.000000000000000000e+00
-3.693446644458724393e+00 0.000000000000000000e+00
-3.643446644458725459e+00 0.000000000000000000e+00
-3.593446644458724748e+00 0.000000000000000000e+00
-3.543446644458724037e+00 0.000000000000000000e+00
-3.493446644458725103e+00 0.000000000000000000e+00
-3.443446644458724393e+00 0.000000000000000000e+00
-3.393446644458725459e+00 0.000000000000000000e+00
-3.343446644458724748e+00 0.000000000000000000e+00
-3.293446644458724037e+00 0.000000000000000000e+00
-3.243446644458725103e+00 0.000000000000000000e+00
-3.193446644458724393e+00 0.000000000000000000e+00
-3.143446644458725459e+00 0.000000000000000000e+00
-3.093446644458724748e+00 0.000000000000000000e+00
-3.043446644458724037e+00 0.000000000000000000e+00
-2.993446644458725103e+00 0.000000000000000000e+00
-2.943446644458724393e+00 0.000000000000000000e+00
-2.893446644458725459e+00 0.000000000000000000e+00
-2.843446644458724748e+00 0.000000000000000000e+00
-2.793446644458724037e+00 0.000000000000000000e+00
-2.743446644458725103e+00 0.000000000000000000e+00
-2.693446644458724393e+00 0.000000000000000000e+00
-2.643446644458725459e+00 0.000000000000000000e+00
-2.593446644458724748e+00 0.000000000000000000e+00
-2.543446644458724037e+00 0.000000000000000000e+00
-2.493446644458725103e+00 0.000000000000000000e+00
-2.443446644458724393e+00 0.000000000000000000e+00
-2.393446644458725459e+00 0.000000000000000000e+00
-2.343446644458724748e+00 0.000000000000000000e+00
-2.293446644458724037e+00 0.000000000000000000e+00
-2.243446644458725103e+00 0.000000000000000000e+00
-2.193446644458724393e+00 0.000000000000000000e+00
-2.143446644458725459e+00 0.000000000000000000e+00
-2.093446644458724748e+00 0.000000000000000000e+00
-2.043446644458724037e+00 0.000000000000000000e+00
-1.993446644458725103e+00 0.000000000000000000e+00
-1.943446644458724393e+00 0.000000000000000000e+00
-1.893446644458725459e+00 0.000000000000000000e+00
-1.843446644458724748e+00 0.000000000000000000e+00
-1.793446644458725814e+00 0.000000000000000000e+00
-1.743446644458725103e+00 0.000000000000000000e+00
-1.693446644458724393e+00 0.000000000000000000e+00
-1.643446644458723682e+00 0.000000000000000000e+00
-1.593446644458724748e+00 0.000000000000000000e+00
-1.543446644458725814e+00 0.000000000000000000e+00
-1.493446644458725103e+00 0.000000000000000000e+00
-1.443446644458724393e+00 0.000000000000000000e+00
-1.393446644458723682e+00 0.000000000000000000e+00
-1.343446644458724748e+00 0.000000000000000000e+00
-1.293446644458725814e+00 0.000000000000000000e+00
-1.243446644458725103e+00 0.000000000000000000e+00
-1.193446644458724393e+00 0.000000000000000000e+00
-1.143446644458723682e+00 0.000000000000000000e+00
-1.093446644458724748e+00 0.000000000000000000e+00
-1.043446644458725814e+00 0.000000000000000000e+00
-9.934466444587251033e-01 0.000000000000000000e+00
-9.434466444587243927e-01 0.000000000000000000e+00
-8.934466444587236822e-01 0.000000000000000000e+00
-8.434466444587247480e-01 0.000000000000000000e+00
-7.934466444587258138e-01 0.000000000000000000e+00
-7.434466444587251033e-01 0.000000000000000000e+00
-6.934466444587243927e-01 0.000000000000000000e+00
-6.434466444587236822e-01 0.000000000000000000e+00
-5.934466444587247480e-01 0.000000000000000000e+00
-5.434466444587258138e-01 0.000000000000000000e+00
-4.934466444587251033e-01 0.000000000000000000e+00
-4.434466444587243927e-01 0.000000000000000000e+00
-3.934466444587236822e-01 0.000000000000000000e+00
-3.434466444587247480e-01 0.000000000000000000e+00
-2.934466444587240375e-01 0.000000000000000000e+00
-2.434466444587251033e-01 0.000000000000000000e+00
-1.934466444587243927e-01 0.000000000000000000e+00
-1.434466444587236822e-01 0.000000000000000000e+00
-9.344664445872474801e-02 0.000000000000000000e+00
-4.344664445872403746e-02 0.000000000000000000e+00
6.553355541274896723e-03 0.000000000000000000e+00
5.655335554127560727e-02 0.000000000000000000e+00
1.065533555412763178e-01 0.000000000000000000e+00
1.565533555412752520e-01 0.000000000000000000e+00
2.065533555412759625e-01 2.576405507498227344e-05
2.565533555412748967e-01 2.576405507498227344e-05
3.065533555412756073e-01 5.152811014996454687e-05
3.565533555412763178e-01 2.576405507498227344e-05
4.065533555412752520e-01 5.152811014996454687e-05
4.565533555412759625e-01 5.152811014996454687e-05
5.065533555412748967e-01 2.576405507498227615e-04
5.565533555412756073e-01 2.061124405998581875e-04
6.065533555412763178e-01 5.410451565746278099e-04
6.565533555412752520e-01 3.864608261247340880e-04
7.065533555412759625e-01 6.441013768745570663e-04
7.565533555412748967e-01 8.759778725493974324e-04
8.065533555412756073e-01 9.532700377743441849e-04
8.565533555412763178e-01 1.777719800173777152e-03
9.065533555412752520e-01 2.962866333622961919e-03
9.565533555412759625e-01 5.590799951271153458e-03
1.006553355541274897e+00 1.265015104181629706e-02
1.056553355541275607e+00 2.311035740225910601e-02
1.106553355541276318e+00 4.137707245042154119e-02
1.156553355541275252e+00 7.510222054357333643e-02
1.206553355541275963e+00 1.132845501646970732e-01
1.256553355541274897e+00 1.568258032414171221e-01
1.306553355541275607e+00 1.873562085052711268e-01
1.356553355541276318e+00 1.999033033267874626e-01
1.406553355541275252e+00 1.925605476304175778e-01
1.456553355541275963e+00 1.735209109300056285e-01
1.506553355541274897e+00 1.531673074207696161e-01
1.556553355541275607e+00 1.430935618864515591e-01
1.606553355541276318e+00 1.498695083711718834e-01
1.656553355541275252e+00 1.760457883273539026e-01
1.706553355541275963e+00 1.904994232244189289e-01
1.756553355541274897e+00 2.534410097726006450e-01
1.806553355541275607e+00 3.723936520537938222e-01
1.856553355541276318e+00 6.899098667978753596e-01
1.906553355541275252e+00 1.309535391351198896e+00
1.956553355541275963e+00 2.263501058612567896e+00
2.006553355541274897e+00 3.377538800054801893e+00
2.056553355541275607e+00 4.540141785313377198e+00
2.106553355541276318e+00 5.345165450186273759e+00
2.156553355541275252e+00 5.609272778759915923e+00
2.206553355541275963e+00 5.287995011974887305e+00
2.256553355541274897e+00 4.628203325559666403e+00
2.306553355541275607e+00 3.978691497119362985e+00
2.356553355541276318e+00 3.197422291025600494e+00
2.406553355541275252e+00 2.450058581410514247e+00
2.456553355541275963e+00 1.872325410409112045e+00
2.506553355541274897e+00 1.183935622860660786e+00
2.556553355541275607e+00 7.135097412465590816e-01
2.606553355541276318e+00 3.711569774101947106e-01
2.656553355541275252e+00 2.128626230295035671e-01
2.706553355541275963e+00 1.330713444622834696e-01
2.756553355541274897e+00 1.297735454126857646e-01
2.806553355541275607e+00 1.437891913734760663e-01
2.856553355541276318e+00 1.560528815891676635e-01
2.906553355541275252e+00 1.813789477278752171e-01
2.956553355541275963e+00 1.915042213723432973e-01
3.006553355541274897e+00 1.945186158161161805e-01
3.056553355541275607e+00 1.890824001952949307e-01
3.106553355541276318e+00 1.822291615453496272e-01
3.156553355541275252e+00 1.731344501038808714e-01
3.206553355541275963e+00 1.697593588890582150e-01
3.256553355541274897e+00 1.624938953579131984e-01
3.306553355541275607e+00 1.653021773610862943e-01
3.356553355541276318e+00 1.620043783114885616e-01
3.406553355541275252e+00 1.772309348608031021e-01
3.456553355541275963e+00 2.004185844282871387e-01
3.506553355541274897e+00 2.121927575975540436e-01
3.556553355541275607e+00 2.421821177048333884e-01
3.606553355541276318e+00 2.810343127579066902e-01
3.656553355541275252e+00 3.529933185823321828e-01
3.706553355541275963e+00 4.161152535160387300e-01
3.756553355541274897e+00 4.509224919223397965e-01
3.806553355541275607e+00 5.713952134529569626e-01
3.856553355541276318e+00 6.123085329120288023e-01
3.906553355541275252e+00 7.569994662131294128e-01
3.956553355541275963e+00 7.809085093227128294e-01
4.006553355541274897e+00 8.481526930684166743e-01
4.056553355541275607e+00 9.198540583420922179e-01
4.106553355541276318e+00 9.455408212518495725e-01
4.156553355541275252e+00 9.888501978328947395e-01
4.206553355541275963e+00 1.040043375266884507e+00
4.256553355541274897e+00 1.045814523603680657e+00
4.306553355541275607e+00 1.099197645719043992e+00
4.356553355541276318e+00 1.139544155966465855e+00
4.406553355541275252e+00 1.331254489779409411e+00
4.456553355541275963e+00 1.538191380141666897e+00
4.506553355541274897e+00 1.721090407118966104e+00
4.556553355541275607e+00 2.012121173245966066e+00
4.606553355541276318e+00 2.120819721607316133e+00
4.656553355541275252e+00 2.250773615405526673e+00
4.706553355541275963e+00 2.267984004195615189e+00
4.756553355541274897e+00 2.182421577291598691e+00
4.806553355541275607e+00 2.028842044989629390e+00
4.856553355541276318e+00 1.875777793789159542e+00
4.906553355541275252e+00 1.642587331305494835e+00
4.956553355541275963e+00 1.421892435533196775e+00
5.006553355541274897e+00 1.265350036897604502e+00
5.056553355541275607e+00 1.094019070648972303e+00
5.106553355541276318e+00 9.836973868178983116e-01
5.156553355541275252e+00 8.777040642394212666e-01
5.206553355541275963e+00 8.335960019510515462e-01
5.256553355541274897e+00 8.130878141113656588e-01
5.306553355541275607e+00 8.027821920813726919e-01
5.356553355541276318e+00 8.358374747425750817e-01
5.406553355541275252e+00 8.327715521886520644e-01
5.456553355541275963e+00 8.602102708435082068e-01
5.506553355541274897e+00 9.590927142212902767e-01
5.556553355541275607e+00 9.852174660673223006e-01
5.606553355541276318e+00 1.058593494920871958e+00
5.656553355541275252e+00 1.071733163009112477e+00
5.706553355541275963e+00 1.121947306350253193e+00
5.756553355541274897e+00 1.165179390766073686e+00
5.806553355541275607e+00 1.212739836434490570e+00
5.856553355541276318e+00 1.180380183260312910e+00
5.906553355541275252e+00 1.157656286684178637e+00
5.956553355541275963e+00 1.181178868967637463e+00
6.006553355541274897e+00 1.142893483126213861e+00
6.056553355541275607e+00 1.098759656782769101e+00
6.106553355541276318e+00 1.078457581383683195e+00
6.156553355541273476e+00 1.062870328063318937e+00
6.206553355541277739e+00 1.016108568102225940e+00
6.256553355541274897e+00 1.023940840845020572e+00
6.306553355541275607e+00 9.269391734877123756e-01
6.356553355541276318e+00 9.228169246757151889e-01
6.406553355541273476e+00 9.553569262354177916e-01
6.456553355541277739e+00 9.185658555883430276e-01
6.506553355541274897e+00 8.435924553201445963e-01
6.556553355541275607e+00 8.919515866958864780e-01
6.606553355541276318e+00 8.711084661402257456e-01
6.656553355541273476e+00 8.275414490084308516e-01
6.706553355541277739e+00 8.382850599746982656e-01
6.756553355541274897e+00 7.812176779836126350e-01
6.806553355541275607e+00 8.062603395164953390e-01
6.856553355541276318e+00 7.593697592800275897e-01
6.906553355541273476e+00 7.742098550032173732e-01
6.956553355541277739e+00 7.923992778861549402e-01
7.006553355541274897e+00 7.739779785075426854e-01
7.056553355541275607e+00 7.838198475461857218e-01
7.106553355541276318e+00 7.830984540040863973e-01
7.156553355541273476e+00 7.554020947984803058e-01
7.206553355541277739e+00 7.848504097491850739e-01
7.256553355541274897e+00 7.562265445608797876e-01
7.306553355541275607e+00 7.626675583296254057e-01
7.356553355541276318e+00 7.875041074219082393e-01
7.406553355541273476e+00 7.850049940796349768e-01
7.456553355541277739e+00 8.121087800185164962e-01
7.506553355541274897e+00 8.395217346182974882e-01
7.556553355541275607e+00 8.333641254553767475e-01
7.606553355541276318e+00 8.635853620583309187e-01
7.656553355541273476e+00 8.821612457673931873e-01
7.706553355541277739e+00 8.983153082994070893e-01
7.756553355541274897e+00 9.565936008790167921e-01
7.806553355541275607e+00 9.935134918014666416e-01
7.856553355541276318e+00 1.010904228977079544e+00
7.906553355541273476e+00 1.092705103840148295e+00
7.956553355541277739e+00 1.095307273402721604e+00
8.006553355541274897e+00 1.202202337908823138e+00
8.056553355541275607e+00 1.183136937153336010e+00
8.106553355541276318e+00 1.264860519851179976e+00
8.156553355541273476e+00 1.278979222032270213e+00
8.206553355541277739e+00 1.287301011821489372e+00
8.256553355541274897e+00 1.345192843574974262e+00
8.306553355541275607e+00 1.363356502402837345e+00
8.356553355541276318e+00 1.362686636970887655e+00
8.406553355541273476e+00 1.333444434460782535e+00
8.456553355541277739e+00 1.312034504693472492e+00
8.506553355541274897e+00 1.321386856685691003e+00
8.556553355541275607e+00 1.263752665482955617e+00
8.606553355541276318e+00 1.221783019765809497e+00
8.656553355541273476e+00 1.196147784966202110e+00
8.706553355541277739e+00 1.165694671867573140e+00
8.756553355541274897e+00 1.099300701939343705e+00
8.806553355541275607e+00 1.098862713003069036e+00
8.856553355541276318e+00 1.074258040406461001e+00
8.906553355541273476e+00 1.037312385428936334e+00
8.956553355541277739e+00 1.033447777167689097e+00
9.006553355541274897e+00 1.001732225370385976e+00
9.056553355541275607e+00 1.043547286757082304e+00
9.106553355541276318e+00 1.019226018766298925e+00
9.156553355541273476e+00 9.538368469859938026e-01
9.206553355541277739e+00 9.920191766071175810e-01
9.256553355541274897e+00 1.027238639894618277e+00
9.306553355541279160e+00 9.938741885725161929e-01
9.356553355541276318e+00 9.573407584761914890e-01
9.406553355541273476e+00 9.974038641177889186e-01
9.456553355541277739e+00 1.037904958695661017e+00
9.506553355541274897e+00 1.028707191033892521e+00
9.556553355541279160e+00 1.001216944268886300e+00
9.606553355541276318e+00 1.056686954845323045e+00
9.656553355541273476e+00 1.001500348874711177e+00
9.706553355541277739e+00 1.018736501719874177e+00
9.756553355541274897e+00 9.862222642152465024e-01
9.806553355541279160e+00 9.543263640324184394e-01
9.856553355541276318e+00 9.745253832112045211e-01
9.906553355541273476e+00 9.729537758516306756e-01
9.956553355541277739e+00 9.653533796045109527e-01
1.000655335554127490e+01 9.522910036814948853e-01
1.005655335554127916e+01 9.450770682604998640e-01
1.010655335554127632e+01 9.369356268568054258e-01
1.015655335554127348e+01 9.073842556858008335e-01
1.020655335554127774e+01 9.512346774234206048e-01
1.025655335554127490e+01 9.409290553934277490e-01
1.030655335554127916e+01 9.457469336924494430e-01
1.035655335554127632e+01 9.636014238594121650e-01
1.040655335554127348e+01 9.932300871956417643e-01
1.045655335554127774e+01 9.747057315967294633e-01
1.050655335554127490e+01 9.959610770335898255e-01
1.055655335554127916e+01 9.774882495448276032e-01
1.060655335554127632e+01 9.815847343017497506e-01
1.065655335554127348e+01 9.682131897178338775e-01
1.070655335554127774e+01 9.735463491183553586e-01
1.075655335554127490e+01 1.023425559743520896e+00
1.080655335554127916e+01 1.013712510980252723e+00
1.085655335554127632e+01 9.782096430869270387e-01
1.090655335554127348e+01 9.924571655433923612e-01
1.095655335554127774e+01 9.569027695399168199e-01
1.100655335554127490e+01 1.009281093507355731e+00
1.105655335554127916e+01 9.911174346794932033e-01
1.110655335554127632e+01 9.811982734756250490e-01
1.115655335554127348e+01 9.673887399554346178e-01
1.120655335554127774e+01 9.840065554787981172e-01
1.125655335554127490e+01 9.977387968337636526e-01
1.130655335554127916e+01 9.505390479363960976e-01
1.135655335554127632e+01 9.944667618392409869e-01
1.140655335554127348e+01 1.016366208652975889e+00
1.145655335554127774e+01 9.642455252362867046e-01
1.150655335554127490e+01 1.013274522043977832e+00
1.155655335554127916e+01 1.008405115634806393e+00
1.160655335554127632e+01 1.038085307081185960e+00
1.165655335554127348e+01 1.019560951482273659e+00
1.170655335554127774e+01 1.045093130061581110e+00
1.175655335554127490e+01 1.018994142270624126e+00
1.180655335554127916e+01 1.085388112198853339e+00
1.185655335554127632e+01 1.042954713490357399e+00
1.190655335554127348e+01 1.105741715708089323e+00
1.195655335554127774e+01 1.090747035654449748e+00
1.200655335554127490e+01 1.031824641697965284e+00
1.205655335554127916e+01 1.070882949191638511e+00
1.210655335554127632e+01 1.078122648667708017e+00
1.215655335554127348e+01 1.066966812820241195e+00
1.220655335554127774e+01 1.064776868138867405e+00
1.225655335554127490e+01 1.077555839456058706e+00
1.230655335554127916e+01 1.052332829537650838e+00
1.235655335554127632e+01 1.055012291265449154e+00
1.240655335554127348e+01 1.079797312247582131e+00
1.245655335554127774e+01 1.088917787744126064e+00
1.250655335554127490e+01 1.028604134813592363e+00
1.255655335554127916e+01 1.048571277496703757e+00
1.260655335554127632e+01 1.045247714392030902e+00
1.265655335554127348e+01 1.032571799295139536e+00
1.270655335554127774e+01 1.049369963204028089e+00
1.275655335554127490e+01 1.037003216768036529e+00
1.280655335554127916e+01 1.020256580969298277e+00
1.285655335554127632e+01 1.030948663825415723e+00
1.290655335554127348e+01 1.022626874036196565e+00
1.295655335554127774e+01 1.014794601293401932e+00
1.300655335554127490e+01 1.031051720045715658e+00
1.305655335554127916e+01 1.048828918047453485e+00
1.310655335554127632e+01 1.039708442550909773e+00
1.315655335554127348e+01 1.059366416573121139e+00
1.320655335554127774e+01 9.970431673467390343e-01
1.325655335554127490e+01 1.000701663167386624e+00
1.330655335554127916e+01 1.050142884856277714e+00
1.335655335554127632e+01 1.049086558598203212e+00
1.340655335554127348e+01 1.035740778069362600e+00
1.345655335554127774e+01 1.008018654808681802e+00
1.350655335554127490e+01 1.035070912637412910e+00
1.355655335554127916e+01 1.005906002292533241e+00
1.360655335554127632e+01 1.033628125553214039e+00
1.365655335554127348e+01 1.008199003194206522e+00
1.370655335554127774e+01 9.569027695399168199e-01
1.375655335554127490e+01 1.040610184478534039e+00
1.380655335554127916e+01 1.007864070478231788e+00
1.385655335554127632e+01 9.929466825898169979e-01
1.390655335554127348e+01 1.005184608750433473e+00
1.395655335554127774e+01 9.865056688210714908e-01
1.400655335554127490e+01 9.730310680168556825e-01
1.405655335554127916e+01 9.994649885237874010e-01
1.410655335554127632e+01 1.014382376412202191e+00
1.415655335554127348e+01 9.639878846855367556e-01
1.420655335554127774e+01 9.703258422339824385e-01
1.425655335554127490e+01 1.034916328306963118e+00
1.430655335554127916e+01 9.907567379084435411e-01
1.435655335554127632e+01 9.945698180595409221e-01
1.440655335554127348e+01 9.845218365802976823e-01
1.445655335554127774e+01 9.844960725252227540e-01
1.450655335554127490e+01 9.864541407109213011e-01
1.455655335554127916e+01 1.008791576460930983e+00
1.460655335554127632e+01 1.037441205704311198e+00
1.465655335554127348e+01 9.756074735243538409e-01
1.470655335554127774e+01 1.022008536714396953e+00
1.475655335554127490e+01 1.023193683247846097e+00
1.480655335554127916e+01 1.020823390180947809e+00
1.485655335554127632e+01 9.913235471200930737e-01
1.490655335554127348e+01 1.020849154236022738e+00
1.495655335554127774e+01 1.002221742416810724e+00
1.500655335554127490e+01 1.008817340516006134e+00
1.505655335554127916e+01 1.005390721191033343e+00
1.510655335554127632e+01 1.014305084246977184e+00
1.515655335554127348e+01 1.047824119899529283e+00
1.520655335554127774e+01 1.023580144073970910e+00
1.525655335554127490e+01 1.029505876741216852e+00
1.530655335554127916e+01 1.044139860023806765e+00
1.535655335554127632e+01 1.012012083345303681e+00
1.540655335554127348e+01 1.005468013356258350e+00
1.545655335554127774e+01 1.005442249301183422e+00
1.550655335554127490e+01 1.006781980165082357e+00
1.555655335554127916e+01 1.008095946973906365e+00
1.560655335554127632e+01 1.009950958939305199e+00
1.565655335554127348e+01 1.058232798149822074e+00
1.570655335554127774e+01 9.910401425142683074e-01
1.575655335554127490e+01 9.722581463646061684e-01
1.580655335554127916e+01 1.016907253809550493e+00
1.585655335554127632e+01 1.004695091704008947e+00
1.590655335554127348e+01 1.009229565397205652e+00
1.595655335554127774e+01 1.015850927551476213e+00
1.600655335554127490e+01 1.014691545073101775e+00
1.605655335554127916e+01 1.038239891411635529e+00
1.610655335554127632e+01 9.866860172065962109e-01
1.615655335554127348e+01 1.038497531962385478e+00
1.620655335554127774e+01 1.081317391497006231e+00
1.625655335554127490e+01 1.078122648667708017e+00
1.630655335554127916e+01 1.059546764958646081e+00
1.635655335554127632e+01 1.057124943781597715e+00
1.640655335554127348e+01 1.056068617523523212e+00
1.645655335554127774e+01 1.003149248399509919e+00
1.650655335554127490e+01 1.022858750531871364e+00
1.655655335554127916e+01 1.046355568760255261e+00
1.660655335554127632e+01 1.043650342977382017e+00
1.665655335554127348e+01 1.063746305935868275e+00
1.670655335554127774e+01 1.075572007215285009e+00
1.675655335554127490e+01 1.023348267578296111e+00
1.680655335554127916e+01 1.056867303230847988e+00
1.685655335554127632e+01 1.049447255369253318e+00
1.690655335554127348e+01 1.045943343879055298e+00
1.695655335554127774e+01 1.035508901573687579e+00
1.700655335554127490e+01 1.071449758403288044e+00
1.705655335554127916e+01 1.036513699721612003e+00
1.710655335554127632e+01 1.017937816012549845e+00
1.715655335554127348e+01 1.013119937713528040e+00
1.720655335554127774e+01 9.966567065206144438e-01
1.725655335554127490e+01 1.057769045158472254e+00
1.730655335554127916e+01 1.017422534911050169e+00
1.735655335554127632e+01 9.797039582812759884e-01
1.740655335554127348e+01 1.013274522043977832e+00
1.745655335554127774e+01 1.004901204144608595e+00
1.750655335554127490e+01 9.972492797873390158e-01
1.755655335554127916e+01 1.031618529257365413e+00
1.760655335554127632e+01 1.029995393787641600e+00
1.765655335554127348e+01 9.994392244687124727e-01
1.770655335554127774e+01 1.009616026223330465e+00
1.775655335554127490e+01 9.997483931296122783e-01
1.780655335554127916e+01 9.729537758516306756e-01
1.785655335554127632e+01 9.889274899981197464e-01
1.790655335554127348e+01 9.673629759003594675e-01
1.795655335554127774e+01 9.862737923253965810e-01
1.800655335554127490e+01 9.897261757054441889e-01
1.805655335554127916e+01 1.009641790278405615e+00
1.810655335554127632e+01 9.943121775087909731e-01
1.815655335554127348e+01 1.011136105472754343e+00
1.820655335554127774e+01 9.987693590367630048e-01
1.825655335554127490e+01 1.024481886001595399e+00
1.830655335554127916e+01 1.004231338712659349e+00
1.835655335554127632e+01 9.690118754251584310e-01
1.840655335554127348e+01 1.030278798393466033e+00
1.845655335554127774e+01 1.040146431487184442e+00
1.850655335554127490e+01 1.021132558841847615e+00
1.855655335554127916e+01 1.027573572610593455e+00
1.860655335554127632e+01 1.014459668577427198e+00
1.865655335554127348e+01 1.047128490412504664e+00
1.870655335554127774e+01 1.035663485904137593e+00
1.875655335554127490e+01 1.050735458123002175e+00
1.880655335554127916e+01 1.023631672184120767e+00
1.885655335554127632e+01 1.051508379775251800e+00
1.890655335554127348e+01 1.026517246352518953e+00
1.895655335554127774e+01 1.041589218571383535e+00
1.900655335554127490e+01 1.036487935666537075e+00
1.905655335554127916e+01 9.990527636425877711e-01
1.910655335554127632e+01 1.029222472135391975e+00
1.915655335554127348e+01 1.017989344122699702e+00
1.920655335554127774e+01 9.968885830162892425e-01
1.925655335554127490e+01 1.008302059414506235e+00
1.930655335554127916e+01 1.017731703571949975e+00
1.935655335554127632e+01 1.001268472379036156e+00
1.940655335554127348e+01 1.039708442550909773e+00
1.945655335554127774e+01 9.996968650194621997e-01
1.950655335554127490e+01 1.031541237092140406e+00
1.955655335554127916e+01 1.067198689315915772e+00
1.960655335554127632e+01 1.019818592033023608e+00
1.965655335554127348e+01 1.045866051713830513e+00
1.970655335554127774e+01 1.057459876497572671e+00
1.975655335554127490e+01 1.042516724554082952e+00
1.980655335554127916e+01 1.039734206605984701e+00
1.985655335554127632e+01 1.066477295773816447e+00
1.990655335554127348e+01 1.060731911492095225e+00
1.995655335554127774e+01 1.072480320606286952e+00
2.000655335554127490e+01 1.024533414111745255e+00
2.005655335554127916e+01 1.043083533765732485e+00
2.010655335554127632e+01 1.024275773560995528e+00
2.015655335554127348e+01 1.045015837896356103e+00
2.020655335554127774e+01 1.053028459024675456e+00
2.025655335554127490e+01 1.047205782577729671e+00
2.030655335554127916e+01 1.013429106374427846e+00
2.035655335554127632e+01 9.802192393827757755e-01
2.040655335554127348e+01 1.026182313636543997e+00
2.045655335554127774e+01 1.030381854613766190e+00
2.050655335554127490e+01 1.010466240040804653e+00
2.055655335554127916e+01 9.875362310240707320e-01
2.060655335554127632e+01 9.709441795557820498e-01
2.065655335554127348e+01 9.871240061428709911e-01
2.070655335554127774e+01 9.476019456578481659e-01
2.075655335554127490e+01 9.429128876342014465e-01
2.080655335554127916e+01 9.933589074710167388e-01
2.085655335554127632e+01 9.668476947988597914e-01
2.090655335554127348e+01 9.639363565753868990e-01
2.095655335554127774e+01 8.998611516039061176e-01
2.100655335554127490e+01 9.346426259551320337e-01
2.105655335554127916e+01 9.246204085309639442e-01
2.110655335554127632e+01 9.821000154032494267e-01
2.115655335554127348e+01 9.475761816027730156e-01
2.120655335554127774e+01 9.418050332659771984e-01
2.125655335554127490e+01 9.185143274781930600e-01
2.130655335554127916e+01 9.233322057772147540e-01
2.135655335554127632e+01 9.110427515064483117e-01
2.140655335554127348e+01 9.180248104317684232e-01
2.145655335554127774e+01 9.420626738167269254e-01
2.150655335554127490e+01 9.924056374332423935e-01
2.155655335554127916e+01 9.580363879632159962e-01
2.160655335554127632e+01 9.567739492645417343e-01
2.165655335554127348e+01 9.887729056676698436e-01
2.170655335554127774e+01 9.958837848683649296e-01
2.175655335554127490e+01 1.045711467383380944e+00
2.180655335554127916e+01 1.047978704229979074e+00
2.185655335554127632e+01 1.077169378629933894e+00
2.190655335554127348e+01 1.079024390595332727e+00
2.195655335554127774e+01 1.136272120971943300e+00
2.200655335554127490e+01 1.161160198174376212e+00
2.205655335554127916e+01 1.163865423957249234e+00
2.210655335554127632e+01 1.177984126138339693e+00
2.215655335554128058e+01 1.173861877326342285e+00
2.220655335554127774e+01 1.218510984771286942e+00
2.225655335554127490e+01 1.198002796931600944e+00
2.230655335554127205e+01 1.213306645646140325e+00
2.235655335554127632e+01 1.253807740224012424e+00
2.240655335554128058e+01 1.267076228587628695e+00
2.245655335554127774e+01 1.250741817670089517e+00
2.250655335554127490e+01 1.220134120241010756e+00
2.255655335554127205e+01 1.219232378313386489e+00
2.260655335554127632e+01 1.199497112125949894e+00
2.265655335554128058e+01 1.182673184161986413e+00
2.270655335554127774e+01 1.157527466408803551e+00
2.275655335554127490e+01 1.142094797418889307e+00
2.280655335554127205e+01 1.146835383552686105e+00
2.285655335554127632e+01 1.120684867651578820e+00
2.290655335554128058e+01 1.080209537128781871e+00
2.295655335554127774e+01 1.016933017864625421e+00
2.300655335554127490e+01 1.009126509176905939e+00
2.305655335554127205e+01 9.528062847829944504e-01
2.310655335554127632e+01 9.634726035840373015e-01
2.315655335554128058e+01 9.046275017927776219e-01
2.320655335554127774e+01 8.700521398821514651e-01
2.325655335554127490e+01 9.210392048755413619e-01
2.330655335554127205e+01 8.879839222143391941e-01
2.335655335554127632e+01 8.861289102489404712e-01
2.340655335554128058e+01 8.606224957247081697e-01
2.345655335554127774e+01 8.690473417342271523e-01
2.350655335554127490e+01 8.551347519937367858e-01
2.355655335554127205e+01 8.584583150984095301e-01
2.360655335554127632e+01 8.519657732195140554e-01
2.365655335554128058e+01 8.572989326200353144e-01
2.370655335554127774e+01 8.541557179008874012e-01
2.375655335554127490e+01 8.401400719400970996e-01
2.380655335554127205e+01 8.593858210811088361e-01
2.385655335554127632e+01 8.562426063619610339e-01
2.390655335554128058e+01 8.480754009031915563e-01
2.395655335554127774e+01 8.425103650069953876e-01
2.400655335554127490e+01 8.501880534193401173e-01
2.405655335554127205e+01 8.968209931050580286e-01
2.410655335554127632e+01 8.090686215196685183e-01
2.415655335554128058e+01 8.483072773988664661e-01
2.420655335554127774e+01 8.575823372258600807e-01
2.425655335554127490e+01 9.059157045465269231e-01
2.430655335554127205e+01 8.887826079216636366e-01
2.435655335554127632e+01 8.792499075439199618e-01
2.440655335554128058e+01 9.320146923374837966e-01
2.445655335554127774e+01 9.824864762293741283e-01
2.450655335554127490e+01 9.717686293181815316e-01
2.455655335554127205e+01 9.763031030113784592e-01
2.460655335554127632e+01 9.556660948963174862e-01
2.465655335554128058e+01 1.016082804047151233e+00
2.470655335554127774e+01 9.967855267959893073e-01
2.475655335554127490e+01 1.015747871331176055e+00
2.480655335554127205e+01 1.008327823469581386e+00
2.485655335554127632e+01 9.810694532002501855e-01
2.490655335554128058e+01 9.793690255653011434e-01
2.495655335554127774e+01 9.571861741457414752e-01
2.500655335554127490e+01 9.275575108095118759e-01
2.505655335554127205e+01 9.085694022192500885e-01
2.510655335554127632e+01 8.944507000381597406e-01
2.515655335554128058e+01 8.690473417342271523e-01
2.520655335554127774e+01 8.399081954444221898e-01
2.525655335554127490e+01 8.381047115891735455e-01
2.530655335554127205e+01 8.190135467786114898e-01
2.535655335554127632e+01 8.046114399916964866e-01
2.540655335554128058e+01 8.215126601208848633e-01
2.545655335554127774e+01 8.465553216537677894e-01
2.550655335554127490e+01 9.187204399187930415e-01
2.555655335554127205e+01 9.799100707218759698e-01
2.560655335554127632e+01 1.103113782090441308e+00
2.565655335554128058e+01 1.205603193178720556e+00
2.570655335554127774e+01 1.352406778995969505e+00
2.575655335554127490e+01 1.557617477668203687e+00
2.580655335554127205e+01 1.757778421545741043e+00
2.585655335554127632e+01 2.034973890097475202e+00
2.590655335554128058e+01 2.182473105401748548e+00
2.595655335554127774e+01 2.369236740640295213e+00
2.600655335554127490e+01 2.428159134596779456e+00
2.605655335554127205e+01 2.406723440774394263e+00
2.610655335554127632e+01 2.274244669578835421e+00
2.615655335554128058e+01 2.082379751435442294e+00
2.620655335554127774e+01 1.840481038336434061e+00
2.625655335554127490e+01 1.557024904401478782e+00
2.630655335554127205e+01 1.423077582066646141e+00
2.635655335554127632e+01 1.278206300380020588e+00
2.640655335554128058e+01 1.163272850690524773e+00
2.645655335554127774e+01 1.077169378629933894e+00
2.650655335554127490e+01 9.981510217149633934e-01
2.655655335554127205e+01 9.655852561001858625e-01
2.660655335554127632e+01 8.796106043149699572e-01
2.665655335554128058e+01 8.285720112114300928e-01
2.670655335554127774e+01 7.296638037785729836e-01
2.675655335554127490e+01 6.525777509942261023e-01
2.680655335554127205e+01 5.511446661640208022e-01
2.685655335554127632e+01 4.790568400642204461e-01
2.690655335554128058e+01 4.177899170959125663e-01
2.695655335554127774e+01 3.377667620330176979e-01
2.700655335554127490e+01 2.697238925799894660e-01
2.705655335554127205e+01 2.291455058368923881e-01
2.710655335554127632e+01 1.964509199467398826e-01
2.715655335554128058e+01 1.583716465459160672e-01
2.720655335554127774e+01 1.334835693434831827e-01
2.725655335554127490e+01 1.260119933717382956e-01
2.730655335554127205e+01 1.160670681127951576e-01
2.735655335554127632e+01 1.108112008774987667e-01
2.740655335554128058e+01 1.099609870600243428e-01
2.745655335554127774e+01 1.178190238578939592e-01
2.750655335554127490e+01 1.277124210066871435e-01
2.755655335554127205e+01 1.519563968322454606e-01
2.760655335554127632e+01 1.674921220424597790e-01
2.765655335554128058e+01 1.779265643478275816e-01
2.770655335554127774e+01 1.816365882786250552e-01
2.775655335554127490e+01 1.784160813942522739e-01
2.780655335554127205e+01 1.595825571344402505e-01
2.785655335554127632e+01 1.484782493971228690e-01
2.790655335554128058e+01 1.283307583284867270e-01
2.795655335554127774e+01 1.323241868651089947e-01
2.800655335554127490e+01 1.437634273184010825e-01
2.805655335554127205e+01 2.108787907887299529e-01
2.810655335554127632e+01 3.493348227616847046e-01
2.815655335554128058e+01 5.939645256986414434e-01
2.820655335554127774e+01 1.035972654565037399e+00
2.825655335554127490e+01 1.665465812212079344e+00
2.830655335554127205e+01 2.377223597713539860e+00
2.835655335554127632e+01 3.293547980510359352e+00
2.840655335554128058e+01 4.216674073846975013e+00
2.845655335554127774e+01 5.042875791991506595e+00
2.850655335554127490e+01 5.707382300485448923e+00
2.855655335554127916e+01 5.884716291566550517e+00
2.860655335554127632e+01 5.630322011756176970e+00
2.865655335554128058e+01 4.755168588969179488e+00
2.870655335554127774e+01 3.572598461027492345e+00
2.875655335554127490e+01 2.234619552873513104e+00
2.880655335554127916e+01 1.269884510590801652e+00
2.885655335554127632e+01 7.010399385902676972e-01
2.890655335554128058e+01 3.918197495803305008e-01
2.895655335554127774e+01 2.610929341298703354e-01
2.900655335554127490e+01 2.076067557942071762e-01
2.905655335554127916e+01 1.719750676255066835e-01
2.910655335554127632e+01 1.592991525286154009e-01
2.915655335554128058e+01 1.452319784576751038e-01
2.920655335554127774e+01 1.522398014380703102e-01
2.925655335554127490e+01 1.743711247474800663e-01
2.930655335554127916e+01 1.915042213723432973e-01
2.935655335554127632e+01 1.994910784455877495e-01
2.940655335554128058e+01 1.805029698553258233e-01
2.945655335554127774e+01 1.536825885222692645e-01
2.950655335554127490e+01 1.110173133180986232e-01
2.955655335554127916e+01 7.373672562459927804e-02
2.960655335554127632e+01 4.238187059834584713e-02
2.965655335554128058e+01 2.486231314735789719e-02
2.970655335554127774e+01 1.324272430854088987e-02
2.975655335554127490e+01 6.879002705020269108e-03
2.980655335554127916e+01 3.864608261247341314e-03
2.985655335554127632e+01 2.035360350923600022e-03
2.990655335554128058e+01 1.210910588524167272e-03
2.995655335554127774e+01 7.213935420995037104e-04
3.000655335554127490e+01 5.925732667245923839e-04
3.005655335554127916e+01 3.606967710497518552e-04
3.010655335554127632e+01 2.061124405998581875e-04
3.015655335554128058e+01 1.288202753749113807e-04
3.020655335554127774e+01 7.729216522494683386e-05
3.025655335554127490e+01 1.288202753749113807e-04
3.030655335554127916e+01 1.288202753749113807e-04
3.035655335554127632e+01 5.152811014996454687e-05
3.040655335554128058e+01 0.000000000000000000e+00
3.045655335554127774e+01 0.000000000000000000e+00
3.050655335554127490e+01 0.000000000000000000e+00
3.055655335554127916e+01 2.576405507498227344e-05
3.060655335554127632e+01 0.000000000000000000e+00
3.065655335554128058e+01 0.000000000000000000e+00
3.070655335554127774e+01 0.000000000000000000e+00
3.075655335554127490e+01 0.000000000000000000e+00
3.080655335554127916e+01 0.000000000000000000e+00
3.085655335554127632e+01 0.000000000000000000e+00
3.090655335554128058e+01 0.000000000000000000e+00
3.095655335554127774e+01 0.000000000000000000e+00
3.100655335554127490e+01 0.000000000000000000e+00
3.105655335554127916e+01 0.000000000000000000e+00
3.110655335554127632e+01 0.000000000000000000e+00
3.115655335554128058e+01 0.000000000000000000e+00
3.120655335554127774e+01 0.000000000000000000e+00
3.125655335554127490e+01 0.000000000000000000e+00
3.130655335554127916e+01 0.000000000000000000e+00
3.135655335554127632e+01 0.000000000000000000e+00
3.140655335554128058e+01 0.000000000000000000e+00
3.145655335554127774e+01 0.000000000000000000e+00
3.150655335554127490e+01 0.000000000000000000e+00
3.155655335554127916e+01 0.000000000000000000e+00
3.160655335554127632e+01 0.000000000000000000e+00
3.165655335554128058e+01 0.000000000000000000e+00
3.170655335554127774e+01 0.000000000000000000e+00
3.175655335554127490e+01 0.000000000000000000e+00
3.180655335554127916e+01 0.000000000000000000e+00
3.185655335554127632e+01 0.000000000000000000e+00
3.190655335554128058e+01 0.000000000000000000e+00
3.195655335554127774e+01 0.000000000000000000e+00
3.200655335554127134e+01 0.000000000000000000e+00
3.205655335554128271e+01 0.000000000000000000e+00
3.210655335554127987e+01 0.000000000000000000e+00
3.215655335554127703e+01 0.000000000000000000e+00
3.220655335554127419e+01 0.000000000000000000e+00
3.225655335554127134e+01 0.000000000000000000e+00
3.230655335554128271e+01 0.000000000000000000e+00
3.235655335554127987e+01 0.000000000000000000e+00
3.240655335554127703e+01 0.000000000000000000e+00
3.245655335554127419e+01 0.000000000000000000e+00
3.250655335554127134e+01 0.000000000000000000e+00
3.255655335554128271e+01 0.000000000000000000e+00
3.260655335554127987e+01 0.000000000000000000e+00
3.265655335554127703e+01 0.000000000000000000e+00
3.270655335554127419e+01 0.000000000000000000e+00
3.275655335554127134e+01 0.000000000000000000e+00
3.280655335554128271e+01 0.000000000000000000e+00
3.285655335554127987e+01 0.000000000000000000e+00
3.290655335554127703e+01 0.000000000000000000e+00
3.295655335554127419e+01 0.000000000000000000e+00
3.300655335554127134e+01 0.000000000000000000e+00
3.305655335554128271e+01 0.000000000000000000e+00
3.310655335554127987e+01 0.000000000000000000e+00
3.315655335554127703e+01 0.000000000000000000e+00
3.320655335554127419e+01 0.000000000000000000e+00
3.325655335554127134e+01 0.000000000000000000e+00
3.330655335554128271e+01 0.000000000000000000e+00
3.335655335554127987e+01 0.000000000000000000e+00
3.340655335554127703e+01 0.000000000000000000e+00
3.345655335554127419e+01 0.000000000000000000e+00
3.350655335554127134e+01 0.000000000000000000e+00
3.355655335554128271e+01 0.000000000000000000e+00
3.360655335554127987e+01 0.000000000000000000e+00
3.365655335554127703e+01 0.000000000000000000e+00
3.370655335554127419e+01 0.000000000000000000e+00
3.375655335554127134e+01 0.000000000000000000e+00
3.380655335554128271e+01 0.000000000000000000e+00
3.385655335554127987e+01 0.000000000000000000e+00
3.390655335554127703e+01 0.000000000000000000e+00
3.395655335554127419e+01 0.000000000000000000e+00
3.400655335554127134e+01 0.000000000000000000e+00
3.405655335554128271e+01 0.000000000000000000e+00
3.410655335554127987e+01 0.000000000000000000e+00
3.415655335554127703e+01 0.000000000000000000e+00
3.420655335554127419e+01 0.000000000000000000e+00
3.425655335554127134e+01 0.000000000000000000e+00
3.430655335554128271e+01 0.000000000000000000e+00
3.435655335554127987e+01 0.000000000000000000e+00
3.440655335554127703e+01 0.000000000000000000e+00
3.445655335554127419e+01 0.000000000000000000e+00
3.450655335554127134e+01 0.000000000000000000e+00
3.455655335554128271e+01 0.000000000000000000e+00
3.460655335554127987e+01 0.000000000000000000e+00
3.465655335554127703e+01 0.000000000000000000e+00
3.470655335554127419e+01 0.000000000000000000e+00
3.475655335554127134e+01 0.000000000000000000e+00
3.480655335554128271e+01 0.000000000000000000e+00
3.485655335554127987e+01 0.000000000000000000e+00
3.490655335554127703e+01 0.000000000000000000e+00
3.495655335554127419e+01 0.000000000000000000e+00
3.500655335554127134e+01 0.000000000000000000e+00
3.505655335554128271e+01 0.000000000000000000e+00
3.510655335554127987e+01 0.000000000000000000e+00
3.515655335554127703e+01 0.000000000000000000e+00
3.520655335554127419e+01 0.000000000000000000e+00
3.525655335554127134e+01 0.000000000000000000e+00
3.530655335554128271e+01 0.000000000000000000e+00
3.535655335554127987e+01 0.000000000000000000e+00
3.540655335554127703e+01 0.000000000000000000e+00
3.545655335554127419e+01 0.000000000000000000e+00
3.550655335554127134e+01 0.000000000000000000e+00
3.555655335554128271e+01 0.000000000000000000e+00
3.560655335554127987e+01 0.000000000000000000e+00
3.565655335554127703e+01 0.000000000000000000e+00
3.570655335554127419e+01 0.000000000000000000e+00
3.575655335554127134e+01 0.000000000000000000e+00
3.580655335554128271e+01 0.000000000000000000e+00
3.585655335554127987e+01 0.000000000000000000e+00
3.590655335554127703e+01 0.000000000000000000e+00
3.595655335554127419e+01 0.000000000000000000e+00
3.600655335554127134e+01 0.000000000000000000e+00
3.605655335554128271e+01 0.000000000000000000e+00
3.610655335554127987e+01 0.000000000000000000e+00
3.615655335554127703e+01 0.000000000000000000e+00
3.620655335554127419e+01 0.000000000000000000e+00
3.625655335554127134e+01 0.000000000000000000e+00
3.630655335554128271e+01 0.000000000000000000e+00
3.635655335554127987e+01 0.000000000000000000e+00
3.640655335554127703e+01 0.000000000000000000e+00
3.645655335554127419e+01 0.000000000000000000e+00
3.650655335554127134e+01 0.000000000000000000e+00
3.655655335554128271e+01 0.000000000000000000e+00
3.660655335554127987e+01 0.000000000000000000e+00
3.665655335554127703e+01 0.000000000000000000e+00
3.670655335554127419e+01 0.000000000000000000e+00
3.675655335554127134e+01 0.000000000000000000e+00
3.680655335554128271e+01 0.000000000000000000e+00
3.685655335554127987e+01 0.000000000000000000e+00
3.690655335554127703e+01 0.000000000000000000e+00
3.695655335554127419e+01 0.000000000000000000e+00
3.700655335554127134e+01 0.000000000000000000e+00
3.705655335554128271e+01 0.000000000000000000e+00
3.710655335554127987e+01 0.000000000000000000e+00
3.715655335554127703e+01 0.000000000000000000e+00
3.720655335554127419e+01 0.000000000000000000e+00
3.725655335554127134e+01 0.000000000000000000e+00
3.730655335554128271e+01 0.000000000000000000e+00
3.735655335554127987e+01 0.000000000000000000e+00
3.740655335554127703e+01 0.000000000000000000e+00
3.745655335554127419e+01 0.000000000000000000e+00
3.750655335554127134e+01 0.000000000000000000e+00
3.755655335554128271e+01 0.000000000000000000e+00
3.760655335554127987e+01 0.000000000000000000e+00
3.765655335554127703e+01 0.000000000000000000e+00
3.770655335554127419e+01 0.000000000000000000e+00
3.775655335554127134e+01 0.000000000000000000e+00
3.780655335554128271e+01 0.000000000000000000e+00
3.785655335554127987e+01 0.000000000000000000e+00
3.790655335554127703e+01 0.000000000000000000e+00
3.795655335554127419e+01 0.000000000000000000e+00
3.800655335554127134e+01 0.000000000000000000e+00
3.805655335554128271e+01 0.000000000000000000e+00
3.810655335554127987e+01 0.000000000000000000e+00
3.815655335554127703e+01 0.000000000000000000e+00
3.820655335554127419e+01 0.000000000000000000e+00
3.825655335554127134e+01 0.000000000000000000e+00
3.830655335554128271e+01 0.000000000000000000e+00
3.835655335554127987e+01 0.000000000000000000e+00
3.840655335554127703e+01 0.000000000000000000e+00
3.845655335554127419e+01 0.000000000000000000e+00
3.850655335554127134e+01 0.000000000000000000e+00
3.855655335554128271e+01 0.000000000000000000e+00
3.860655335554127987e+01 0.000000000000000000e+00
3.865655335554127703e+01 0.000000000000000000e+00
3.870655335554127419e+01 0.000000000000000000e+00
3.875655335554127134e+01 0.000000000000000000e+00
3.880655335554128271e+01 0.000000000000000000e+00
3.885655335554127987e+01 0.000000000000000000e+00
3.890655335554127703e+01 0.000000000000000000e+00
3.895655335554127419e+01 0.000000000000000000e+00
3.900655335554127134e+01 0.000000000000000000e+00
3.905655335554128271e+01 0.000000000000000000e+00
3.910655335554127987e+01 0.000000000000000000e+00
3.915655335554127703e+01 0.000000000000000000e+00
3.920655335554127419e+01 0.000000000000000000e+00
3.925655335554127134e+01 0.000000000000000000e+00
3.930655335554128271e+01 0.000000000000000000e+00
3.935655335554127987e+01 0.000000000000000000e+00
3.940655335554127703e+01 0.000000000000000000e+00
3.945655335554127419e+01 0.000000000000000000e+00
3.950655335554127134e+01 0.000000000000000000e+00
3.955655335554128271e+01 0.000000000000000000e+00
3.960655335554127987e+01 0.000000000000000000e+00
3.965655335554127703e+01 0.000000000000000000e+00
3.970655335554127419e+01 0.000000000000000000e+00
3.975655335554127134e+01 0.000000000000000000e+00
3.980655335554128271e+01 0.000000000000000000e+00
3.985655335554127987e+01 0.000000000000000000e+00
3.990655335554127703e+01 0.000000000000000000e+00
3.995655335554127419e+01 0.000000000000000000e+00
4.000655335554127134e+01 0.000000000000000000e+00
4.005655335554128271e+01 0.000000000000000000e+00
