-1.275656895754869069e+01 0.000000000000000000e+00
-1.270656895754869176e+01 0.000000000000000000e+00
-1.265656895754869105e+01 0.000000000000000000e+00
-1.260656895754869034e+01 0.000000000000000000e+00
-1.255656895754869140e+01 2.691792064219993656e-05
-1.250656895754869069e+01 5.383584128439987312e-05
-1.245656895754869176e+01 2.691792064219993656e-05
-1.240656895754869105e+01 0.000000000000000000e+00
-1.235656895754869034e+01 2.691792064219993656e-05
-1.230656895754869140e+01 0.000000000000000000e+00
-1.225656895754869069e+01 2.691792064219993656e-05
-1.220656895754869176e+01 0.000000000000000000e+00
-1.215656895754869105e+01 0.000000000000000000e+00
-1.210656895754869034e+01 0.000000000000000000e+00
-1.205656895754869140e+01 0.000000000000000000e+00
-1.200656895754869069e+01 2.691792064219993656e-05
-1.195656895754869176e+01 0.000000000000000000e+00
-1.190656895754869105e+01 0.000000000000000000e+00
-1.185656895754869034e+01 0.000000000000000000e+00
-1.180656895754869140e+01 0.000000000000000000e+00
-1.175656895754869069e+01 0.000000000000000000e+00
-1.170656895754868998e+01 0.000000000000000000e+00
-1.165656895754869105e+01 0.000000000000000000e+00
-1.160656895754869034e+01 0.000000000000000000e+00
-1.155656895754869140e+01 0.000000000000000000e+00
-1.150656895754869069e+01 0.000000000000000000e+00
-1.145656895754868998e+01 0.000000000000000000e+00
-1.140656895754869105e+01 0.000000000000000000e+00
-1.135656895754869034e+01 0.000000000000000000e+00
-1.130656895754869140e+01 0.000000000000000000e+00
-1.125656895754869069e+01 0.000000000000000000e+00
-1.120656895754868998e+01 0.000000000000000000e+00
-1.115656895754869105e+01 0.000000000000000000e+00
-1.110656895754869034e+01 0.000000000000000000e+00
-1.105656895754869140e+01 0.000000000000000000e+00
-1.100656895754869069e+01 0.000000000000000000e+00
-1.095656895754868998e+01 0.000000000000000000e+00
-1.090656895754869105e+01 0.000000000000000000e+00
-1.085656895754869034e+01 0.000000000000000000e+00
-1.080656895754869140e+01 0.000000000000000000e+00
-1.075656895754869069e+01 0.000000000000000000e+00
-1.070656895754868998e+01 0.000000000000000000e+00
-1.065656895754869105e+01 0.000000000000000000e+00
-1.060656895754869211e+01 0.000000000000000000e+00
-1.055656895754869140e+01 0.000000000000000000e+00
-1.050656895754869069e+01 0.000000000000000000e+00
-1.045656895754868998e+01 0.000000000000000000e+00
-1.040656895754869105e+01 0.000000000000000000e+00
-1.035656895754869034e+01 0.000000000000000000e+00
-1.030656895754869140e+01 0.000000000000000000e+00
-1.025656895754869069e+01 0.000000000000000000e+00
-1.020656895754868998e+01 0.000000000000000000e+00
-1.015656895754869105e+01 0.000000000000000000e+00
-1.010656895754869034e+01 0.000000000000000000e+00
-1.005656895754869140e+01 0.000000000000000000e+00
-1.000656895754869069e+01 0.000000000000000000e+00
-9.956568957548689980e+00 0.000000000000000000e+00
-9.906568957548691046e+00 0.000000000000000000e+00
-9.856568957548690335e+00 0.000000000000000000e+00
-9.806568957548691401e+00 0.000000000000000000e+00
-9.756568957548690690e+00 0.000000000000000000e+00
-9.706568957548689980e+00 0.000000000000000000e+00
-9.656568957548691046e+00 0.000000000000000000e+00
-9.606568957548690335e+00 0.000000000000000000e+00
-9.556568957548691401e+00 0.000000000000000000e+00
-9.506568957548690690e+00 0.000000000000000000e+00
-9.456568957548689980e+00 0.000000000000000000e+00
-9.406568957548691046e+00 0.000000000000000000e+00
-9.356568957548690335e+00 0.000000000000000000e+00
-9.306568957548691401e+00 0.000000000000000000e+00
-9.256568957548690690e+00 0.000000000000000000e+00
-9.206568957548689980e+00 0.000000000000000000e+00
-9.156568957548691046e+00 0.000000000000000000e+00
-9.106568957548690335e+00 0.000000000000000000e+00
-9.056568957548691401e+00 0.000000000000000000e+00
-9.006568957548690690e+00 0.000000000000000000e+00
-8.956568957548689980e+00 0.000000000000000000e+00
-8.906568957548691046e+00 0.000000000000000000e+00
-8.856568957548690335e+00 0.000000000000000000e+00
-8.806568957548691401e+00 0.000000000000000000e+00
-8.756568957548690690e+00 0.000000000000000000e+00
-8.706568957548689980e+00 0.000000000000000000e+00
-8.656568957548691046e+00 0.000000000000000000e+00
-8.606568957548690335e+00 0.000000000000000000e+00
-8.556568957548691401e+00 0.000000000000000000e+00
-8.506568957548690690e+00 0.000000000000000000e+00
-8.456568957548689980e+00 0.000000000000000000e+00
-8.406568957548691046e+00 0.000000000000000000e+00
-8.356568957548690335e+00 0.000000000000000000e+00
-8.306568957548691401e+00 0.000000000000000000e+00
-8.256568957548690690e+00 0.000000000000000000e+00
-8.206568957548689980e+00 0.000000000000000000e+00
-8.156568957548691046e+00 0.000000000000000000e+00
-8.106568957548690335e+00 0.000000000000000000e+00
-8.056568957548691401e+00 0.000000000000000000e+00
-8.006568957548690690e+00 0.000000000000000000e+00
-7.956568957548689980e+00 0.000000000000000000e+00
-7.906568957548691046e+00 0.000000000000000000e+00
-7.856568957548690335e+00 0.000000000000000000e+00
-7.806568957548691401e+00 0.000000000000000000e+00
-7.756568957548690690e+00 0.000000000000000000e+00
-7.706568957548689980e+00 0.000000000000000000e+00
-7.656568957548691046e+00 0.000000000000000000e+00
-7.606568957548690335e+00 0.000000000000000000e+00
-7.556568957548691401e+00 0.000000000000000000e+00
-7.506568957548690690e+00 0.000000000000000000e+00
-7.456568957548689980e+00 0.000000000000000000e+00
-7.406568957548691046e+00 0.000000000000000000e+00
-7.356568957548690335e+00 0.000000000000000000e+00
-7.306568957548691401e+00 0.000000000000000000e+00
-7.256568957548690690e+00 0.000000000000000000e+00
-7.206568957548689980e+00 0.000000000000000000e+00
-7.156568957548691046e+00 0.000000000000000000e+00
-7.106568957548690335e+00 0.000000000000000000e+00
-7.056568957548691401e+00 0.000000000000000000e+00
-7.006568957548690690e+00 0.000000000000000000e+00
-6.956568957548689980e+00 0.000000000000000000e+00
-6.906568957548691046e+00 0.000000000000000000e+00
-6.856568957548690335e+00 0.000000000000000000e+00
-6.806568957548691401e+00 0.000000000000000000e+00
-6.756568957548690690e+00 0.000000000000000000e+00
-6.706568957548689980e+00 0.000000000000000000e+00
-6.656568957548691046e+00 0.000000000000000000e+00
-6.606568957548690335e+00 0.000000000000000000e+00
-6.556568957548691401e+00 0.000000000000000000e+00
-6.506568957548690690e+00 0.000000000000000000e+00
-6.456568957548689980e+00 0.000000000000000000e+00
-6.406568957548691046e+00 0.000000000000000000e+00
-6.356568957548690335e+00 0.000000000000000000e+00
-6.306568957548691401e+00 0.000000000000000000e+00
-6.256568957548690690e+00 0.000000000000000000e+00
-6.206568957548689980e+00 0.000000000000000000e+00
-6.156568957548691046e+00 0.000000000000000000e+00
-6.106568957548690335e+00 0.000000000000000000e+00
-6.056568957548691401e+00 0.000000000000000000e+00
-6.006568957548690690e+00 0.000000000000000000e+00
-5.956568957548689980e+00 0.000000000000000000e+00
-5.906568957548691046e+00 0.000000000000000000e+00
-5.856568957548690335e+00 0.000000000000000000e+00
-5.806568957548691401e+00 0.000000000000000000e+00
-5.756568957548690690e+00 0.000000000000000000e+00
-5.706568957548689980e+00 0.000000000000000000e+00
-5.656568957548691046e+00 0.000000000000000000e+00
-5.606568957548690335e+00 0.000000000000000000e+00
-5.556568957548691401e+00 0.000000000000000000e+00
-5.506568957548690690e+00 0.000000000000000000e+00
-5.456568957548689980e+00 0.000000000000000000e+00
-5.406568957548691046e+00 0.000000000000000000e+00
-5.356568957548690335e+00 0.000000000000000000e+00
-5.306568957548691401e+00 0.000000000000000000e+00
-5.256568957548690690e+00 0.000000000000000000e+00
-5.206568957548689980e+00 0.000000000000000000e+00
-5.156568957548691046e+00 0.000000000000000000e+00
-5.106568957548690335e+00 0.000000000000000000e+00
-5.056568957548691401e+00 0.000000000000000000e+00
-5.006568957548690690e+00 0.000000000000000000e+00
-4.956568957548689980e+00 0.000000000000000000e+00
-4.906568957548691046e+00 0.000000000000000000e+00
-4.856568957548690335e+00 0.000000000000000000e+00
-4.806568957548691401e+00 0.000000000000000000e+00
-4.756568957548690690e+00 0.000000000000000000e+00
-4.706568957548691756e+00 0.000000000000000000e+00
-4.656568957548691046e+00 0.000000000000000000e+00
-4.606568957548690335e+00 0.000000000000000000e+00
-4.556568957548689625e+00 0.000000000000000000e+00
-4.506568957548690690e+00 0.000000000000000000e+00
-4.456568957548691756e+00 0.000000000000000000e+00
-4.406568957548691046e+00 0.000000000000000000e+00
-4.356568957548690335e+00 0.000000000000000000e+00
-4.306568957548689625e+00 0.000000000000000000e+00
-4.256568957548690690e+00 0.000000000000000000e+00
-4.206568957548691756e+00 0.000000000000000000e+00
-4.156568957548691046e+00 0.000000000000000000e+00
-4.106568957548690335e+00 0.000000000000000000e+00
-4.056568957548689625e+00 0.000000000000000000e+00
-4.006568957548690690e+00 0.000000000000000000e+00
-3.956568957548691756e+00 0.000000000000000000e+00
-3.906568957548691046e+00 0.000000000000000000e+00
-3.856568957548690335e+00 0.000000000000000000e+00
-3.806568957548689625e+00 0.000000000000000000e+00
-3.756568957548690690e+00 0.000000000000000000e+00
-3.706568957548691756e+00 0.000000000000000000e+00
-3.656568957548691046e+00 0.000000000000000000e+00
-3.606568957548690335e+00 0.000000000000000000e+00
-3.556568957548689625e+00 0.000000000000000000e+00
-3.506568957548690690e+00 0.000000000000000000e+00
-3.456568957548691756e+00 0.000000000000000000e+00
-3.406568957548691046e+00 0.000000000000000000e+00
-3.356568957548690335e+00 0.000000000000000000e+00
-3.306568957548689625e+00 0.000000000000000000e+00
-3.256568957548690690e+00 0.000000000000000000e+00
-3.206568957548689980e+00 0.000000000000000000e+00
-3.156568957548691046e+00 0.000000000000000000e+00
-3.106568957548690335e+00 0.000000000000000000e+00
-3.056568957548689625e+00 0.000000000000000000e+00
-3.006568957548690690e+00 0.000000000000000000e+00
-2.956568957548689980e+00 0.000000000000000000e+00
-2.906568957548691046e+00 0.000000000000000000e+00
-2.856568957548690335e+00 0.000000000000000000e+00
-2.806568957548689625e+00 0.000000000000000000e+00
-2.756568957548690690e+00 0.000000000000000000e+00
-2.706568957548689980e+00 0.000000000000000000e+00
-2.656568957548691046e+00 0.000000000000000000e+00
-2.606568957548690335e+00 0.000000000000000000e+00
-2.556568957548689625e+00 0.000000000000000000e+00
-2.506568957548690690e+00 0.000000000000000000e+00
-2.456568957548689980e+00 0.000000000000000000e+00
-2.406568957548691046e+00 0.000000000000000000e+00
-2.356568957548690335e+00 0.000000000000000000e+00
-2.306568957548689625e+00 0.000000000000000000e+00
-2.256568957548690690e+00 0.000000000000000000e+00
-2.206568957548689980e+00 0.000000000000000000e+00
-2.156568957548691046e+00 0.000000000000000000e+00
-2.106568957548690335e+00 0.000000000000000000e+00
-2.056568957548689625e+00 0.000000000000000000e+00
-2.006568957548690690e+00 0.000000000000000000e+00
-1.956568957548689980e+00 0.000000000000000000e+00
-1.906568957548691046e+00 0.000000000000000000e+00
-1.856568957548690335e+00 0.000000000000000000e+00
-1.806568957548689625e+00 0.000000000000000000e+00
-1.756568957548690690e+00 0.000000000000000000e+00
-1.706568957548689980e+00 0.000000000000000000e+00
-1.656568957548691046e+00 0.000000000000000000e+00
-1.606568957548690335e+00 0.000000000000000000e+00
-1.556568957548689625e+00 0.000000000000000000e+00
-1.506568957548690690e+00 0.000000000000000000e+00
-1.456568957548689980e+00 0.000000000000000000e+00
-1.406568957548691046e+00 0.000000000000000000e+00
-1.356568957548690335e+00 0.000000000000000000e+00
-1.306568957548689625e+00 0.000000000000000000e+00
-1.256568957548690690e+00 0.000000000000000000e+00
-1.206568957548689980e+00 0.000000000000000000e+00
-1.156568957548691046e+00 0.000000000000000000e+00
-1.106568957548690335e+00 0.000000000000000000e+00
-1.056568957548689625e+00 0.000000000000000000e+00
-1.006568957548690690e+00 0.000000000000000000e+00
-9.565689575486899798e-01 0.000000000000000000e+00
-9.065689575486910456e-01 0.000000000000000000e+00
-8.565689575486903351e-01 0.000000000000000000e+00
-8.065689575486896246e-01 0.000000000000000000e+00
-7.565689575486906904e-01 0.000000000000000000e+00
-7.065689575486899798e-01 0.000000000000000000e+00
-6.565689575486910456e-01 0.000000000000000000e+00
-6.065689575486903351e-01 0.000000000000000000e+00
-5.565689575486896246e-01 0.000000000000000000e+00
-5.065689575486906904e-01 0.000000000000000000e+00
-4.565689575486899798e-01 0.000000000000000000e+00
-4.065689575486910456e-01 0.000000000000000000e+00
-3.565689575486903351e-01 0.000000000000000000e+00
-3.065689575486896246e-01 0.000000000000000000e+00
-2.565689575486906904e-01 0.000000000000000000e+00
-2.065689575486899798e-01 0.000000000000000000e+00
-1.565689575486910456e-01 0.000000000000000000e+00
-1.065689575486903351e-01 0.000000000000000000e+00
-5.656895754868962456e-02 0.000000000000000000e+00
-6.568957548690690373e-03 0.000000000000000000e+00
4.343104245131002017e-02 0.000000000000000000e+00
9.343104245130895436e-02 0.000000000000000000e+00
1.434310424513096649e-01 0.000000000000000000e+00
1.934310424513103754e-01 0.000000000000000000e+00
2.434310424513093096e-01 0.000000000000000000e+00
2.934310424513100202e-01 0.000000000000000000e+00
3.434310424513089544e-01 0.000000000000000000e+00
3.934310424513096649e-01 0.000000000000000000e+00
4.434310424513103754e-01 0.000000000000000000e+00
4.934310424513093096e-01 0.000000000000000000e+00
5.434310424513100202e-01 2.691792064219993656e-05
5.934310424513089544e-01 2.691792064219993656e-05
6.434310424513096649e-01 2.691792064219993656e-05
6.934310424513103754e-01 8.075376192659980629e-05
7.434310424513093096e-01 4.845225715595987835e-04
7.934310424513100202e-01 9.959630637613975206e-04
8.434310424513089544e-01 2.126515730733794917e-03
8.934310424513096649e-01 4.710636112384988285e-03
9.434310424513103754e-01 9.932712716971775144e-03
9.934310424513093096e-01 2.072679889449394880e-02
1.043431042451310020e+00 3.690446920045611229e-02
1.093431042451308954e+00 6.522212171605044906e-02
1.143431042451309665e+00 1.047107112981577465e-01
1.193431042451310375e+00 1.869449588600785583e-01
1.243431042451309310e+00 3.180083144669501038e-01
1.293431042451310020e+00 5.478873567513374843e-01
1.343431042451308954e+00 9.567436533857123226e-01
1.393431042451309665e+00 1.552706416404018963e+00
1.443431042451310375e+00 2.290069016555801085e+00
1.493431042451309310e+00 3.141321338944732311e+00
1.543431042451310020e+00 3.950958556020822243e+00
1.593431042451308954e+00 4.480864741783170402e+00
1.643431042451309665e+00 4.638711428429030725e+00
1.693431042451310375e+00 4.203933174216217594e+00
1.743431042451309310e+00 3.618226138962588934e+00
1.793431042451310020e+00 2.864955047711265745e+00
1.843431042451308954e+00 2.127484775876914647e+00
1.893431042451309665e+00 1.437040111404485954e+00
1.943431042451310375e+00 9.841999324407562089e-01
1.993431042451309310e+00 6.434728929517895546e-01
2.043431042451310020e+00 3.961510380912564577e-01
2.093431042451308954e+00 2.833380326797965143e-01
2.143431042451309665e+00 1.841185771926475701e-01
2.193431042451310375e+00 1.428803227687972521e-01
2.243431042451309310e+00 1.281293022568716911e-01
2.293431042451310020e+00 1.279947126536606916e-01
2.343431042451308954e+00 1.324092516389814844e-01
2.393431042451309665e+00 1.486945936275124447e-01
2.443431042451310375e+00 1.624496510756766321e-01
2.493431042451309310e+00 1.860566674788859398e-01
2.543431042451310020e+00 1.857336524311795356e-01
2.593431042451308954e+00 1.828803528431063863e-01
2.643431042451309665e+00 1.683985115376028241e-01
2.693431042451310375e+00 1.503365867866866545e-01
2.743431042451309310e+00 1.418036059431092566e-01
2.793431042451310020e+00 1.246299725733856917e-01
2.843431042451308954e+00 1.131898563004507252e-01
2.893431042451309665e+00 1.128668412527443349e-01
2.943431042451310375e+00 1.015613145830203540e-01
2.993431042451309310e+00 1.041454349646715599e-01
3.043431042451310020e+00 1.024765238848551613e-01
3.093431042451308954e+00 1.091521682041207419e-01
3.143431042451309665e+00 1.171737085554963309e-01
3.193431042451310375e+00 1.218574267472391226e-01
3.243431042451307533e+00 1.516555648981544324e-01
3.293431042451311797e+00 1.936206031793441529e-01
3.343431042451308954e+00 2.479409670353036055e-01
3.393431042451309665e+00 2.848185183151175637e-01
3.443431042451310375e+00 4.225036823999701596e-01
3.493431042451307533e+00 6.004042199242696221e-01
3.543431042451311797e+00 7.591122800306804308e-01
3.593431042451308954e+00 9.433923647471811336e-01
3.643431042451309665e+00 1.178089714826522583e+00
3.693431042451310375e+00 1.425088554639348803e+00
3.743431042451307533e+00 1.574994454695760604e+00
3.793431042451311797e+00 1.783419914228314473e+00
3.843431042451308954e+00 2.003877684287931782e+00
3.893431042451309665e+00 2.112545329920493042e+00
3.943431042451310375e+00 2.217928989234705828e+00
3.993431042451307533e+00 2.277929034346169779e+00
4.043431042451311797e+00 2.345519933078733743e+00
4.093431042451308954e+00 2.405143127301206274e+00
4.143431042451309665e+00 2.354591272335154528e+00
4.193431042451310375e+00 2.252760778545712661e+00
4.243431042451307533e+00 2.056529137064075030e+00
4.293431042451311797e+00 1.894887023607664478e+00
4.343431042451308954e+00 1.774967687146663753e+00
4.393431042451309665e+00 1.613998521706308198e+00
4.443431042451310375e+00 1.477363156526501298e+00
4.493431042451307533e+00 1.369287705148068746e+00
4.543431042451311797e+00 1.265599874834314242e+00
4.593431042451308954e+00 1.224415456251748191e+00
4.643431042451309665e+00 1.229825958300830635e+00
4.693431042451310375e+00 1.177524438493036341e+00
4.743431042451307533e+00 1.167187956966431628e+00
4.793431042451311797e+00 1.166003568458174655e+00
4.843431042451308954e+00 1.166138158061385433e+00
4.893431042451309665e+00 1.192356212766888302e+00
4.943431042451310375e+00 1.207430248326520461e+00
4.993431042451307533e+00 1.208533883072850701e+00
5.043431042451311797e+00 1.188722293480191317e+00
5.093431042451308954e+00 1.171279480904045878e+00
5.143431042451309665e+00 1.161050671060009698e+00
5.193431042451310375e+00 1.124711478193039849e+00
5.243431042451307533e+00 1.100243088329280194e+00
5.293431042451311797e+00 1.065276709415062362e+00
5.343431042451308954e+00 9.850343879806644498e-01
5.393431042451309665e+00 9.205390501219533617e-01
5.443431042451310375e+00 9.517907559875473655e-01
5.493431042451307533e+00 8.871069926843411224e-01
5.543431042451311797e+00 8.694757546637001955e-01
5.593431042451308954e+00 8.270531117315929048e-01
5.643431042451309665e+00 7.407542581527000181e-01
5.693431042451310375e+00 7.314137396898565679e-01
5.743431042451307533e+00 6.953437260293087174e-01
5.793431042451311797e+00 6.646842144178430889e-01
5.843431042451308954e+00 6.543746508118803984e-01
5.893431042451309665e+00 6.287487903605060158e-01
5.943431042451310375e+00 6.247380201848182768e-01
5.993431042451307533e+00 5.717366344403265188e-01
6.043431042451311797e+00 5.834728478403259366e-01
6.093431042451308954e+00 6.008618245751869980e-01
6.143431042451309665e+00 5.924095974935360553e-01
6.193431042451310375e+00 5.818039367605093437e-01
6.243431042451307533e+00 5.687487452490423978e-01
6.293431042451311797e+00 5.818308546811515880e-01
6.343431042451308954e+00 5.878873868256466739e-01
6.393431042451313218e+00 6.135940010389474564e-01
6.443431042451310375e+00 6.222615714857359093e-01
6.493431042451307533e+00 6.758820694049981759e-01
6.543431042451311797e+00 6.856801925187590019e-01
6.593431042451308954e+00 7.137017479072891302e-01
6.643431042451313218e+00 7.476452458371032339e-01
6.693431042451310375e+00 7.705254783829731391e-01
6.743431042451307533e+00 7.956398983421458793e-01
6.793431042451311797e+00 8.057879544242551040e-01
6.843431042451308954e+00 8.213465125554465507e-01
6.893431042451313218e+00 8.823425207306716533e-01
6.943431042451310375e+00 9.283183291875491960e-01
6.993431042451307533e+00 9.689105535159867610e-01
7.043431042451311797e+00 1.010337233384332345e+00
7.093431042451308954e+00 1.063230947446255348e+00
7.143431042451313218e+00 1.134455765465516075e+00
7.193431042451310375e+00 1.165788225093037145e+00
7.243431042451307533e+00 1.221508320822391136e+00
7.293431042451311797e+00 1.271790996582020439e+00
7.343431042451308954e+00 1.321804493135227965e+00
7.393431042451313218e+00 1.364469397353114566e+00
7.443431042451310375e+00 1.389368473947149907e+00
7.493431042451307533e+00 1.462450628490722604e+00
7.543431042451311797e+00 1.418116813193019521e+00
7.593431042451308954e+00 1.434132975975128232e+00
7.643431042451313218e+00 1.422692859702193058e+00
7.693431042451310375e+00 1.466919003317328052e+00
7.743431042451307533e+00 1.436044148340724469e+00
7.793431042451311797e+00 1.421158538225587575e+00
7.843431042451308954e+00 1.389799160677424927e+00
7.893431042451313218e+00 1.345411509538437134e+00
7.943431042451310375e+00 1.331710287931557435e+00
7.993431042451307533e+00 1.290337443904496340e+00
8.043431042451311797e+00 1.230687331761381120e+00
8.093431042451308954e+00 1.225303747632941143e+00
8.143431042451313218e+00 1.244819240098536062e+00
8.193431042451310375e+00 1.144846082833405276e+00
8.243431042451307533e+00 1.148695345485240216e+00
8.293431042451311797e+00 1.154805713471019457e+00
8.343431042451308954e+00 1.128372315400379078e+00
8.393431042451313218e+00 1.116447676555884616e+00
8.443431042451310375e+00 1.132140824290287284e+00
8.493431042451307533e+00 1.063903895462310123e+00
8.543431042451311797e+00 1.076743743608639559e+00
8.593431042451308954e+00 1.035828504232495728e+00
8.643431042451313218e+00 1.083257880404052020e+00
8.693431042451310375e+00 1.099704729916436197e+00
8.743431042451307533e+00 1.093755869454509977e+00
8.793431042451311797e+00 1.050337263458641424e+00
8.843431042451308954e+00 1.117793572587994611e+00
8.893431042451313218e+00 1.055559340063228380e+00
8.943431042451310375e+00 1.001508155413690870e+00
8.993431042451307533e+00 1.027995389325615516e+00
9.043431042451311797e+00 1.003123230652222864e+00
9.093431042451308954e+00 9.943210706022234113e-01
9.143431042451313218e+00 9.967167655393791570e-01
9.193431042451310375e+00 9.609159310852531943e-01
9.243431042451307533e+00 9.625579242444275430e-01
9.293431042451311797e+00 9.107140090875504024e-01
9.343431042451308954e+00 9.159630036127794916e-01
9.393431042451313218e+00 8.610504455026914972e-01
9.443431042451310375e+00 8.291796274623268737e-01
9.493431042451307533e+00 8.473223059751695541e-01
9.543431042451311797e+00 8.344824578288401185e-01
9.593431042451308954e+00 8.272684550967306372e-01
9.643431042451313218e+00 8.035268490903102467e-01
9.693431042451310375e+00 8.051957601701266176e-01
9.743431042451307533e+00 8.151553908077406874e-01
9.793431042451311797e+00 8.148862116013186885e-01
9.843431042451308954e+00 8.386008996870966126e-01
9.893431042451313218e+00 8.373088394962711067e-01
9.943431042451310375e+00 8.224501473017769015e-01
9.993431042451307533e+00 8.208889079045291748e-01
1.004343104245131180e+01 8.453034619270045624e-01
1.009343104245130895e+01 8.571473470095725133e-01
1.014343104245131322e+01 8.792738777774610215e-01
1.019343104245131038e+01 8.763936602687455446e-01
1.024343104245130753e+01 8.779818175866354046e-01
1.029343104245131180e+01 9.134058011517703912e-01
1.034343104245130895e+01 9.281299037430537080e-01
1.039343104245131322e+01 9.377665193329614013e-01
1.044343104245131038e+01 9.653843059118584202e-01
1.049343104245130753e+01 9.840922607581874537e-01
1.054343104245131180e+01 9.892335836008476768e-01
1.059343104245130895e+01 9.890720760769944331e-01
1.064343104245131322e+01 1.007914620526534355e+00
1.069343104245131038e+01 1.037551251153596477e+00
1.074343104245130753e+01 1.031090950199468725e+00
1.079343104245131180e+01 1.092140794215977984e+00
1.084343104245130895e+01 1.091306338676069743e+00
1.089343104245131322e+01 1.120916051382489842e+00
1.094343104245131038e+01 1.111360189554508660e+00
1.099343104245130753e+01 1.125707441256801555e+00
1.104343104245131180e+01 1.151494809232028738e+00
1.109343104245130895e+01 1.164684590346706683e+00
1.114343104245131322e+01 1.196340065021934240e+00
1.119343104245131038e+01 1.136017004862763802e+00
1.124343104245130753e+01 1.175021071873311618e+00
1.129343104245131180e+01 1.188641539718264806e+00
1.134343104245130895e+01 1.229126092364133616e+00
1.139343104245131322e+01 1.172517705253587117e+00
1.144343104245131038e+01 1.103338649203132960e+00
1.149343104245130753e+01 1.163957806489367641e+00
1.154343104245131180e+01 1.093675115692583244e+00
1.159343104245130895e+01 1.126353471352214086e+00
1.164343104245131322e+01 1.057578184111393149e+00
1.169343104245131038e+01 1.092679152628822203e+00
1.174343104245130753e+01 1.042692573996256700e+00
1.179343104245131180e+01 1.056420713523778643e+00
1.184343104245130895e+01 1.056124616396714400e+00
1.189343104245131322e+01 1.024684485086624797e+00
1.194343104245131038e+01 9.899872853788291849e-01
1.199343104245130753e+01 1.007053247065984092e+00
1.204343104245131180e+01 1.048964449505889185e+00
1.209343104245130895e+01 9.966090938568104018e-01
1.214343104245131322e+01 1.020835222434790301e+00
1.219343104245131038e+01 1.063903895462310123e+00
1.224343104245130753e+01 1.042746409837541188e+00
1.229343104245131180e+01 1.037551251153596477e+00
1.234343104245130895e+01 1.044819089726990669e+00
1.239343104245131322e+01 1.067780076034787085e+00
1.244343104245131038e+01 1.034482608200385734e+00
1.249343104245130753e+01 1.017362810671946560e+00
1.254343104245131180e+01 1.106407292156343924e+00
1.259343104245130895e+01 1.051898502855888928e+00
1.264343104245131322e+01 1.004334537081121637e+00
1.269343104245131038e+01 1.024630649245340752e+00
1.274343104245130753e+01 1.072006189575612556e+00
1.279343104245131180e+01 1.041212088360935706e+00
1.284343104245130895e+01 1.026837918738000788e+00
1.289343104245131322e+01 1.007187836669194869e+00
1.294343104245131038e+01 1.080431498736620810e+00
1.299343104245130753e+01 1.008103045971029843e+00
1.304343104245131180e+01 1.011037099321029586e+00
1.309343104245130895e+01 9.998123264132321442e-01
1.314343104245131322e+01 9.534058312260794699e-01
1.319343104245131038e+01 9.615350432600238140e-01
1.324343104245130753e+01 9.153169735173665167e-01
1.329343104245131180e+01 9.403237217939702797e-01
1.334343104245130895e+01 9.855189105522239590e-01
1.339343104245131322e+01 9.675915754045188999e-01
1.344343104245131038e+01 9.636346410701155385e-01
1.349343104245130753e+01 9.448728503825021274e-01
1.354343104245131180e+01 9.420464687150711391e-01
1.359343104245130895e+01 9.670801349123170354e-01
1.364343104245131322e+01 9.696642552939682691e-01
1.369343104245131038e+01 9.472147094783734955e-01
1.374343104245130753e+01 9.284260008701179512e-01
1.379343104245131180e+01 9.864072019334166885e-01
1.384343104245130895e+01 9.786279228678207431e-01
1.389343104245131322e+01 9.943749064435076779e-01
1.394343104245131038e+01 9.909832484425906696e-01
1.399343104245130753e+01 1.033325137612771005e+00
1.404343104245131180e+01 1.029745054167358509e+00
1.409343104245130895e+01 1.034697951565523466e+00
1.414343104245131322e+01 1.001669662937543892e+00
1.419343104245131038e+01 1.043419357853596185e+00
1.424343104245130753e+01 1.081911984371942026e+00
1.429343104245131180e+01 1.060377647858182115e+00
1.434343104245130895e+01 1.036851385216899235e+00
1.439343104245131322e+01 1.028156896849468760e+00
1.444343104245131038e+01 1.059866207365980140e+00
1.449343104245130753e+01 1.035666996708642484e+00
1.454343104245131180e+01 1.057066743619191396e+00
1.459343104245130895e+01 1.053944264824696386e+00
1.464343104245131322e+01 1.044469156758641937e+00
1.469343104245131038e+01 1.056286123920567643e+00
1.474343104245130753e+01 1.045411283981118933e+00
1.479343104245131180e+01 1.029179777833872267e+00
1.484343104245130895e+01 1.020835222434790301e+00
1.489343104245131322e+01 1.025626612309102015e+00
1.494343104245131038e+01 1.010767920114607588e+00
1.499343104245130753e+01 1.027591620515982740e+00
1.504343104245131180e+01 1.051548569887540419e+00
1.509343104245130895e+01 1.023338589054514802e+00
1.514343104245131322e+01 1.054751802443962161e+00
1.519343104245131038e+01 1.040350714900385221e+00
1.524343104245130753e+01 1.058251132127448146e+00
1.529343104245131180e+01 1.065572806542126827e+00
1.534343104245130895e+01 1.025626612309102015e+00
1.539343104245131322e+01 1.069745084241667588e+00
1.544343104245131038e+01 1.031360129405890502e+00
1.549343104245130753e+01 1.035343981660936219e+00
1.554343104245131180e+01 1.025115171816900039e+00
1.559343104245130895e+01 1.034536444041670222e+00
1.564343104245131322e+01 1.051629323649467151e+00
1.569343104245131038e+01 1.036339944724697482e+00
1.574343104245130753e+01 1.053890428983411898e+00
1.579343104245131180e+01 1.062557999430200573e+00
1.584343104245130895e+01 1.033540480977908960e+00
1.589343104245131322e+01 1.048103076045338922e+00
1.594343104245131038e+01 1.065115201891209340e+00
1.599343104245130753e+01 1.073917361941208792e+00
1.604343104245131002e+01 1.075505519259098541e+00
1.609343104245130718e+01 1.079031766863226327e+00
1.614343104245131144e+01 1.069529740876530077e+00
1.619343104245130860e+01 1.096636086963225454e+00
1.624343104245130576e+01 1.080027729926988034e+00
1.629343104245131002e+01 1.088641464532491998e+00
1.634343104245130718e+01 1.072275368782034333e+00
1.639343104245131144e+01 1.053109809284787923e+00
1.644343104245130860e+01 1.075828534306804585e+00
1.649343104245130576e+01 1.099085617741665466e+00
1.654343104245131002e+01 1.082961783276987777e+00
1.659343104245130718e+01 1.083903910499464551e+00
1.664343104245131144e+01 1.064926776446713852e+00
1.669343104245130860e+01 1.003661589065066639e+00
1.674343104245130576e+01 1.021481252530203054e+00
1.679343104245131002e+01 1.005572761430662876e+00
1.684343104245130718e+01 1.041212088360935706e+00
1.689343104245131144e+01 1.023957701229285533e+00
1.694343104245130860e+01 9.988163633494707705e-01
1.699343104245130576e+01 9.871070678701138190e-01
1.704343104245131002e+01 9.911178380458017800e-01
1.709343104245130718e+01 1.014455675242589061e+00
1.714343104245131144e+01 9.800545726618574705e-01
1.719343104245130860e+01 9.714139201357113729e-01
1.724343104245130576e+01 9.805929310747014682e-01
1.729343104245131002e+01 9.871339857907559523e-01
1.734343104245130718e+01 1.005545843510020854e+00
1.739343104245131144e+01 9.817773195829582189e-01
1.744343104245130860e+01 9.580087956558958062e-01
1.749343104245130576e+01 9.747517422953442257e-01
1.754343104245131002e+01 9.865956273779120655e-01
1.759343104245130718e+01 9.490989639233275987e-01
1.764343104245131144e+01 9.742403018031422501e-01
1.769343104245130860e+01 9.802968339476371140e-01
1.774343104245130576e+01 9.601891472279139306e-01
1.779343104245131002e+01 9.575781089256203416e-01
1.784343104245130718e+01 9.569320788302076997e-01
1.789343104245131144e+01 9.843345220439672083e-01
1.794343104245130860e+01 9.677800008490143879e-01
1.799343104245130576e+01 9.851420596632332050e-01
1.804343104245131002e+01 1.031413965247174769e+00
1.809343104245130718e+01 1.014590264845800061e+00
1.814343104245131144e+01 1.005142074700387855e+00
1.819343104245130860e+01 1.017443564433873293e+00
1.824343104245130576e+01 1.012140734067359826e+00
1.829343104245131002e+01 9.931097641733244163e-01
1.834343104245130718e+01 1.012006144464148827e+00
1.839343104245131144e+01 1.062719506954053372e+00
1.844343104245130860e+01 1.055532422142586135e+00
1.849343104245130576e+01 1.047322456346714947e+00
1.854343104245131002e+01 1.058439557571943634e+00
1.859343104245130718e+01 1.055020981650384160e+00
1.864343104245131144e+01 1.045653545266898687e+00
1.869343104245130860e+01 1.017524318195799804e+00
1.874343104245130576e+01 1.048345337331118676e+00
1.879343104245131002e+01 1.024307634197634043e+00
1.884343104245130718e+01 1.026514903690294522e+00
1.889343104245131144e+01 1.000054587699011899e+00
1.894343104245130860e+01 1.018251102053139068e+00
1.899343104245130576e+01 1.060377647858182115e+00
1.904343104245131002e+01 1.020458371545799547e+00
1.909343104245130718e+01 1.023500096578368268e+00
1.914343104245131144e+01 1.021723513815982809e+00
1.919343104245130860e+01 1.075747780544878296e+00
1.924343104245131286e+01 1.022423379752680273e+00
1.929343104245131002e+01 1.089745099278822016e+00
1.934343104245130718e+01 1.035640078788000240e+00
1.939343104245130434e+01 1.026084216960019502e+00
1.944343104245130860e+01 1.044792171806348202e+00
1.949343104245131286e+01 1.050014248410935158e+00
1.954343104245131002e+01 1.031090950199468725e+00
1.959343104245130718e+01 1.009045173193506839e+00
1.964343104245130434e+01 1.077766624593043288e+00
1.969343104245130860e+01 1.047833896838916923e+00
1.974343104245131286e+01 1.058870244302218877e+00
1.979343104245131002e+01 1.067645486431576085e+00
1.984343104245130718e+01 1.063284783287539836e+00
1.989343104245130434e+01 1.023096327768735048e+00
1.994343104245130860e+01 1.040808319551302707e+00
1.999343104245131286e+01 1.046891769616439927e+00
2.004343104245131002e+01 1.019489326402680307e+00
2.009343104245130718e+01 1.058547229254512612e+00
2.014343104245130434e+01 1.037928102042587231e+00
2.019343104245130860e+01 1.039435505598550691e+00
2.024343104245131286e+01 1.065034448129282607e+00
2.029343104245131002e+01 1.090606472739372501e+00
2.034343104245130718e+01 1.134940288037076028e+00
2.039343104245130434e+01 1.142638813340745019e+00
2.044343104245130860e+01 1.067268635542585109e+00
2.049343104245131286e+01 1.098789520614601445e+00
2.054343104245131002e+01 1.104442283949463421e+00
2.059343104245130718e+01 1.085626657420565522e+00
2.064343104245130434e+01 1.117470557540288123e+00
2.069343104245130860e+01 1.106057359187995415e+00
2.074343104245131286e+01 1.099570140313225419e+00
2.079343104245131002e+01 1.095667041820106213e+00
2.084343104245130718e+01 1.108668397490288671e+00
2.089343104245130434e+01 1.089852770961390993e+00
2.094343104245130860e+01 1.063338619128824103e+00
2.099343104245131286e+01 1.132302331814140306e+00
2.104343104245131002e+01 1.034321100676532490e+00
2.109343104245130718e+01 1.059139423508640876e+00
2.114343104245130434e+01 1.070983308591208605e+00
2.119343104245130860e+01 1.033378973454055716e+00
2.124343104245131286e+01 1.046003478235247197e+00
2.129343104245131002e+01 1.034051921470110491e+00
2.134343104245130718e+01 1.052840630078366146e+00
2.139343104245130434e+01 1.027134015865065253e+00
2.144343104245130860e+01 9.871878216320405519e-01
2.149343104245131286e+01 9.997584905719478776e-01
2.154343104245131002e+01 9.932981896178199044e-01
2.159343104245130718e+01 9.696642552939682691e-01
2.164343104245130434e+01 9.562591308141528135e-01
2.169343104245130860e+01 1.002261857191672378e+00
2.174343104245131286e+01 9.596507888150698218e-01
2.179343104245131002e+01 1.018924050069194065e+00
2.184343104245130718e+01 9.371743250788331370e-01
2.189343104245130434e+01 9.544017942898409546e-01
2.194343104245130860e+01 9.551016602265381961e-01
2.199343104245131286e+01 9.284798367114024398e-01
2.204343104245131002e+01 9.258418804884667175e-01
2.209343104245130718e+01 9.547248093375472200e-01
2.214343104245130434e+01 9.410235877306674102e-01
2.219343104245130860e+01 9.346709584591084141e-01
2.224343104245131286e+01 9.259764700916778279e-01
2.229343104245131002e+01 9.514677409398411001e-01
2.234343104245130718e+01 9.266494181077328252e-01
2.239343104245130434e+01 8.972819666870924804e-01
2.244343104245130860e+01 9.171473921210362423e-01
2.249343104245131286e+01 9.326521144109434225e-01
2.254343104245131002e+01 8.848728052710385095e-01
2.259343104245130718e+01 9.070262539595690399e-01
2.264343104245130434e+01 9.384933031903007761e-01
2.269343104245130860e+01 9.205928859632378503e-01
2.274343104245131286e+01 9.507140391618595920e-01
2.279343104245131002e+01 9.416157819847960075e-01
2.284343104245130718e+01 9.396776916985576378e-01
2.289343104245130434e+01 9.619657299902990566e-01
2.294343104245130860e+01 9.702564495480967555e-01
2.299343104245131286e+01 9.833654769008480789e-01
2.304343104245131002e+01 9.626925138476384314e-01
2.309343104245130718e+01 9.735673537870872529e-01
2.314343104245130434e+01 9.649267012609410443e-01
2.319343104245130860e+01 1.009072091114148861e+00
2.324343104245131286e+01 9.977396465237828860e-01
2.329343104245131002e+01 1.033378973454055716e+00
2.334343104245130718e+01 1.051925420776531395e+00
2.339343104245130434e+01 1.038547214217357961e+00
2.344343104245130860e+01 1.100270006249922439e+00
2.349343104245131286e+01 1.113917392015517871e+00
2.354343104245131002e+01 1.123930858494416096e+00
2.359343104245130718e+01 1.144200052737992523e+00
2.364343104245130434e+01 1.204334687452667252e+00
2.369343104245130860e+01 1.206003598532483734e+00
2.374343104245131286e+01 1.231171854332940629e+00
2.379343104245131002e+01 1.262746575246241232e+00
2.384343104245130718e+01 1.331145011598071415e+00
2.389343104245130434e+01 1.286542017093945889e+00
2.394343104245130860e+01 1.315021177133393282e+00
2.399343104245131286e+01 1.338655111457245139e+00
2.404343104245131002e+01 1.337255379583850656e+00
2.409343104245130718e+01 1.354159833747152319e+00
2.414343104245130434e+01 1.354913535525133828e+00
2.419343104245130860e+01 1.352490922667335838e+00
2.424343104245131286e+01 1.380162545087517456e+00
2.429343104245131002e+01 1.280996925441652889e+00
2.434343104245130718e+01 1.306757375496238049e+00
2.439343104245130434e+01 1.311791026656329295e+00
2.444343104245130860e+01 1.175236415238449350e+00
2.449343104245131286e+01 1.196528490466429506e+00
2.454343104245131002e+01 1.139677842070103031e+00
2.459343104245130718e+01 1.099866237440289218e+00
2.464343104245130434e+01 1.041831200535706436e+00
2.469343104245130860e+01 1.033217465930202472e+00
2.474343104245131286e+01 9.794892963283713394e-01
2.479343104245131002e+01 9.631770364191981626e-01
2.484343104245130718e+01 8.890181650499373589e-01
2.489343104245130434e+01 8.742940624586538201e-01
2.494343104245130860e+01 8.706870610925991905e-01
2.499343104245131286e+01 8.214272663173732836e-01
2.504343104245131002e+01 8.602429078834255005e-01
2.509343104245130718e+01 8.218041172063640376e-01
2.514343104245130434e+01 8.179548545545294314e-01
2.519343104245130860e+01 7.909561801504029210e-01
2.524343104245131286e+01 7.850611555297613009e-01
2.529343104245131002e+01 7.750476890508627426e-01
2.534343104245130718e+01 7.565012417283871748e-01
2.539343104245130434e+01 7.407273402320577738e-01
2.544343104245130860e+01 7.263800885297653220e-01
2.549343104245131286e+01 6.992737424430699456e-01
2.554343104245131002e+01 7.138901733517845072e-01
2.559343104245130718e+01 7.183854660990318663e-01
2.564343104245131144e+01 7.283720146572880694e-01
2.569343104245130860e+01 6.993814141256387007e-01
2.574343104245131286e+01 7.278067383238018273e-01
2.579343104245131002e+01 7.304985303880218162e-01
2.584343104245130718e+01 7.461916781224243733e-01
2.589343104245131144e+01 7.872415071017793142e-01
2.594343104245130860e+01 7.487219626627912294e-01
2.599343104245131286e+01 7.657610064293038921e-01
2.604343104245131002e+01 7.968242868504025189e-01
2.609343104245130718e+01 8.853034920013136411e-01
2.614343104245131144e+01 8.665147833930580967e-01
2.619343104245130860e+01 8.710100761403054559e-01
2.624343104245131286e+01 8.845767081439742663e-01
2.629343104245131002e+01 8.914676958283774821e-01
2.634343104245130718e+01 9.537019283531438241e-01
2.639343104245131144e+01 9.798123113760777159e-01
2.644343104245130860e+01 1.014024988512313818e+00
2.649343104245131286e+01 1.008695240225158329e+00
2.654343104245131002e+01 1.040108453614605466e+00
2.659343104245130718e+01 1.065276709415062362e+00
2.664343104245131144e+01 1.065249791494420117e+00
2.669343104245130860e+01 1.058574147175154634e+00
2.674343104245131286e+01 1.080135401609556789e+00
2.679343104245131002e+01 1.061588954287081110e+00
2.684343104245130718e+01 1.103284813361848693e+00
2.689343104245131144e+01 1.098870274376527956e+00
2.694343104245130860e+01 1.113971227856802360e+00
2.699343104245131286e+01 1.104415366028821177e+00
2.704343104245131002e+01 1.115532467254049864e+00
2.709343104245130718e+01 1.123823186811847341e+00
2.714343104245131144e+01 1.239812506859086838e+00
2.719343104245130860e+01 1.251225705211379546e+00
2.724343104245131286e+01 1.389045458899443197e+00
2.729343104245131002e+01 1.538251493019157756e+00
2.734343104245130718e+01 1.667915116752634486e+00
2.739343104245131144e+01 1.770741573605838282e+00
2.744343104245130860e+01 1.996959778682886544e+00
2.749343104245131286e+01 2.159867034409480802e+00
2.754343104245131002e+01 2.266138985104886316e+00
2.759343104245130718e+01 2.350742009683320255e+00
2.764343104245131144e+01 2.425358485703497990e+00
2.769343104245130860e+01 2.428669389942489154e+00
2.774343104245131286e+01 2.312680069895249435e+00
2.779343104245131002e+01 2.171845509095259974e+00
2.784343104245130718e+01 2.051495485903983784e+00
2.789343104245131144e+01 1.853514179580603383e+00
2.794343104245130860e+01 1.673217947119147953e+00
2.799343104245131286e+01 1.519651209855397367e+00
2.804343104245131002e+01 1.303204209971467797e+00
2.809343104245130718e+01 1.132302331814140306e+00
2.814343104245131144e+01 9.021271924026885713e-01
2.819343104245130860e+01 7.229076767669213588e-01
2.824343104245131286e+01 5.266221994439995724e-01
2.829343104245131002e+01 4.054646386334576080e-01
2.834343104245130718e+01 3.255453322467660171e-01
2.839343104245131144e+01 2.399463446045702053e-01
2.844343104245130860e+01 1.959355443545733322e-01
2.849343104245131286e+01 1.631225990917316293e-01
2.854343104245131002e+01 1.463796524522832376e-01
2.859343104245130718e+01 1.317363036229264872e-01
2.864343104245131144e+01 1.180619999366888939e-01
2.869343104245130860e+01 1.100135416646711439e-01
2.874343104245131286e+01 1.069987345527447509e-01
2.879343104245131002e+01 1.061373610921943628e-01
2.884343104245130718e+01 1.127860874908177269e-01
2.889343104245131144e+01 1.130821846178819423e-01
2.894343104245130860e+01 1.262450478119176989e-01
2.899343104245131286e+01 1.429072406894394409e-01
2.904343104245131002e+01 1.556124992325578216e-01
2.909343104245130718e+01 1.744012078408134214e-01
2.914343104245131144e+01 1.843877563990695412e-01
2.919343104245130860e+01 1.970930149421879218e-01
2.924343104245131286e+01 1.963393131642063305e-01
2.929343104245131002e+01 1.744819616027400155e-01
2.934343104245130718e+01 1.558278425976953874e-01
2.939343104245131144e+01 1.526515279619158338e-01
2.944343104245130860e+01 1.468103391825584525e-01
2.949343104245131286e+01 1.502827509454022215e-01
2.954343104245131002e+01 1.869449588600785583e-01
2.959343104245130718e+01 2.420997782559462519e-01
2.964343104245131144e+01 3.409693007747465754e-01
2.969343104245130860e+01 5.068106098513404101e-01
2.974343104245131286e+01 7.267569394187560761e-01
2.979343104245131002e+01 1.115021026761847889e+00
2.984343104245130718e+01 1.652168133176947773e+00
2.989343104245131144e+01 2.332868510376899795e+00
2.994343104245130860e+01 3.086005012025012206e+00
2.999343104245131286e+01 3.841725634054775185e+00
3.004343104245131002e+01 4.303825577719421425e+00
3.009343104245130718e+01 4.511847268442342518e+00
3.014343104245131144e+01 4.128347653052919952e+00
3.019343104245130860e+01 3.613380913246992510e+00
3.024343104245131286e+01 2.842290158530533351e+00
3.029343104245131002e+01 2.049422806014534526e+00
3.034343104245130718e+01 1.295721028032935873e+00
3.039343104245131144e+01 8.341594427811338530e-01
3.044343104245130860e+01 4.663260572054717112e-01
3.049343104245131286e+01 2.846300928706220756e-01
3.054343104245131002e+01 1.685869369820982011e-01
3.059343104245130718e+01 9.125175097705778837e-02
3.064343104245131144e+01 5.811579066650966047e-02
3.069343104245130860e+01 3.103636250045652481e-02
3.074343104245131286e+01 1.744281257614555686e-02
3.079343104245131002e+01 9.582779748623176941e-03
3.084343104245130718e+01 4.199195620183189710e-03
3.089343104245131144e+01 2.314941175229194483e-03
3.094343104245130860e+01 1.049798905045797428e-03
3.099343104245131286e+01 2.153433651375994925e-04
3.104343104245131002e+01 5.383584128439987312e-05
3.109343104245130718e+01 0.000000000000000000e+00
3.114343104245131144e+01 2.691792064219993656e-05
3.119343104245130860e+01 0.000000000000000000e+00
3.124343104245131286e+01 2.691792064219993656e-05
3.129343104245131002e+01 0.000000000000000000e+00
3.134343104245130718e+01 0.000000000000000000e+00
3.139343104245131144e+01 0.000000000000000000e+00
3.144343104245130860e+01 0.000000000000000000e+00
3.149343104245131286e+01 0.000000000000000000e+00
3.154343104245131002e+01 0.000000000000000000e+00
3.159343104245130718e+01 0.000000000000000000e+00
3.164343104245131144e+01 0.000000000000000000e+00
3.169343104245130860e+01 0.000000000000000000e+00
3.174343104245131286e+01 0.000000000000000000e+00
3.179343104245131002e+01 0.000000000000000000e+00
3.184343104245130718e+01 0.000000000000000000e+00
3.189343104245131144e+01 0.000000000000000000e+00
3.194343104245130860e+01 0.000000000000000000e+00
3.199343104245131286e+01 0.000000000000000000e+00
3.204343104245131002e+01 0.000000000000000000e+00
3.209343104245130718e+01 0.000000000000000000e+00
3.214343104245131144e+01 0.000000000000000000e+00
3.219343104245130860e+01 0.000000000000000000e+00
3.224343104245131286e+01 0.000000000000000000e+00
3.229343104245131002e+01 0.000000000000000000e+00
3.234343104245130718e+01 0.000000000000000000e+00
3.239343104245131144e+01 0.000000000000000000e+00
3.244343104245130860e+01 0.000000000000000000e+00
3.249343104245131286e+01 0.000000000000000000e+00
3.254343104245131002e+01 0.000000000000000000e+00
3.259343104245130718e+01 0.000000000000000000e+00
3.264343104245131144e+01 0.000000000000000000e+00
3.269343104245130860e+01 0.000000000000000000e+00
3.274343104245131286e+01 0.000000000000000000e+00
3.279343104245131002e+01 0.000000000000000000e+00
3.284343104245130718e+01 0.000000000000000000e+00
3.289343104245131144e+01 0.000000000000000000e+00
3.294343104245130860e+01 0.000000000000000000e+00
3.299343104245131286e+01 0.000000000000000000e+00
3.304343104245131002e+01 0.000000000000000000e+00
3.309343104245130718e+01 0.000000000000000000e+00
3.314343104245131144e+01 0.000000000000000000e+00
3.319343104245130860e+01 0.000000000000000000e+00
3.324343104245131286e+01 0.000000000000000000e+00
3.329343104245131002e+01 0.000000000000000000e+00
3.334343104245130718e+01 0.000000000000000000e+00
3.339343104245131144e+01 0.000000000000000000e+00
3.344343104245130860e+01 0.000000000000000000e+00
3.349343104245131286e+01 0.000000000000000000e+00
3.354343104245131002e+01 0.000000000000000000e+00
3.359343104245130718e+01 0.000000000000000000e+00
3.364343104245131144e+01 0.000000000000000000e+00
3.369343104245130860e+01 0.000000000000000000e+00
3.374343104245131286e+01 0.000000000000000000e+00
3.379343104245131002e+01 0.000000000000000000e+00
3.384343104245130718e+01 0.000000000000000000e+00
3.389343104245131144e+01 0.000000000000000000e+00
3.394343104245130860e+01 0.000000000000000000e+00
3.399343104245131286e+01 0.000000000000000000e+00
3.404343104245131002e+01 0.000000000000000000e+00
3.409343104245130718e+01 0.000000000000000000e+00
3.414343104245131144e+01 0.000000000000000000e+00
3.419343104245130860e+01 0.000000000000000000e+00
3.424343104245131286e+01 0.000000000000000000e+00
3.429343104245131002e+01 0.000000000000000000e+00
3.434343104245130718e+01 0.000000000000000000e+00
3.439343104245131144e+01 0.000000000000000000e+00
3.444343104245130860e+01 0.000000000000000000e+00
3.449343104245131286e+01 0.000000000000000000e+00
3.454343104245131002e+01 0.000000000000000000e+00
3.459343104245130718e+01 0.000000000000000000e+00
3.464343104245131144e+01 0.000000000000000000e+00
3.469343104245130860e+01 0.000000000000000000e+00
3.474343104245131286e+01 0.000000000000000000e+00
3.479343104245131002e+01 0.000000000000000000e+00
3.484343104245130718e+01 0.000000000000000000e+00
3.489343104245131144e+01 0.000000000000000000e+00
3.494343104245130860e+01 0.000000000000000000e+00
3.499343104245131286e+01 0.000000000000000000e+00
3.504343104245131002e+01 0.000000000000000000e+00
3.509343104245130718e+01 0.000000000000000000e+00
3.514343104245131144e+01 0.000000000000000000e+00
3.519343104245130860e+01 0.000000000000000000e+00
3.524343104245131286e+01 0.000000000000000000e+00
3.529343104245131002e+01 0.000000000000000000e+00
3.534343104245130718e+01 0.000000000000000000e+00
3.539343104245131144e+01 0.000000000000000000e+00
3.544343104245130860e+01 0.000000000000000000e+00
3.549343104245131286e+01 0.000000000000000000e+00
3.554343104245131002e+01 0.000000000000000000e+00
3.559343104245130718e+01 0.000000000000000000e+00
3.564343104245131144e+01 0.000000000000000000e+00
3.569343104245130860e+01 0.000000000000000000e+00
3.574343104245131286e+01 0.000000000000000000e+00
3.579343104245131002e+01 0.000000000000000000e+00
3.584343104245130718e+01 0.000000000000000000e+00
3.589343104245131144e+01 0.000000000000000000e+00
3.594343104245130860e+01 0.000000000000000000e+00
3.599343104245131286e+01 0.000000000000000000e+00
3.604343104245131002e+01 0.000000000000000000e+00
3.609343104245130718e+01 0.000000000000000000e+00
3.614343104245131144e+01 0.000000000000000000e+00
3.619343104245130860e+01 0.000000000000000000e+00
3.624343104245131286e+01 0.000000000000000000e+00
3.629343104245131002e+01 0.000000000000000000e+00
3.634343104245130718e+01 0.000000000000000000e+00
3.639343104245131144e+01 0.000000000000000000e+00
3.644343104245130860e+01 0.000000000000000000e+00
3.649343104245131286e+01 0.000000000000000000e+00
3.654343104245131002e+01 0.000000000000000000e+00
3.659343104245130718e+01 0.000000000000000000e+00
3.664343104245131144e+01 0.000000000000000000e+00
3.669343104245130860e+01 0.000000000000000000e+00
3.674343104245131286e+01 0.000000000000000000e+00
3.679343104245131002e+01 0.000000000000000000e+00
3.684343104245130718e+01 0.000000000000000000e+00
3.689343104245131144e+01 0.000000000000000000e+00
3.694343104245130860e+01 0.000000000000000000e+00
3.699343104245131286e+01 0.000000000000000000e+00
3.704343104245131002e+01 0.000000000000000000e+00
3.709343104245130718e+01 0.000000000000000000e+00
3.714343104245131144e+01 0.000000000000000000e+00
