-1.535845218644802124e+01 2.804154480376022218e-05
-1.530845218644802230e+01 0.000000000000000000e+00
-1.525845218644802159e+01 0.000000000000000000e+00
-1.520845218644802088e+01 0.000000000000000000e+00
-1.515845218644802195e+01 0.000000000000000000e+00
-1.510845218644802124e+01 0.000000000000000000e+00
-1.505845218644802230e+01 0.000000000000000000e+00
-1.500845218644802159e+01 0.000000000000000000e+00
-1.495845218644802088e+01 0.000000000000000000e+00
-1.490845218644802195e+01 0.000000000000000000e+00
-1.485845218644802124e+01 0.000000000000000000e+00
-1.480845218644802230e+01 0.000000000000000000e+00
-1.475845218644802159e+01 0.000000000000000000e+00
-1.470845218644802088e+01 0.000000000000000000e+00
-1.465845218644802195e+01 0.000000000000000000e+00
-1.460845218644802124e+01 0.000000000000000000e+00
-1.455845218644802230e+01 0.000000000000000000e+00
-1.450845218644802159e+01 0.000000000000000000e+00
-1.445845218644802088e+01 0.000000000000000000e+00
-1.440845218644802195e+01 0.000000000000000000e+00
-1.435845218644802124e+01 0.000000000000000000e+00
-1.430845218644802230e+01 0.000000000000000000e+00
-1.425845218644802159e+01 0.000000000000000000e+00
-1.420845218644802088e+01 0.000000000000000000e+00
-1.415845218644802195e+01 0.000000000000000000e+00
-1.410845218644802124e+01 0.000000000000000000e+00
-1.405845218644802230e+01 0.000000000000000000e+00
-1.400845218644802159e+01 0.000000000000000000e+00
-1.395845218644802088e+01 0.000000000000000000e+00
-1.390845218644802195e+01 0.000000000000000000e+00
-1.385845218644802124e+01 0.000000000000000000e+00
-1.380845218644802230e+01 0.000000000000000000e+00
-1.375845218644802159e+01 0.000000000000000000e+00
-1.370845218644802088e+01 0.000000000000000000e+00
-1.365845218644802195e+01 0.000000000000000000e+00
-1.360845218644802124e+01 0.000000000000000000e+00
-1.355845218644802230e+01 0.000000000000000000e+00
-1.350845218644802159e+01 0.000000000000000000e+00
-1.345845218644802088e+01 0.000000000000000000e+00
-1.340845218644802195e+01 0.000000000000000000e+00
-1.335845218644802124e+01 0.000000000000000000e+00
-1.330845218644802230e+01 0.000000000000000000e+00
-1.325845218644802159e+01 0.000000000000000000e+00
-1.320845218644802088e+01 0.000000000000000000e+00
-1.315845218644802195e+01 0.000000000000000000e+00
-1.310845218644802124e+01 0.000000000000000000e+00
-1.305845218644802230e+01 0.000000000000000000e+00
-1.300845218644802159e+01 0.000000000000000000e+00
-1.295845218644802088e+01 0.000000000000000000e+00
-1.290845218644802195e+01 0.000000000000000000e+00
-1.285845218644802124e+01 0.000000000000000000e+00
-1.280845218644802230e+01 0.000000000000000000e+00
-1.275845218644802159e+01 0.000000000000000000e+00
-1.270845218644802088e+01 0.000000000000000000e+00
-1.265845218644802195e+01 0.000000000000000000e+00
-1.260845218644802124e+01 0.000000000000000000e+00
-1.255845218644802230e+01 0.000000000000000000e+00
-1.250845218644802159e+01 0.000000000000000000e+00
-1.245845218644802088e+01 0.000000000000000000e+00
-1.240845218644802195e+01 0.000000000000000000e+00
-1.235845218644802124e+01 0.000000000000000000e+00
-1.230845218644802230e+01 0.000000000000000000e+00
-1.225845218644802159e+01 0.000000000000000000e+00
-1.220845218644802088e+01 0.000000000000000000e+00
-1.215845218644802195e+01 0.000000000000000000e+00
-1.210845218644802124e+01 0.000000000000000000e+00
-1.205845218644802230e+01 0.000000000000000000e+00
-1.200845218644802159e+01 0.000000000000000000e+00
-1.195845218644802088e+01 0.000000000000000000e+00
-1.190845218644802195e+01 0.000000000000000000e+00
-1.185845218644802124e+01 0.000000000000000000e+00
-1.180845218644802230e+01 0.000000000000000000e+00
-1.175845218644802159e+01 0.000000000000000000e+00
-1.170845218644802088e+01 0.000000000000000000e+00
-1.165845218644802195e+01 0.000000000000000000e+00
-1.160845218644802124e+01 0.000000000000000000e+00
-1.155845218644802230e+01 0.000000000000000000e+00
-1.150845218644802159e+01 0.000000000000000000e+00
-1.145845218644802088e+01 0.000000000000000000e+00
-1.140845218644802195e+01 0.000000000000000000e+00
-1.135845218644802124e+01 0.000000000000000000e+00
-1.130845218644802230e+01 0.000000000000000000e+00
-1.125845218644802159e+01 0.000000000000000000e+00
-1.120845218644802088e+01 0.000000000000000000e+00
-1.115845218644802195e+01 0.000000000000000000e+00
-1.110845218644802124e+01 0.000000000000000000e+00
-1.105845218644802230e+01 0.000000000000000000e+00
-1.100845218644802159e+01 0.000000000000000000e+00
-1.095845218644802088e+01 0.000000000000000000e+00
-1.090845218644802195e+01 0.000000000000000000e+00
-1.085845218644802124e+01 0.000000000000000000e+00
-1.080845218644802230e+01 0.000000000000000000e+00
-1.075845218644802159e+01 0.000000000000000000e+00
-1.070845218644802088e+01 0.000000000000000000e+00
-1.065845218644802195e+01 0.000000000000000000e+00
-1.060845218644802124e+01 0.000000000000000000e+00
-1.055845218644802053e+01 0.000000000000000000e+00
-1.050845218644802159e+01 0.000000000000000000e+00
-1.045845218644802088e+01 0.000000000000000000e+00
-1.040845218644802195e+01 0.000000000000000000e+00
-1.035845218644802124e+01 0.000000000000000000e+00
-1.030845218644802053e+01 0.000000000000000000e+00
-1.025845218644802159e+01 0.000000000000000000e+00
-1.020845218644802088e+01 0.000000000000000000e+00
-1.015845218644802195e+01 0.000000000000000000e+00
-1.010845218644802124e+01 0.000000000000000000e+00
-1.005845218644802053e+01 0.000000000000000000e+00
-1.000845218644802159e+01 0.000000000000000000e+00
-9.958452186448020882e+00 0.000000000000000000e+00
-9.908452186448021948e+00 0.000000000000000000e+00
-9.858452186448021237e+00 0.000000000000000000e+00
-9.808452186448020527e+00 0.000000000000000000e+00
-9.758452186448021592e+00 0.000000000000000000e+00
-9.708452186448020882e+00 0.000000000000000000e+00
-9.658452186448021948e+00 0.000000000000000000e+00
-9.608452186448021237e+00 0.000000000000000000e+00
-9.558452186448020527e+00 0.000000000000000000e+00
-9.508452186448021592e+00 0.000000000000000000e+00
-9.458452186448020882e+00 0.000000000000000000e+00
-9.408452186448021948e+00 0.000000000000000000e+00
-9.358452186448021237e+00 0.000000000000000000e+00
-9.308452186448020527e+00 0.000000000000000000e+00
-9.258452186448021592e+00 0.000000000000000000e+00
-9.208452186448020882e+00 0.000000000000000000e+00
-9.158452186448021948e+00 0.000000000000000000e+00
-9.108452186448021237e+00 0.000000000000000000e+00
-9.058452186448020527e+00 0.000000000000000000e+00
-9.008452186448021592e+00 0.000000000000000000e+00
-8.958452186448020882e+00 0.000000000000000000e+00
-8.908452186448021948e+00 0.000000000000000000e+00
-8.858452186448021237e+00 0.000000000000000000e+00
-8.808452186448020527e+00 0.000000000000000000e+00
-8.758452186448021592e+00 0.000000000000000000e+00
-8.708452186448020882e+00 0.000000000000000000e+00
-8.658452186448021948e+00 0.000000000000000000e+00
-8.608452186448021237e+00 0.000000000000000000e+00
-8.558452186448020527e+00 0.000000000000000000e+00
-8.508452186448021592e+00 0.000000000000000000e+00
-8.458452186448020882e+00 0.000000000000000000e+00
-8.408452186448021948e+00 0.000000000000000000e+00
-8.358452186448021237e+00 0.000000000000000000e+00
-8.308452186448020527e+00 0.000000000000000000e+00
-8.258452186448021592e+00 0.000000000000000000e+00
-8.208452186448020882e+00 0.000000000000000000e+00
-8.158452186448021948e+00 0.000000000000000000e+00
-8.108452186448021237e+00 0.000000000000000000e+00
-8.058452186448020527e+00 0.000000000000000000e+00
-8.008452186448021592e+00 0.000000000000000000e+00
-7.958452186448020882e+00 0.000000000000000000e+00
-7.908452186448021948e+00 0.000000000000000000e+00
-7.858452186448021237e+00 0.000000000000000000e+00
-7.808452186448020527e+00 0.000000000000000000e+00
-7.758452186448021592e+00 0.000000000000000000e+00
-7.708452186448020882e+00 0.000000000000000000e+00
-7.658452186448021948e+00 0.000000000000000000e+00
-7.608452186448021237e+00 0.000000000000000000e+00
-7.558452186448020527e+00 0.000000000000000000e+00
-7.508452186448021592e+00 0.000000000000000000e+00
-7.458452186448020882e+00 0.000000000000000000e+00
-7.408452186448021948e+00 0.000000000000000000e+00
-7.358452186448021237e+00 0.000000000000000000e+00
-7.308452186448022303e+00 0.000000000000000000e+00
-7.258452186448021592e+00 0.000000000000000000e+00
-7.208452186448020882e+00 0.000000000000000000e+00
-7.158452186448020171e+00 0.000000000000000000e+00
-7.108452186448021237e+00 0.000000000000000000e+00
-7.058452186448022303e+00 0.000000000000000000e+00
-7.008452186448021592e+00 0.000000000000000000e+00
-6.958452186448020882e+00 0.000000000000000000e+00
-6.908452186448020171e+00 0.000000000000000000e+00
-6.858452186448021237e+00 0.000000000000000000e+00
-6.808452186448022303e+00 0.000000000000000000e+00
-6.758452186448021592e+00 0.000000000000000000e+00
-6.708452186448020882e+00 0.000000000000000000e+00
-6.658452186448020171e+00 0.000000000000000000e+00
-6.608452186448021237e+00 0.000000000000000000e+00
-6.558452186448022303e+00 0.000000000000000000e+00
-6.508452186448021592e+00 0.000000000000000000e+00
-6.458452186448020882e+00 0.000000000000000000e+00
-6.408452186448020171e+00 0.000000000000000000e+00
-6.358452186448021237e+00 0.000000000000000000e+00
-6.308452186448022303e+00 0.000000000000000000e+00
-6.258452186448021592e+00 0.000000000000000000e+00
-6.208452186448020882e+00 0.000000000000000000e+00
-6.158452186448020171e+00 0.000000000000000000e+00
-6.108452186448021237e+00 0.000000000000000000e+00
-6.058452186448022303e+00 0.000000000000000000e+00
-6.008452186448021592e+00 0.000000000000000000e+00
-5.958452186448020882e+00 0.000000000000000000e+00
-5.908452186448020171e+00 0.000000000000000000e+00
-5.858452186448021237e+00 0.000000000000000000e+00
-5.808452186448020527e+00 0.000000000000000000e+00
-5.758452186448021592e+00 0.000000000000000000e+00
-5.708452186448020882e+00 0.000000000000000000e+00
-5.658452186448020171e+00 0.000000000000000000e+00
-5.608452186448021237e+00 0.000000000000000000e+00
-5.558452186448020527e+00 0.000000000000000000e+00
-5.508452186448021592e+00 0.000000000000000000e+00
-5.458452186448020882e+00 0.000000000000000000e+00
-5.408452186448020171e+00 0.000000000000000000e+00
-5.358452186448021237e+00 0.000000000000000000e+00
-5.308452186448020527e+00 0.000000000000000000e+00
-5.258452186448021592e+00 0.000000000000000000e+00
-5.208452186448020882e+00 0.000000000000000000e+00
-5.158452186448020171e+00 0.000000000000000000e+00
-5.108452186448021237e+00 0.000000000000000000e+00
-5.058452186448020527e+00 0.000000000000000000e+00
-5.008452186448021592e+00 0.000000000000000000e+00
-4.958452186448020882e+00 0.000000000000000000e+00
-4.908452186448020171e+00 0.000000000000000000e+00
-4.858452186448021237e+00 0.000000000000000000e+00
-4.808452186448020527e+00 0.000000000000000000e+00
-4.758452186448021592e+00 0.000000000000000000e+00
-4.708452186448020882e+00 0.000000000000000000e+00
-4.658452186448020171e+00 0.000000000000000000e+00
-4.608452186448021237e+00 0.000000000000000000e+00
-4.558452186448020527e+00 0.000000000000000000e+00
-4.508452186448021592e+00 0.000000000000000000e+00
-4.458452186448020882e+00 0.000000000000000000e+00
-4.408452186448020171e+00 0.000000000000000000e+00
-4.358452186448021237e+00 0.000000000000000000e+00
-4.308452186448020527e+00 0.000000000000000000e+00
-4.258452186448021592e+00 0.000000000000000000e+00
-4.208452186448020882e+00 0.000000000000000000e+00
-4.158452186448020171e+00 0.000000000000000000e+00
-4.108452186448021237e+00 0.000000000000000000e+00
-4.058452186448020527e+00 0.000000000000000000e+00
-4.008452186448021592e+00 0.000000000000000000e+00
-3.958452186448020882e+00 0.000000000000000000e+00
-3.908452186448020171e+00 0.000000000000000000e+00
-3.858452186448021237e+00 0.000000000000000000e+00
-3.808452186448020527e+00 0.000000000000000000e+00
-3.758452186448021592e+00 0.000000000000000000e+00
-3.708452186448020882e+00 0.000000000000000000e+00
-3.658452186448020171e+00 0.000000000000000000e+00
-3.608452186448021237e+00 0.000000000000000000e+00
-3.558452186448020527e+00 0.000000000000000000e+00
-3.508452186448021592e+00 0.000000000000000000e+00
-3.458452186448020882e+00 0.000000000000000000e+00
-3.408452186448020171e+00 0.000000000000000000e+00
-3.358452186448021237e+00 0.000000000000000000e+00
-3.308452186448020527e+00 0.000000000000000000e+00
-3.258452186448021592e+00 0.000000000000000000e+00
-3.208452186448020882e+00 0.000000000000000000e+00
-3.158452186448020171e+00 0.000000000000000000e+00
-3.108452186448021237e+00 0.000000000000000000e+00
-3.058452186448020527e+00 0.000000000000000000e+00
-3.008452186448021592e+00 0.000000000000000000e+00
-2.958452186448020882e+00 0.000000000000000000e+00
-2.908452186448020171e+00 0.000000000000000000e+00
-2.858452186448021237e+00 0.000000000000000000e+00
-2.808452186448020527e+00 0.000000000000000000e+00
-2.758452186448021592e+00 0.000000000000000000e+00
-2.708452186448020882e+00 0.000000000000000000e+00
-2.658452186448020171e+00 0.000000000000000000e+00
-2.608452186448021237e+00 0.000000000000000000e+00
-2.558452186448020527e+00 0.000000000000000000e+00
-2.508452186448021592e+00 0.000000000000000000e+00
-2.458452186448020882e+00 0.000000000000000000e+00
-2.408452186448020171e+00 0.000000000000000000e+00
-2.358452186448021237e+00 0.000000000000000000e+00
-2.308452186448020527e+00 0.000000000000000000e+00
-2.258452186448021592e+00 0.000000000000000000e+00
-2.208452186448020882e+00 0.000000000000000000e+00
-2.158452186448020171e+00 0.000000000000000000e+00
-2.108452186448021237e+00 0.000000000000000000e+00
-2.058452186448020527e+00 0.000000000000000000e+00
-2.008452186448021592e+00 0.000000000000000000e+00
-1.958452186448020882e+00 0.000000000000000000e+00
-1.908452186448020171e+00 0.000000000000000000e+00
-1.858452186448021237e+00 0.000000000000000000e+00
-1.808452186448020527e+00 0.000000000000000000e+00
-1.758452186448021592e+00 0.000000000000000000e+00
-1.708452186448020882e+00 0.000000000000000000e+00
-1.658452186448020171e+00 0.000000000000000000e+00
-1.608452186448021237e+00 0.000000000000000000e+00
-1.558452186448020527e+00 0.000000000000000000e+00
-1.508452186448021592e+00 0.000000000000000000e+00
-1.458452186448020882e+00 0.000000000000000000e+00
-1.408452186448020171e+00 0.000000000000000000e+00
-1.358452186448021237e+00 0.000000000000000000e+00
-1.308452186448020527e+00 0.000000000000000000e+00
-1.258452186448021592e+00 0.000000000000000000e+00
-1.208452186448020882e+00 0.000000000000000000e+00
-1.158452186448020171e+00 0.000000000000000000e+00
-1.108452186448021237e+00 0.000000000000000000e+00
-1.058452186448020527e+00 0.000000000000000000e+00
-1.008452186448021592e+00 0.000000000000000000e+00
-9.584521864480208819e-01 0.000000000000000000e+00
-9.084521864480201714e-01 0.000000000000000000e+00
-8.584521864480212372e-01 0.000000000000000000e+00
-8.084521864480205267e-01 0.000000000000000000e+00
-7.584521864480215925e-01 0.000000000000000000e+00
-7.084521864480208819e-01 0.000000000000000000e+00
-6.584521864480201714e-01 0.000000000000000000e+00
-6.084521864480212372e-01 0.000000000000000000e+00
-5.584521864480205267e-01 0.000000000000000000e+00
-5.084521864480215925e-01 0.000000000000000000e+00
-4.584521864480208819e-01 0.000000000000000000e+00
-4.084521864480201714e-01 0.000000000000000000e+00
-3.584521864480212372e-01 0.000000000000000000e+00
-3.084521864480205267e-01 0.000000000000000000e+00
-2.584521864480215925e-01 0.000000000000000000e+00
-2.084521864480208819e-01 0.000000000000000000e+00
-1.584521864480201714e-01 0.000000000000000000e+00
-1.084521864480212372e-01 0.000000000000000000e+00
-5.845218644802052665e-02 0.000000000000000000e+00
-8.452186448021592469e-03 0.000000000000000000e+00
4.154781355197911807e-02 0.000000000000000000e+00
9.154781355197982862e-02 0.000000000000000000e+00
1.415478135519787628e-01 0.000000000000000000e+00
1.915478135519794733e-01 0.000000000000000000e+00
2.415478135519784075e-01 0.000000000000000000e+00
2.915478135519791181e-01 0.000000000000000000e+00
3.415478135519798286e-01 0.000000000000000000e+00
3.915478135519787628e-01 0.000000000000000000e+00
4.415478135519794733e-01 0.000000000000000000e+00
4.915478135519784075e-01 0.000000000000000000e+00
5.415478135519791181e-01 0.000000000000000000e+00
5.915478135519798286e-01 0.000000000000000000e+00
6.415478135519769864e-01 0.000000000000000000e+00
6.915478135519812497e-01 0.000000000000000000e+00
7.415478135519784075e-01 0.000000000000000000e+00
7.915478135519791181e-01 0.000000000000000000e+00
8.415478135519798286e-01 0.000000000000000000e+00
8.915478135519769864e-01 0.000000000000000000e+00
9.415478135519812497e-01 0.000000000000000000e+00
9.915478135519784075e-01 5.608308960752044436e-05
1.041547813551979118e+00 2.804154480376022218e-05
1.091547813551979829e+00 2.804154480376022218e-05
1.141547813551976986e+00 2.804154480376022218e-05
1.191547813551981250e+00 8.412463441128068009e-05
1.241547813551978408e+00 1.402077240188011244e-04
1.291547813551979118e+00 1.962908136263215959e-04
1.341547813551979829e+00 5.608308960752044436e-05
1.391547813551976986e+00 2.243323584300817774e-04
1.441547813551981250e+00 3.925816272526431918e-04
1.491547813551978408e+00 3.084569928413624304e-04
1.541547813551979118e+00 4.206231720564033191e-04
1.591547813551979829e+00 6.729970752902454407e-04
1.641547813551976986e+00 1.093620247346648597e-03
1.691547813551981250e+00 1.570326509010572767e-03
1.741547813551978408e+00 3.056528383609864990e-03
1.791547813551979118e+00 4.739021071835478049e-03
1.841547813551979829e+00 9.197626695633353416e-03
1.891547813551976986e+00 1.570326509010572247e-02
1.941547813551981250e+00 2.473264251691651566e-02
1.991547813551978408e+00 4.066023996545232999e-02
2.041547813551979118e+00 6.861766013480126436e-02
2.091547813551979829e+00 1.221209276203757826e-01
2.141547813551976986e+00 2.267158897384013994e-01
2.191547813551981250e+00 4.590681299823585748e-01
2.241547813551978408e+00 8.152798736245246980e-01
2.291547813551979118e+00 1.416210178769106376e+00
2.341547813551979829e+00 2.204682335561236162e+00
2.391547813551976986e+00 3.102544558632835070e+00
2.441547813551981250e+00 3.814911962827558956e+00
2.491547813551978408e+00 4.123256789489706975e+00
2.541547813551979118e+00 3.960447580359074848e+00
2.591547813551979829e+00 3.358479738056754371e+00
2.641547813551976986e+00 2.587729837580601266e+00
2.691547813551981250e+00 1.995632619049203749e+00
2.741547813551978408e+00 1.609220131653387842e+00
2.791547813551979118e+00 1.525544161958967360e+00
2.841547813551979829e+00 1.658348918149575857e+00
2.891547813551976986e+00 1.874268813138529666e+00
2.941547813551981250e+00 1.989463479192376649e+00
2.991547813551978408e+00 2.009401017547849833e+00
3.041547813551979118e+00 1.846087060610750674e+00
3.091547813551979829e+00 1.574308408372706358e+00
3.141547813551976986e+00 1.283994295019377008e+00
3.191547813551981250e+00 1.095807487841341965e+00
3.241547813551978408e+00 9.438223150049616095e-01
3.291547813551979118e+00 8.266647408148514176e-01
3.341547813551979829e+00 7.848828390572486491e-01
3.391547813551976986e+00 7.591407009273967166e-01
3.441547813551981250e+00 7.196021227540948528e-01
3.491547813551978408e+00 7.111055346785555287e-01
3.541547813551979118e+00 7.064225966963275649e-01
3.591547813551979829e+00 6.199144309767271599e-01
3.641547813551976986e+00 5.867132419290751466e-01
3.691547813551981250e+00 5.581669493188472497e-01
3.741547813551978408e+00 5.545215484943583073e-01
3.791547813551982671e+00 5.360702120134842596e-01
3.841547813551979829e+00 5.489412810784101149e-01
3.891547813551976986e+00 5.695798580539777056e-01
3.941547813551981250e+00 6.094829763097284747e-01
3.991547813551978408e+00 6.681178464943909878e-01
4.041547813551982671e+00 7.603464873539583779e-01
4.091547813551979829e+00 7.214528647111430049e-01
4.141547813551976986e+00 7.689272000639090221e-01
4.191547813551981250e+00 8.114942650760170739e-01
4.241547813551978408e+00 8.517058403246091647e-01
4.291547813551982671e+00 8.939644483438757838e-01
4.341547813551979829e+00 8.520142973174507084e-01
4.391547813551976986e+00 8.449478280269030472e-01
4.441547813551981250e+00 8.196823961587150764e-01
4.491547813551978408e+00 8.248700819474107382e-01
4.541547813551982671e+00 7.990718607279513330e-01
4.591547813551979829e+00 7.830320971002003860e-01
4.641547813551976986e+00 7.878832843512508788e-01
4.691547813551981250e+00 7.508404036654837688e-01
4.741547813551978408e+00 7.361185926435097615e-01
4.791547813551982671e+00 7.093950004455261693e-01
4.841547813551979829e+00 7.303981175035424434e-01
4.891547813551976986e+00 7.271172567615025173e-01
4.941547813551981250e+00 7.241168114675001766e-01
4.991547813551978408e+00 7.335107289767599514e-01
5.041547813551982671e+00 7.634590988271756640e-01
5.091547813551979829e+00 8.139619210187478693e-01
5.141547813551976986e+00 8.310672633490416850e-01
5.191547813551981250e+00 9.650497644214079962e-01
5.241547813551978408e+00 1.041126475474009494e+00
5.291547813551982671e+00 1.092891167181750944e+00
5.341547813551979829e+00 1.183493398442700073e+00
5.391547813551976986e+00 1.268178863750056173e+00
5.441547813551981250e+00 1.394253649187761956e+00
5.491547813551978408e+00 1.480060776287268398e+00
5.541547813551982671e+00 1.527535111640034415e+00
5.591547813551979829e+00 1.503643715467230857e+00
5.641547813551976986e+00 1.537686150858995626e+00
5.691547813551981250e+00 1.455776798487211865e+00
5.741547813551978408e+00 1.467133624132734848e+00
5.791547813551982671e+00 1.377484805395113199e+00
5.841547813551979829e+00 1.346667147655780994e+00
5.891547813551976986e+00 1.312428421450389848e+00
5.941547813551981250e+00 1.274376045151687009e+00
5.991547813551978408e+00 1.270786727416805872e+00
6.041547813551982671e+00 1.251970850853482808e+00
6.091547813551979829e+00 1.246138209534300767e+00
6.141547813551976986e+00 1.203150521350136115e+00
6.191547813551981250e+00 1.201047405489854114e+00
6.241547813551978408e+00 1.235931087225731861e+00
6.291547813551982671e+00 1.230322778264979933e+00
6.341547813551979829e+00 1.194037019288914037e+00
6.391547813551976986e+00 1.225331383289910425e+00
6.441547813551981250e+00 1.180913576320754332e+00
6.491547813551978408e+00 1.125475442243720314e+00
6.541547813551982671e+00 1.139580339280011900e+00
6.591547813551979829e+00 1.057642945363424403e+00
6.641547813551976986e+00 1.042808968162235228e+00
6.691547813551981250e+00 9.999054046124820072e-01
6.741547813551978408e+00 9.505242442130601432e-01
6.791547813551982671e+00 9.516178644604069703e-01
6.841547813551979829e+00 9.321289908217935682e-01
6.891547813551976986e+00 9.377653413273494554e-01
6.941547813551981250e+00 8.835329936768770986e-01
6.991547813551978408e+00 8.595013897800546365e-01
7.041547813551982671e+00 8.691476811925480384e-01
7.091547813551979829e+00 8.942729053367173275e-01
7.141547813551976986e+00 8.628663751565058826e-01
7.191547813551981250e+00 8.784294325225927569e-01
7.241547813551978408e+00 8.630626659701321479e-01
7.291547813551982671e+00 8.508365524356926723e-01
7.341547813551979829e+00 8.653620726440404143e-01
7.391547813551976986e+00 8.824954565191379663e-01
7.441547813551981250e+00 8.583516864431004478e-01
7.491547813551978408e+00 8.917211247595751011e-01
7.541547813551982671e+00 8.909359615050698178e-01
7.591547813551979829e+00 9.165659334557065829e-01
7.641547813551976986e+00 8.735502037267384168e-01
7.691547813551981250e+00 8.963760211969994396e-01
7.741547813551978408e+00 8.518740895934318047e-01
7.791547813551982671e+00 8.915248339459487248e-01
7.841547813551979829e+00 9.087423424554575968e-01
7.891547813551976986e+00 9.026853687778453317e-01
7.941547813551981250e+00 9.143786929610133729e-01
7.991547813551978408e+00 9.045080691900896364e-01
8.041547813551982671e+00 9.270815127571168102e-01
8.091547813551979829e+00 9.396441248292013437e-01
8.141547813551976986e+00 9.778367088519226424e-01
8.191547813551981250e+00 1.007953327971161217e+00
8.241547813551978408e+00 9.854920505833493216e-01
8.291547813551982671e+00 9.563568855322424067e-01
8.341547813551979829e+00 9.930632676803646808e-01
8.391547813551976986e+00 9.889411605942117767e-01
8.441547813551981250e+00 1.043790422230366666e+00
8.491547813551978408e+00 1.031480184061515981e+00
8.541547813551982671e+00 1.027386118520167146e+00
8.591547813551979829e+00 1.046173953538686474e+00
8.641547813551976986e+00 1.078926477869478262e+00
8.691547813551981250e+00 1.088600810826775511e+00
8.741547813551978408e+00 1.079739682668787282e+00
8.791547813551982671e+00 1.105341613074620533e+00
8.841547813551979829e+00 1.095527072393304380e+00
8.891547813551976986e+00 1.113585827246925897e+00
8.941547813551981250e+00 1.065999325714944934e+00
8.991547813551978408e+00 1.085572323987969323e+00
9.041547813551982671e+00 1.086273362608063620e+00
9.091547813551979829e+00 1.075168910865774485e+00
9.141547813551976986e+00 1.088600810826775511e+00
9.191547813551981250e+00 1.081450216901816752e+00
9.241547813551978408e+00 1.074916536962540636e+00
9.291547813551982671e+00 1.128167430544881222e+00
9.341547813551979829e+00 1.080160305840843771e+00
9.391547813551976986e+00 1.124998735982056353e+00
9.441547813551981250e+00 1.101836419974150605e+00
9.491547813551978408e+00 1.077103777457233846e+00
9.541547813551982671e+00 1.067373361410329125e+00
9.591547813551979829e+00 1.104696657544133931e+00
9.641547813551976986e+00 1.080496804378488829e+00
9.691547813551981250e+00 1.084394579106211509e+00
9.741547813551978408e+00 1.073682708991175128e+00
9.791547813551982671e+00 1.041603181735673456e+00
9.841547813551979829e+00 1.034901252527574700e+00
9.891547813551976986e+00 1.086020988704829771e+00
9.941547813551981250e+00 1.046706742889957686e+00
9.991547813551978408e+00 1.045837455001041416e+00
1.004154781355198267e+01 1.043846505319974360e+00
1.009154781355197983e+01 1.011402437982023672e+00
1.014154781355197699e+01 9.925865614187007191e-01
1.019154781355198125e+01 9.922220213362518138e-01
1.024154781355197841e+01 1.001728105024726423e+00
1.029154781355198267e+01 9.717516936295067520e-01
1.034154781355197983e+01 9.898945731175395890e-01
1.039154781355197699e+01 9.536648972310813877e-01
1.044154781355198125e+01 9.317083676497371902e-01
1.049154781355197841e+01 9.042837368316597457e-01
1.054154781355198267e+01 9.384102968578358350e-01
1.059154781355197983e+01 9.733220201385173187e-01
1.064154781355197699e+01 9.583197936685056151e-01
1.069154781355198125e+01 9.190335893984374893e-01
1.074154781355197841e+01 9.445513951698593091e-01
1.079154781355198267e+01 9.456169738724022888e-01
1.084154781355197983e+01 9.408779528005667414e-01
1.089154781355197699e+01 9.269973881227054902e-01
1.094154781355198125e+01 9.577870043172341807e-01
1.099154781355197841e+01 9.490100007936572712e-01
1.104154781355198267e+01 9.514776567363881776e-01
1.109154781355197983e+01 9.446355198042706292e-01
1.114154781355197699e+01 9.719479844431331284e-01
1.119154781355198125e+01 1.013814010835146995e+00
1.124154781355197841e+01 1.002737600637661819e+00
1.129154781355198267e+01 9.994847814404256292e-01
1.134154781355197983e+01 9.876232079884350590e-01
1.139154781355197699e+01 1.033499175287386773e+00
1.144154781355198125e+01 1.013056889125445670e+00
1.149154781355197841e+01 9.806969464219063015e-01
1.154154781355198267e+01 1.026320539817624278e+00
1.159154781355197983e+01 9.894739499454832110e-01
1.164154781355197699e+01 1.031227810158282132e+00
1.169154781355198125e+01 1.027049619982521866e+00
1.174154781355197841e+01 1.032209264226413792e+00
1.179154781355198267e+01 1.028031074050653526e+00
1.184154781355197983e+01 1.060867723015856745e+00
1.189154781355197699e+01 1.071691759310108072e+00
1.194154781355198125e+01 1.051305556237774663e+00
1.199154781355197841e+01 1.082515795604359621e+00
1.204154781355198267e+01 1.081758673894658074e+00
1.209154781355197983e+01 1.062802589607316328e+00
1.214154781355197699e+01 1.047772321592500777e+00
1.219154781355198125e+01 1.069111937188162331e+00
1.224154781355197841e+01 1.030526771538188280e+00
1.229154781355198267e+01 1.074411789156072938e+00
1.234154781355197983e+01 1.062774548062512592e+00
1.239154781355197699e+01 1.037873656276773415e+00
1.244154781355198125e+01 1.053016090470803912e+00
1.249154781355197841e+01 1.022591014358724237e+00
1.254154781355198267e+01 1.028479738767513751e+00
1.259154781355197983e+01 1.077945023801346602e+00
1.264154781355197699e+01 1.069224103367377277e+00
1.269154781355198125e+01 1.015748877426606578e+00
1.274154781355197841e+01 1.028619946491532433e+00
1.279154781355198267e+01 1.051529888596204776e+00
1.284154781355197983e+01 1.036443537491781530e+00
1.289154781355197699e+01 1.016253625233074276e+00
1.294154781355198125e+01 1.016674248405130765e+00
1.299154781355197841e+01 1.002653476003250610e+00
1.304154781355198267e+01 1.036527662126192961e+00
1.309154781355197983e+01 1.011710894974864994e+00
1.314154781355197699e+01 1.018160450279729901e+00
1.319154781355198125e+01 1.022226474276275221e+00
1.324154781355197841e+01 1.009691903748994424e+00
1.329154781355198267e+01 9.964562946016195522e-01
1.334154781355197983e+01 1.035770540416491414e+00
1.339154781355197699e+01 9.880718727052951733e-01
1.344154781355198125e+01 1.024413714770968431e+00
1.349154781355197841e+01 9.894459084006795857e-01
1.354154781355198267e+01 1.021721726469807301e+00
1.359154781355197983e+01 1.052847841201981272e+00
1.364154781355197699e+01 1.015440420433765256e+00
1.369154781355198125e+01 1.011542645706042576e+00
1.374154781355197841e+01 1.024245465502146013e+00
1.379154781355198267e+01 9.919696474330177427e-01
1.384154781355197983e+01 9.990361167235652928e-01
1.389154781355197699e+01 1.011346354892416199e+00
1.394154781355198125e+01 1.013561636931913146e+00
1.399154781355197841e+01 1.060278850574977838e+00
1.404154781355198267e+01 9.938484309348698531e-01
1.409154781355197983e+01 9.798276585329895871e-01
1.414154781355197699e+01 9.734061447729286387e-01
1.419154781355198125e+01 1.007420538619889561e+00
1.424154781355197841e+01 9.804726140634761888e-01
1.429154781355198267e+01 9.644608919805290892e-01
1.434154781355197983e+01 9.995969476196407966e-01
1.439154781355197699e+01 1.031564308695927412e+00
1.444154781355198125e+01 9.984472442826864969e-01
1.449154781355197841e+01 9.744717234754716184e-01
1.454154781355198267e+01 9.984192027378826495e-01
1.459154781355197983e+01 9.654984291382683326e-01
1.464154781355197699e+01 9.649936813318005235e-01
1.469154781355198125e+01 9.716395274502918067e-01
1.474154781355197841e+01 9.744156403858640347e-01
1.479154781355198267e+01 1.003270389988933253e+00
1.484154781355197983e+01 1.016562082225915598e+00
1.489154781355197699e+01 1.004644425684317444e+00
1.494154781355198125e+01 1.008542200412040124e+00
1.499154781355197841e+01 9.991202413579768349e-01
1.504154781355198267e+01 9.792387860921107912e-01
1.509154781355197983e+01 9.845947211496288709e-01
1.514154781355197699e+01 1.032097098047198624e+00
1.519154781355198125e+01 1.002933891451288195e+00
1.524154781355197841e+01 1.038686861076082435e+00
1.529154781355198267e+01 1.039668315144214095e+00
1.534154781355197983e+01 1.009495612935368047e+00
1.539154781355197699e+01 1.037368908470305717e+00
1.544154781355198125e+01 1.021609560290592578e+00
1.549154781355197841e+01 9.964002115120118575e-01
1.554154781355198267e+01 1.018805405810216502e+00
1.559154781355197983e+01 1.051754220954634667e+00
1.564154781355197699e+01 1.063812085220251724e+00
1.569154781355198125e+01 1.084562828375034149e+00
1.574154781355197841e+01 1.087198733586587585e+00
1.579154781355198267e+01 1.050268019080035309e+00
1.584154781355197983e+01 1.053492796732467873e+00
1.589154781355197699e+01 1.058624399431556062e+00
1.594154781355198125e+01 1.080412679744077620e+00
1.599154781355197841e+01 1.028844278849962546e+00
1.604154781355198267e+01 1.044912084022517229e+00
1.609154781355197983e+01 1.068270690844049575e+00
1.614154781355197699e+01 1.027414160064970883e+00
1.619154781355198125e+01 1.040257187585093224e+00
1.624154781355197841e+01 1.082627961783574788e+00
1.629154781355198267e+01 1.033471133742583037e+00
1.634154781355197983e+01 9.998773630676782709e-01
1.639154781355197699e+01 1.011823061154080161e+00
1.644154781355198125e+01 9.995969476196407966e-01
1.649154781355197841e+01 1.012468016684566541e+00
1.654154781355198267e+01 1.007504663254301214e+00
1.659154781355197983e+01 1.003018016085699404e+00
1.664154781355198409e+01 1.043313715968702926e+00
1.669154781355198125e+01 1.004420093325887553e+00
1.674154781355197841e+01 9.847629704184515109e-01
1.679154781355197557e+01 9.996530307092482692e-01
1.684154781355197983e+01 1.030022023731720582e+00
1.689154781355198409e+01 9.977181641177887972e-01
1.694154781355198125e+01 1.057362529915386817e+00
1.699154781355197841e+01 1.050155852900820364e+00
1.704154781355197557e+01 1.002260894375997857e+00
1.709154781355197983e+01 1.041771431004496096e+00
1.714154781355198409e+01 1.039275733516961564e+00
1.719154781355198125e+01 1.007616829433516159e+00
1.724154781355197841e+01 9.866417539203033993e-01
1.729154781355197557e+01 1.018721281175805293e+00
1.734154781355197983e+01 1.006635375365384499e+00
1.739154781355198409e+01 1.017235079301205936e+00
1.744154781355198125e+01 1.010785523996340807e+00
1.749154781355197841e+01 1.019814901423151898e+00
1.754154781355197557e+01 1.027133744616933075e+00
1.759154781355197983e+01 1.007140123171852197e+00
1.764154781355198409e+01 1.046286119717901419e+00
1.769154781355198125e+01 1.005625879752449103e+00
1.774154781355197841e+01 1.020151399960796734e+00
1.779154781355197557e+01 1.035293834154827231e+00
1.784154781355197983e+01 1.049679146639156180e+00
1.789154781355198409e+01 1.005345464304411518e+00
1.794154781355198125e+01 1.033050510570526548e+00
1.799154781355197841e+01 1.047295615330836815e+00
1.804154781355197557e+01 1.020880480125694545e+00
1.809154781355197983e+01 9.876792910780425316e-01
1.814154781355198409e+01 1.008065494150376162e+00
1.819154781355198125e+01 1.003158223809718308e+00
1.824154781355197841e+01 1.049258523467100135e+00
1.829154781355197557e+01 1.006887749268618348e+00
1.834154781355197983e+01 1.031928848778375984e+00
1.839154781355198409e+01 1.021974100373041372e+00
1.844154781355198125e+01 1.026544872176054390e+00
1.849154781355197841e+01 1.028199323319476166e+00
1.854154781355197557e+01 1.012664307498192695e+00
1.859154781355197983e+01 9.971012501321059318e-01
1.864154781355198409e+01 1.018524990362178917e+00
1.869154781355198125e+01 1.033274842928956661e+00
1.874154781355197841e+01 1.008009411060768690e+00
1.879154781355197557e+01 1.019113862803057824e+00
1.884154781355197983e+01 1.030891311620637296e+00
1.889154781355198409e+01 1.023067720620387977e+00
1.894154781355198125e+01 1.002232852831194121e+00
1.899154781355197841e+01 9.945494695549639275e-01
1.904154781355197557e+01 1.057783153087443306e+00
1.909154781355197983e+01 1.055595912592749874e+00
1.914154781355198409e+01 9.903151962895959670e-01
1.919154781355198125e+01 1.036247246678155154e+00
1.924154781355197841e+01 9.937362647556547968e-01
1.929154781355197557e+01 1.010673357817126083e+00
1.934154781355197983e+01 1.024413714770968431e+00
1.939154781355198409e+01 1.010981814809967405e+00
1.944154781355198125e+01 1.022619055903527752e+00
1.949154781355197841e+01 1.039920689047447944e+00
1.954154781355197557e+01 1.076094281844298450e+00
1.959154781355197983e+01 9.882401219741177023e-01
1.964154781355198409e+01 1.004476176415495026e+00
1.969154781355198125e+01 1.008065494150376162e+00
1.974154781355197841e+01 9.932034754043833624e-01
1.979154781355197557e+01 1.012804515222211821e+00
1.984154781355197983e+01 1.003214306899325781e+00
1.989154781355198409e+01 1.014571132544848542e+00
1.994154781355198125e+01 1.001279440307866420e+00
1.999154781355197841e+01 9.720321090775443373e-01
2.004154781355197557e+01 9.980266211106301188e-01
2.009154781355197983e+01 9.941288463829074384e-01
2.014154781355198409e+01 9.844264718808064529e-01
2.019154781355198125e+01 9.923902706050744538e-01
2.024154781355197841e+01 9.601424940807500308e-01
2.029154781355197557e+01 9.688073314251119950e-01
2.034154781355197983e+01 9.870343355475559299e-01
2.039154781355198409e+01 9.430091102056525898e-01
2.044154781355198125e+01 1.006775583089403403e+00
2.049154781355197841e+01 9.756214268124256961e-01
2.054154781355197557e+01 9.864735046514809813e-01
2.059154781355197983e+01 9.868660862787335120e-01
2.064154781355198409e+01 1.001756146569530381e+00
2.069154781355198125e+01 9.845105965152177729e-01
2.074154781355197841e+01 9.814260265868040012e-01
2.079154781355197557e+01 1.019955109147170580e+00
2.084154781355197983e+01 1.027722617057812204e+00
2.089154781355198409e+01 1.045613122642611081e+00
2.094154781355198125e+01 1.041014309294794549e+00
2.099154781355197841e+01 1.010140568465854649e+00
2.104154781355197557e+01 1.060615349112622896e+00
2.109154781355197983e+01 1.032938344391311603e+00
2.114154781355198409e+01 1.086974401228157472e+00
2.119154781355198125e+01 1.033555258376994246e+00
2.124154781355197841e+01 1.020824397036087072e+00
2.129154781355197557e+01 1.015889085150625482e+00
2.134154781355197983e+01 1.041266683198028176e+00
2.139154781355198409e+01 1.049566980459941457e+00
2.144154781355198125e+01 1.046005704269863834e+00
2.149154781355197841e+01 1.010981814809967405e+00
2.154154781355197557e+01 1.054193835352561726e+00
2.159154781355197983e+01 1.034060006183461944e+00
2.164154781355198409e+01 1.060559266023015423e+00
2.169154781355198125e+01 1.059073064148416066e+00
2.174154781355197841e+01 1.051754220954634667e+00
2.179154781355197557e+01 1.051445763961793345e+00
2.184154781355197983e+01 1.046314161262705156e+00
2.189154781355198409e+01 1.049398731191118816e+00
2.194154781355198125e+01 1.059970393582136516e+00
2.199154781355197841e+01 1.045444873373788441e+00
2.204154781355197557e+01 1.094769950683602833e+00
2.209154781355197983e+01 1.006411043006954387e+00
2.214154781355198409e+01 1.068214607754442103e+00
2.219154781355198125e+01 1.055595912592749874e+00
2.224154781355197841e+01 1.074664163059306565e+00
2.229154781355197557e+01 1.080272472020058716e+00
2.234154781355197983e+01 1.009383446756153102e+00
2.239154781355198409e+01 1.054277959986973157e+00
2.244154781355198125e+01 1.048108820130145835e+00
2.249154781355197841e+01 1.028760154215551337e+00
2.254154781355197557e+01 1.007981369515964953e+00
2.259154781355197983e+01 9.912966503577275157e-01
2.264154781355198409e+01 1.032601845853666545e+00
2.269154781355198125e+01 1.029489234380449147e+00
2.274154781355197841e+01 1.037453033104716926e+00
2.279154781355197557e+01 9.933997662180096277e-01
2.284154781355197983e+01 1.034031964638657985e+00
2.289154781355198409e+01 1.012748432132604348e+00
2.294154781355198125e+01 1.000522318598164651e+00
2.299154781355197841e+01 1.002681517548054346e+00
2.304154781355198267e+01 9.900908639311658543e-01
2.309154781355197983e+01 9.570859656971403284e-01
2.314154781355198409e+01 9.924463536946817044e-01
2.319154781355198125e+01 9.470751342021976882e-01
2.324154781355197841e+01 9.626662331130885208e-01
2.329154781355198267e+01 9.360828486391237213e-01
2.334154781355197983e+01 9.542537696719604057e-01
2.339154781355198409e+01 9.808932372355326779e-01
2.344154781355198125e+01 9.231276549397865461e-01
2.349154781355197841e+01 9.292126701622025475e-01
2.354154781355198267e+01 9.538051049551001803e-01
2.359154781355197983e+01 9.248381891728159054e-01
2.364154781355198409e+01 9.110697906741695995e-01
2.369154781355198125e+01 9.031340334947056681e-01
2.374154781355197841e+01 9.231276549397865461e-01
2.379154781355198267e+01 9.082936777385973715e-01
2.384154781355197983e+01 9.689194976043270513e-01
2.389154781355198409e+01 9.457291400516172342e-01
2.394154781355198125e+01 9.170426397173705446e-01
2.399154781355197841e+01 9.530199417005948970e-01
2.404154781355198267e+01 9.653582214142493179e-01
2.409154781355197983e+01 9.462619294028885575e-01
2.414154781355198409e+01 9.522908615356973083e-01
2.419154781355198125e+01 9.593853723710485948e-01
2.424154781355197841e+01 9.898104484831282690e-01
2.429154781355198267e+01 1.009972319197032009e+00
2.434154781355197983e+01 9.977462056625924225e-01
2.439154781355198409e+01 1.020039233781582011e+00
2.444154781355198125e+01 1.056212826578432518e+00
2.449154781355197841e+01 1.056997989832937801e+00
2.454154781355198267e+01 1.062662381883297424e+00
2.459154781355197983e+01 1.070429889793939049e+00
2.464154781355198409e+01 1.064344874571522936e+00
2.469154781355198125e+01 1.123372326383438313e+00
2.474154781355197841e+01 1.081814756984265546e+00
2.479154781355198267e+01 1.097630188253586381e+00
2.484154781355197983e+01 1.125783899236561858e+00
2.489154781355198409e+01 1.129148884613012882e+00
2.494154781355198125e+01 1.119110011573266839e+00
2.499154781355197841e+01 1.114987904487114045e+00
2.504154781355198267e+01 1.127830932007236164e+00
2.509154781355197983e+01 1.124157489637943819e+00
2.514154781355198409e+01 1.150853040291123230e+00
2.519154781355198125e+01 1.139440131555992997e+00
2.524154781355197841e+01 1.165434643589078778e+00
2.529154781355198267e+01 1.143674404821360513e+00
2.534154781355197983e+01 1.146450517756932630e+00
2.539154781355198409e+01 1.142244286036368850e+00
2.544154781355198125e+01 1.122166539956876541e+00
2.549154781355197841e+01 1.109239387802342991e+00
2.554154781355198267e+01 1.121072919709529936e+00
2.559154781355197983e+01 1.073626625901567877e+00
2.564154781355198409e+01 1.082459712514752148e+00
2.569154781355198125e+01 1.067990275396011768e+00
2.574154781355197841e+01 1.054922915517459536e+00
2.579154781355198267e+01 1.023320094523621826e+00
2.584154781355197983e+01 1.024105257778127109e+00
2.589154781355198409e+01 1.022058225007452581e+00
2.594154781355198125e+01 1.027077661527325603e+00
2.599154781355197841e+01 1.000718609411791027e+00
2.604154781355198267e+01 1.001167274128651252e+00
2.609154781355197983e+01 9.755092606332105287e-01
2.614154781355198409e+01 9.548146005680355763e-01
2.619154781355198125e+01 9.461497632236737232e-01
2.624154781355197841e+01 9.495147486001249693e-01
2.629154781355198267e+01 9.434297333777090788e-01
2.634154781355197983e+01 9.217536192444021337e-01
2.639154781355198409e+01 9.494586655105173856e-01
2.644154781355198125e+01 9.555156391881296507e-01
2.649154781355197841e+01 9.317083676497371902e-01
2.654154781355198267e+01 9.179680106958945096e-01
2.659154781355197983e+01 9.122755771007313719e-01
2.664154781355198409e+01 8.939364067990720475e-01
2.669154781355198125e+01 8.744755747052624928e-01
2.674154781355197841e+01 8.725687496586067571e-01
2.679154781355198267e+01 8.647732002031615073e-01
2.684154781355197983e+01 9.175193459790345063e-01
2.689154781355198409e+01 8.683064348484353934e-01
2.694154781355198125e+01 8.975537660787571426e-01
2.699154781355197841e+01 8.517338818694130120e-01
2.704154781355198267e+01 8.187850667249947367e-01
2.709154781355197983e+01 8.651096987408066763e-01
2.714154781355198409e+01 8.656985711816855833e-01
2.719154781355198125e+01 8.642123693070862256e-01
2.724154781355197841e+01 8.847387801034388710e-01
2.729154781355198267e+01 8.773358122752461519e-01
2.734154781355197983e+01 9.298856672374927745e-01
2.739154781355198409e+01 9.040313629284257857e-01
2.744154781355198125e+01 9.139580697889569949e-01
2.749154781355197841e+01 9.550950160160731617e-01
2.754154781355198267e+01 9.895019914902869473e-01
2.759154781355197983e+01 9.868660862787335120e-01
2.764154781355198409e+01 1.037088493022268132e+00
2.769154781355198125e+01 9.990641582683692512e-01
2.774154781355197841e+01 1.045304665649769982e+00
2.779154781355198267e+01 1.094685826049191846e+00
2.784154781355197983e+01 1.068270690844049575e+00
2.789154781355198409e+01 1.140029003996871904e+00
2.794154781355198125e+01 1.118885679214836948e+00
2.799154781355197841e+01 1.167846216442202101e+00
2.804154781355198267e+01 1.149226630692505191e+00
2.809154781355197983e+01 1.213890433009976455e+00
2.814154781355198409e+01 1.189746662933938826e+00
2.819154781355198125e+01 1.166191765298780325e+00
2.824154781355197841e+01 1.221489691651795439e+00
2.829154781355198267e+01 1.173510608492561502e+00
2.834154781355197983e+01 1.173650816216580406e+00
2.839154781355198409e+01 1.257579159814234959e+00
2.844154781355198125e+01 1.225471591013929329e+00
2.849154781355197841e+01 1.244399633756467338e+00
2.854154781355198267e+01 1.267393700495550668e+00
2.859154781355197983e+01 1.297622485794004410e+00
2.864154781355198409e+01 1.356902311509153636e+00
2.869154781355198125e+01 1.363660323806859420e+00
2.874154781355197841e+01 1.425295639285524496e+00
2.879154781355198267e+01 1.469348906172232017e+00
2.884154781355197983e+01 1.431324571418333136e+00
2.889154781355198409e+01 1.426305134898460114e+00
2.894154781355198125e+01 1.338787473565924424e+00
2.899154781355197841e+01 1.292631090818935125e+00
2.904154781355198267e+01 1.257410910545412097e+00
2.909154781355197983e+01 1.147908678086728473e+00
2.914154781355198409e+01 1.094461493690761733e+00
2.919154781355198125e+01 9.708824057405902597e-01
2.924154781355197841e+01 9.229033225813564334e-01
2.929154781355198267e+01 8.662033189881532813e-01
2.934154781355197983e+01 8.360866998689148177e-01
2.939154781355198409e+01 7.969407033228654846e-01
2.944154781355198125e+01 7.812654797775636650e-01
2.949154781355197841e+01 7.709461912897798141e-01
2.954154781355198267e+01 7.476717091026587880e-01
2.959154781355197983e+01 7.703292773040970598e-01
2.964154781355198409e+01 8.070076179074153755e-01
2.969154781355198125e+01 8.316280942451170777e-01
2.974154781355197841e+01 8.155042059829548107e-01
2.979154781355198267e+01 8.676334377731451664e-01
2.984154781355197983e+01 8.609595501098500359e-01
2.989154781355198409e+01 8.712227555080264141e-01
2.994154781355198125e+01 8.686709749308841877e-01
2.999154781355197841e+01 8.810933792789500396e-01
3.004154781355198267e+01 8.834769105872696260e-01
3.009154781355197983e+01 8.734941206371309441e-01
3.014154781355198409e+01 8.314598449762944377e-01
3.019154781355198125e+01 8.487053950306069350e-01
3.024154781355197841e+01 8.354697858832320634e-01
3.029154781355198267e+01 7.994924839000077110e-01
3.034154781355197983e+01 7.483166646331451677e-01
3.039154781355198409e+01 7.391190379375118802e-01
3.044154781355198125e+01 6.720997458565249882e-01
3.049154781355197841e+01 6.438619102391385240e-01
3.054154781355198267e+01 6.025847562880035646e-01
3.059154781355197983e+01 5.962193256175497558e-01
3.064154781355198409e+01 5.580267415948284571e-01
3.069154781355198125e+01 6.164653209658647048e-01
3.074154781355197841e+01 6.375525626582924099e-01
3.079154781355198267e+01 6.898500437173051836e-01
3.084154781355197983e+01 7.540090982283086385e-01
3.089154781355198409e+01 7.937159256704331423e-01
3.094154781355198125e+01 8.713349216872413594e-01
3.099154781355197841e+01 8.870942698669547211e-01
3.104154781355198267e+01 9.113502061222072959e-01
3.109154781355197983e+01 8.941046560678946875e-01
3.114154781355198409e+01 8.733258713683083041e-01
3.119154781355198125e+01 9.239128181942918294e-01
3.124154781355197841e+01 9.958674221607405341e-01
3.129154781355198267e+01 1.163247403094385346e+00
3.134154781355197983e+01 1.330823674841656423e+00
3.139154781355198409e+01 1.525123538786911093e+00
3.144154781355198125e+01 1.646234970794351549e+00
3.149154781355197841e+01 1.671219987214501712e+00
3.154154781355198267e+01 1.581066420670412809e+00
3.159154781355197983e+01 1.478798906771099153e+00
3.164154781355198409e+01 1.443270269504735026e+00
3.169154781355198125e+01 1.539032145009576080e+00
3.174154781355197841e+01 1.958141073646576302e+00
3.179154781355198267e+01 2.601946900796106910e+00
3.184154781355197983e+01 3.396055408093793027e+00
3.189154781355198409e+01 3.981955445223559042e+00
3.194154781355198125e+01 4.089775184994016932e+00
3.199154781355197841e+01 3.776551129536015239e+00
3.204154781355198622e+01 3.052153902620478032e+00
3.209154781355198338e+01 2.143187227806590212e+00
3.214154781355198054e+01 1.364725902509402511e+00
3.219154781355197770e+01 7.806766073366846470e-01
3.224154781355197485e+01 4.298488402968404509e-01
3.229154781355198622e+01 2.074513484582181377e-01
3.234154781355198338e+01 1.215320551794968063e-01
3.239154781355198054e+01 6.449555304864849903e-02
3.244154781355197770e+01 3.990311825575079685e-02
3.249154781355197485e+01 2.462047633770147667e-02
3.254154781355198622e+01 1.570326509010572247e-02
3.259154781355198338e+01 8.889169702791991853e-03
3.264154781355198054e+01 5.524184326340763999e-03
3.269154781355197770e+01 2.832196025179782237e-03
3.274154781355197485e+01 1.458160329795531607e-03
3.279154781355198622e+01 1.149703336954169177e-03
3.284154781355198338e+01 6.449555304864851507e-04
3.289154781355198054e+01 2.523739032338420132e-04
3.294154781355197770e+01 1.121661792150408887e-04
3.299154781355197485e+01 2.804154480376022218e-05
3.304154781355198622e+01 2.804154480376022218e-05
3.309154781355198338e+01 8.412463441128068009e-05
3.314154781355198054e+01 8.412463441128068009e-05
3.319154781355197770e+01 0.000000000000000000e+00
3.324154781355197485e+01 0.000000000000000000e+00
3.329154781355198622e+01 0.000000000000000000e+00
3.334154781355198338e+01 0.000000000000000000e+00
3.339154781355198054e+01 0.000000000000000000e+00
3.344154781355197770e+01 0.000000000000000000e+00
3.349154781355197485e+01 0.000000000000000000e+00
3.354154781355198622e+01 0.000000000000000000e+00
3.359154781355198338e+01 0.000000000000000000e+00
3.364154781355198054e+01 0.000000000000000000e+00
3.369154781355197770e+01 0.000000000000000000e+00
3.374154781355197485e+01 0.000000000000000000e+00
3.379154781355198622e+01 0.000000000000000000e+00
3.384154781355198338e+01 0.000000000000000000e+00
3.389154781355198054e+01 0.000000000000000000e+00
3.394154781355197770e+01 0.000000000000000000e+00
3.399154781355197485e+01 0.000000000000000000e+00
3.404154781355198622e+01 0.000000000000000000e+00
3.409154781355198338e+01 0.000000000000000000e+00
3.414154781355198054e+01 0.000000000000000000e+00
3.419154781355197770e+01 0.000000000000000000e+00
3.424154781355197485e+01 0.000000000000000000e+00
3.429154781355198622e+01 0.000000000000000000e+00
3.434154781355198338e+01 0.000000000000000000e+00
3.439154781355198054e+01 0.000000000000000000e+00
3.444154781355197770e+01 0.000000000000000000e+00
3.449154781355197485e+01 0.000000000000000000e+00
3.454154781355198622e+01 0.000000000000000000e+00
