-1.430593402152902804e+01 0.000000000000000000e+00
-1.425593402152902911e+01 0.000000000000000000e+00
-1.420593402152902840e+01 0.000000000000000000e+00
-1.415593402152902769e+01 0.000000000000000000e+00
-1.410593402152902875e+01 0.000000000000000000e+00
-1.405593402152902804e+01 0.000000000000000000e+00
-1.400593402152902911e+01 0.000000000000000000e+00
-1.395593402152902840e+01 0.000000000000000000e+00
-1.390593402152902769e+01 0.000000000000000000e+00
-1.385593402152902875e+01 0.000000000000000000e+00
-1.380593402152902804e+01 0.000000000000000000e+00
-1.375593402152902911e+01 0.000000000000000000e+00
-1.370593402152902840e+01 0.000000000000000000e+00
-1.365593402152902769e+01 0.000000000000000000e+00
-1.360593402152902875e+01 0.000000000000000000e+00
-1.355593402152902804e+01 0.000000000000000000e+00
-1.350593402152902911e+01 0.000000000000000000e+00
-1.345593402152902840e+01 0.000000000000000000e+00
-1.340593402152902769e+01 0.000000000000000000e+00
-1.335593402152902875e+01 0.000000000000000000e+00
-1.330593402152902804e+01 0.000000000000000000e+00
-1.325593402152902911e+01 0.000000000000000000e+00
-1.320593402152902840e+01 0.000000000000000000e+00
-1.315593402152902769e+01 0.000000000000000000e+00
-1.310593402152902875e+01 0.000000000000000000e+00
-1.305593402152902804e+01 0.000000000000000000e+00
-1.300593402152902911e+01 0.000000000000000000e+00
-1.295593402152902840e+01 0.000000000000000000e+00
-1.290593402152902769e+01 0.000000000000000000e+00
-1.285593402152902875e+01 0.000000000000000000e+00
-1.280593402152902804e+01 0.000000000000000000e+00
-1.275593402152902911e+01 0.000000000000000000e+00
-1.270593402152902840e+01 0.000000000000000000e+00
-1.265593402152902769e+01 0.000000000000000000e+00
-1.260593402152902875e+01 0.000000000000000000e+00
-1.255593402152902804e+01 0.000000000000000000e+00
-1.250593402152902911e+01 0.000000000000000000e+00
-1.245593402152902840e+01 0.000000000000000000e+00
-1.240593402152902769e+01 0.000000000000000000e+00
-1.235593402152902875e+01 0.000000000000000000e+00
-1.230593402152902804e+01 0.000000000000000000e+00
-1.225593402152902911e+01 0.000000000000000000e+00
-1.220593402152902840e+01 0.000000000000000000e+00
-1.215593402152902769e+01 0.000000000000000000e+00
-1.210593402152902875e+01 0.000000000000000000e+00
-1.205593402152902804e+01 0.000000000000000000e+00
-1.200593402152902911e+01 0.000000000000000000e+00
-1.195593402152902840e+01 0.000000000000000000e+00
-1.190593402152902769e+01 0.000000000000000000e+00
-1.185593402152902875e+01 0.000000000000000000e+00
-1.180593402152902804e+01 0.000000000000000000e+00
-1.175593402152902911e+01 0.000000000000000000e+00
-1.170593402152902840e+01 0.000000000000000000e+00
-1.165593402152902769e+01 0.000000000000000000e+00
-1.160593402152902875e+01 0.000000000000000000e+00
-1.155593402152902804e+01 0.000000000000000000e+00
-1.150593402152902911e+01 0.000000000000000000e+00
-1.145593402152902840e+01 0.000000000000000000e+00
-1.140593402152902769e+01 0.000000000000000000e+00
-1.135593402152902875e+01 0.000000000000000000e+00
-1.130593402152902804e+01 0.000000000000000000e+00
-1.125593402152902911e+01 0.000000000000000000e+00
-1.120593402152902840e+01 0.000000000000000000e+00
-1.115593402152902769e+01 0.000000000000000000e+00
-1.110593402152902875e+01 0.000000000000000000e+00
-1.105593402152902804e+01 0.000000000000000000e+00
-1.100593402152902911e+01 0.000000000000000000e+00
-1.095593402152902840e+01 0.000000000000000000e+00
-1.090593402152902769e+01 0.000000000000000000e+00
-1.085593402152902875e+01 0.000000000000000000e+00
-1.080593402152902804e+01 0.000000000000000000e+00
-1.075593402152902911e+01 0.000000000000000000e+00
-1.070593402152902840e+01 0.000000000000000000e+00
-1.065593402152902769e+01 0.000000000000000000e+00
-1.060593402152902875e+01 0.000000000000000000e+00
-1.055593402152902804e+01 0.000000000000000000e+00
-1.050593402152902911e+01 0.000000000000000000e+00
-1.045593402152902840e+01 0.000000000000000000e+00
-1.040593402152902769e+01 0.000000000000000000e+00
-1.035593402152902875e+01 0.000000000000000000e+00
-1.030593402152902804e+01 0.000000000000000000e+00
-1.025593402152902911e+01 0.000000000000000000e+00
-1.020593402152902840e+01 0.000000000000000000e+00
-1.015593402152902769e+01 0.000000000000000000e+00
-1.010593402152902875e+01 0.000000000000000000e+00
-1.005593402152902804e+01 0.000000000000000000e+00
-1.000593402152902911e+01 0.000000000000000000e+00
-9.955934021529028399e+00 0.000000000000000000e+00
-9.905934021529027689e+00 0.000000000000000000e+00
-9.855934021529028755e+00 0.000000000000000000e+00
-9.805934021529028044e+00 0.000000000000000000e+00
-9.755934021529029110e+00 0.000000000000000000e+00
-9.705934021529028399e+00 0.000000000000000000e+00
-9.655934021529027689e+00 0.000000000000000000e+00
-9.605934021529028755e+00 0.000000000000000000e+00
-9.555934021529028044e+00 0.000000000000000000e+00
-9.505934021529027333e+00 0.000000000000000000e+00
-9.455934021529028399e+00 0.000000000000000000e+00
-9.405934021529027689e+00 0.000000000000000000e+00
-9.355934021529028755e+00 0.000000000000000000e+00
-9.305934021529028044e+00 0.000000000000000000e+00
-9.255934021529027333e+00 0.000000000000000000e+00
-9.205934021529028399e+00 0.000000000000000000e+00
-9.155934021529027689e+00 0.000000000000000000e+00
-9.105934021529028755e+00 0.000000000000000000e+00
-9.055934021529028044e+00 0.000000000000000000e+00
-9.005934021529027333e+00 0.000000000000000000e+00
-8.955934021529028399e+00 0.000000000000000000e+00
-8.905934021529027689e+00 0.000000000000000000e+00
-8.855934021529028755e+00 0.000000000000000000e+00
-8.805934021529028044e+00 0.000000000000000000e+00
-8.755934021529027333e+00 0.000000000000000000e+00
-8.705934021529028399e+00 0.000000000000000000e+00
-8.655934021529027689e+00 0.000000000000000000e+00
-8.605934021529028755e+00 0.000000000000000000e+00
-8.555934021529028044e+00 0.000000000000000000e+00
-8.505934021529027333e+00 0.000000000000000000e+00
-8.455934021529028399e+00 0.000000000000000000e+00
-8.405934021529027689e+00 0.000000000000000000e+00
-8.355934021529028755e+00 0.000000000000000000e+00
-8.305934021529028044e+00 0.000000000000000000e+00
-8.255934021529027333e+00 0.000000000000000000e+00
-8.205934021529028399e+00 0.000000000000000000e+00
-8.155934021529027689e+00 0.000000000000000000e+00
-8.105934021529028755e+00 0.000000000000000000e+00
-8.055934021529028044e+00 0.000000000000000000e+00
-8.005934021529027333e+00 0.000000000000000000e+00
-7.955934021529028399e+00 0.000000000000000000e+00
-7.905934021529027689e+00 0.000000000000000000e+00
-7.855934021529028755e+00 0.000000000000000000e+00
-7.805934021529028044e+00 0.000000000000000000e+00
-7.755934021529027333e+00 0.000000000000000000e+00
-7.705934021529028399e+00 0.000000000000000000e+00
-7.655934021529027689e+00 0.000000000000000000e+00
-7.605934021529028755e+00 0.000000000000000000e+00
-7.555934021529028044e+00 0.000000000000000000e+00
-7.505934021529027333e+00 0.000000000000000000e+00
-7.455934021529028399e+00 0.000000000000000000e+00
-7.405934021529027689e+00 0.000000000000000000e+00
-7.355934021529028755e+00 0.000000000000000000e+00
-7.305934021529028044e+00 0.000000000000000000e+00
-7.255934021529027333e+00 0.000000000000000000e+00
-7.205934021529028399e+00 0.000000000000000000e+00
-7.155934021529027689e+00 0.000000000000000000e+00
-7.105934021529028755e+00 0.000000000000000000e+00
-7.055934021529028044e+00 0.000000000000000000e+00
-7.005934021529027333e+00 0.000000000000000000e+00
-6.955934021529028399e+00 0.000000000000000000e+00
-6.905934021529027689e+00 0.000000000000000000e+00
-6.855934021529028755e+00 0.000000000000000000e+00
-6.805934021529028044e+00 0.000000000000000000e+00
-6.755934021529027333e+00 0.000000000000000000e+00
-6.705934021529028399e+00 0.000000000000000000e+00
-6.655934021529027689e+00 0.000000000000000000e+00
-6.605934021529028755e+00 0.000000000000000000e+00
-6.555934021529028044e+00 0.000000000000000000e+00
-6.505934021529027333e+00 0.000000000000000000e+00
-6.455934021529028399e+00 0.000000000000000000e+00
-6.405934021529027689e+00 0.000000000000000000e+00
-6.355934021529028755e+00 0.000000000000000000e+00
-6.305934021529028044e+00 0.000000000000000000e+00
-6.255934021529029110e+00 0.000000000000000000e+00
-6.205934021529028399e+00 0.000000000000000000e+00
-6.155934021529027689e+00 0.000000000000000000e+00
-6.105934021529026978e+00 0.000000000000000000e+00
-6.055934021529028044e+00 0.000000000000000000e+00
-6.005934021529029110e+00 0.000000000000000000e+00
-5.955934021529028399e+00 0.000000000000000000e+00
-5.905934021529027689e+00 0.000000000000000000e+00
-5.855934021529026978e+00 0.000000000000000000e+00
-5.805934021529028044e+00 0.000000000000000000e+00
-5.755934021529029110e+00 0.000000000000000000e+00
-5.705934021529028399e+00 0.000000000000000000e+00
-5.655934021529027689e+00 0.000000000000000000e+00
-5.605934021529026978e+00 0.000000000000000000e+00
-5.555934021529028044e+00 0.000000000000000000e+00
-5.505934021529029110e+00 0.000000000000000000e+00
-5.455934021529028399e+00 0.000000000000000000e+00
-5.405934021529027689e+00 0.000000000000000000e+00
-5.355934021529026978e+00 0.000000000000000000e+00
-5.305934021529028044e+00 0.000000000000000000e+00
-5.255934021529029110e+00 0.000000000000000000e+00
-5.205934021529028399e+00 0.000000000000000000e+00
-5.155934021529027689e+00 0.000000000000000000e+00
-5.105934021529026978e+00 0.000000000000000000e+00
-5.055934021529028044e+00 0.000000000000000000e+00
-5.005934021529029110e+00 0.000000000000000000e+00
-4.955934021529028399e+00 0.000000000000000000e+00
-4.905934021529027689e+00 0.000000000000000000e+00
-4.855934021529026978e+00 0.000000000000000000e+00
-4.805934021529028044e+00 0.000000000000000000e+00
-4.755934021529027333e+00 0.000000000000000000e+00
-4.705934021529028399e+00 0.000000000000000000e+00
-4.655934021529027689e+00 0.000000000000000000e+00
-4.605934021529026978e+00 0.000000000000000000e+00
-4.555934021529028044e+00 0.000000000000000000e+00
-4.505934021529027333e+00 0.000000000000000000e+00
-4.455934021529028399e+00 0.000000000000000000e+00
-4.405934021529027689e+00 0.000000000000000000e+00
-4.355934021529026978e+00 0.000000000000000000e+00
-4.305934021529028044e+00 0.000000000000000000e+00
-4.255934021529027333e+00 0.000000000000000000e+00
-4.205934021529028399e+00 0.000000000000000000e+00
-4.155934021529027689e+00 0.000000000000000000e+00
-4.105934021529026978e+00 0.000000000000000000e+00
-4.055934021529028044e+00 0.000000000000000000e+00
-4.005934021529027333e+00 0.000000000000000000e+00
-3.955934021529028399e+00 0.000000000000000000e+00
-3.905934021529027689e+00 0.000000000000000000e+00
-3.855934021529026978e+00 0.000000000000000000e+00
-3.805934021529028044e+00 0.000000000000000000e+00
-3.755934021529027333e+00 0.000000000000000000e+00
-3.705934021529028399e+00 0.000000000000000000e+00
-3.655934021529027689e+00 0.000000000000000000e+00
-3.605934021529026978e+00 0.000000000000000000e+00
-3.555934021529028044e+00 0.000000000000000000e+00
-3.505934021529027333e+00 0.000000000000000000e+00
-3.455934021529028399e+00 0.000000000000000000e+00
-3.405934021529027689e+00 0.000000000000000000e+00
-3.355934021529026978e+00 0.000000000000000000e+00
-3.305934021529028044e+00 0.000000000000000000e+00
-3.255934021529027333e+00 0.000000000000000000e+00
-3.205934021529028399e+00 0.000000000000000000e+00
-3.155934021529027689e+00 0.000000000000000000e+00
-3.105934021529026978e+00 0.000000000000000000e+00
-3.055934021529028044e+00 0.000000000000000000e+00
-3.005934021529027333e+00 0.000000000000000000e+00
-2.955934021529028399e+00 0.000000000000000000e+00
-2.905934021529027689e+00 0.000000000000000000e+00
-2.855934021529026978e+00 0.000000000000000000e+00
-2.805934021529028044e+00 0.000000000000000000e+00
-2.755934021529027333e+00 0.000000000000000000e+00
-2.705934021529028399e+00 0.000000000000000000e+00
-2.655934021529027689e+00 0.000000000000000000e+00
-2.605934021529026978e+00 0.000000000000000000e+00
-2.555934021529028044e+00 0.000000000000000000e+00
-2.505934021529027333e+00 0.000000000000000000e+00
-2.455934021529028399e+00 0.000000000000000000e+00
-2.405934021529027689e+00 0.000000000000000000e+00
-2.355934021529026978e+00 0.000000000000000000e+00
-2.305934021529028044e+00 0.000000000000000000e+00
-2.255934021529027333e+00 0.000000000000000000e+00
-2.205934021529028399e+00 0.000000000000000000e+00
-2.155934021529027689e+00 0.000000000000000000e+00
-2.105934021529026978e+00 0.000000000000000000e+00
-2.055934021529028044e+00 0.000000000000000000e+00
-2.005934021529027333e+00 0.000000000000000000e+00
-1.955934021529028399e+00 0.000000000000000000e+00
-1.905934021529027689e+00 0.000000000000000000e+00
-1.855934021529026978e+00 0.000000000000000000e+00
-1.805934021529028044e+00 0.000000000000000000e+00
-1.755934021529027333e+00 0.000000000000000000e+00
-1.705934021529028399e+00 0.000000000000000000e+00
-1.655934021529027689e+00 0.000000000000000000e+00
-1.605934021529026978e+00 0.000000000000000000e+00
-1.555934021529028044e+00 0.000000000000000000e+00
-1.505934021529027333e+00 0.000000000000000000e+00
-1.455934021529028399e+00 0.000000000000000000e+00
-1.405934021529027689e+00 0.000000000000000000e+00
-1.355934021529026978e+00 0.000000000000000000e+00
-1.305934021529028044e+00 0.000000000000000000e+00
-1.255934021529027333e+00 0.000000000000000000e+00
-1.205934021529028399e+00 0.000000000000000000e+00
-1.155934021529027689e+00 0.000000000000000000e+00
-1.105934021529026978e+00 0.000000000000000000e+00
-1.055934021529028044e+00 0.000000000000000000e+00
-1.005934021529027333e+00 0.000000000000000000e+00
-9.559340215290283993e-01 0.000000000000000000e+00
-9.059340215290276888e-01 0.000000000000000000e+00
-8.559340215290269782e-01 0.000000000000000000e+00
-8.059340215290280440e-01 0.000000000000000000e+00
-7.559340215290273335e-01 0.000000000000000000e+00
-7.059340215290283993e-01 0.000000000000000000e+00
-6.559340215290276888e-01 0.000000000000000000e+00
-6.059340215290269782e-01 0.000000000000000000e+00
-5.559340215290280440e-01 0.000000000000000000e+00
-5.059340215290273335e-01 0.000000000000000000e+00
-4.559340215290283993e-01 0.000000000000000000e+00
-4.059340215290276888e-01 0.000000000000000000e+00
-3.559340215290269782e-01 0.000000000000000000e+00
-3.059340215290280440e-01 0.000000000000000000e+00
-2.559340215290273335e-01 0.000000000000000000e+00
-2.059340215290283993e-01 0.000000000000000000e+00
-1.559340215290276888e-01 0.000000000000000000e+00
-1.059340215290269782e-01 0.000000000000000000e+00
-5.593402152902804403e-02 0.000000000000000000e+00
-5.934021529027333486e-03 0.000000000000000000e+00
4.406597847097160070e-02 0.000000000000000000e+00
9.406597847097231124e-02 0.000000000000000000e+00
1.440659784709730218e-01 0.000000000000000000e+00
1.940659784709719560e-01 0.000000000000000000e+00
2.440659784709726665e-01 0.000000000000000000e+00
2.940659784709716007e-01 0.000000000000000000e+00
3.440659784709723112e-01 0.000000000000000000e+00
3.940659784709730218e-01 0.000000000000000000e+00
4.440659784709719560e-01 0.000000000000000000e+00
4.940659784709726665e-01 0.000000000000000000e+00
5.440659784709716007e-01 0.000000000000000000e+00
5.940659784709723112e-01 0.000000000000000000e+00
6.440659784709730218e-01 0.000000000000000000e+00
6.940659784709719560e-01 0.000000000000000000e+00
7.440659784709726665e-01 0.000000000000000000e+00
7.940659784709716007e-01 0.000000000000000000e+00
8.440659784709723112e-01 0.000000000000000000e+00
8.940659784709730218e-01 0.000000000000000000e+00
9.440659784709719560e-01 0.000000000000000000e+00
9.940659784709726665e-01 0.000000000000000000e+00
1.044065978470971601e+00 0.000000000000000000e+00
1.094065978470972311e+00 0.000000000000000000e+00
1.144065978470973022e+00 0.000000000000000000e+00
1.194065978470971956e+00 0.000000000000000000e+00
1.244065978470972667e+00 5.709582365315859072e-05
1.294065978470971601e+00 0.000000000000000000e+00
1.344065978470972311e+00 5.709582365315859072e-05
1.394065978470973022e+00 5.138624128784273232e-04
1.444065978470971956e+00 7.993415311442202565e-04
1.494065978470972667e+00 1.827066356901074903e-03
1.544065978470971601e+00 4.167995126680577346e-03
1.594065978470972311e+00 1.039143990487486485e-02
1.644065978470973022e+00 1.501620162078070968e-02
1.694065978470970180e+00 3.534231484130516410e-02
1.744065978470974443e+00 7.148397121375454910e-02
1.794065978470971601e+00 1.527313282721992072e-01
1.844065978470972311e+00 4.099480138296786036e-01
1.894065978470973022e+00 9.835897540729630073e-01
1.944065978470970180e+00 1.779448439974340657e+00
1.994065978470974443e+00 2.892874097034586089e+00
2.044065978470971601e+00 3.958053783107913226e+00
2.094065978470972311e+00 4.457642240073051099e+00
2.144065978470973022e+00 4.262545810650207656e+00
2.194065978470970180e+00 3.674630114493633748e+00
2.244065978470974443e+00 2.559719966018406012e+00
2.294065978470971601e+00 1.681700389880133040e+00
2.344065978470972311e+00 1.035546953597337394e+00
2.394065978470973022e+00 6.381600209713534921e-01
2.444065978470970180e+00 4.004130112796011609e-01
2.494065978470974443e+00 2.878771428592256099e-01
2.544065978470971601e+00 2.689784252300301270e-01
2.594065978470972311e+00 2.570453980865199939e-01
2.644065978470973022e+00 2.704629166450122635e-01
2.694065978470970180e+00 2.717190247653817337e-01
2.744065978470974443e+00 2.649817175743089948e-01
2.794065978470971601e+00 2.482526412439335639e-01
2.844065978470972311e+00 2.279265280234090973e-01
2.894065978470973022e+00 1.949251419518834294e-01
2.944065978470970180e+00 1.811650484514722159e-01
2.994065978470974443e+00 1.682042964822051956e-01
3.044065978470971601e+00 1.660917510070383518e-01
3.094065978470972311e+00 1.918419674746128512e-01
3.144065978470973022e+00 2.370618598079144990e-01
3.194065978470970180e+00 2.906748382182304247e-01
3.244065978470974443e+00 4.092628639458407713e-01
3.294065978470971601e+00 5.426387079996192186e-01
3.344065978470972311e+00 6.830944341863893765e-01
3.394065978470973022e+00 9.592669331967175195e-01
3.444065978470970180e+00 1.092414393955883245e+00
3.494065978470974443e+00 1.379092524518392482e+00
3.544065978470971601e+00 1.629457711237493056e+00
3.594065978470972311e+00 1.788184100993273962e+00
3.644065978470973022e+00 1.813020784282397768e+00
3.694065978470970180e+00 1.985107596773017846e+00
3.744065978470974443e+00 2.082398880278000242e+00
3.794065978470971601e+00 2.130473563793959357e+00
3.844065978470972311e+00 2.073035165198882090e+00
3.894065978470973022e+00 1.960328009307547026e+00
3.944065978470970180e+00 1.908599193077785028e+00
3.994065978470974443e+00 1.831691118616980640e+00
4.044065978470971601e+00 1.598226295699215482e+00
4.094065978470972311e+00 1.518235046761140294e+00
4.144065978470973022e+00 1.321825413394274396e+00
4.194065978470970180e+00 1.230985957962099420e+00
4.244065978470974443e+00 1.102006492329613785e+00
4.294065978470971601e+00 1.025840663576300438e+00
4.344065978470972311e+00 9.270077928326827532e-01
4.394065978470973022e+00 8.339986961016875311e-01
4.444065978470970180e+00 7.896923369468364928e-01
4.494065978470974443e+00 8.011115016774682518e-01
4.544065978470971601e+00 7.560058009914728538e-01
4.594065978470972311e+00 7.707936193176410100e-01
4.644065978470973022e+00 7.238037564510914068e-01
4.694065978470970180e+00 7.414463659599174195e-01
4.744065978470974443e+00 7.497252603896255030e-01
4.794065978470971601e+00 7.785015555108174556e-01
4.844065978470975864e+00 7.598312211762345836e-01
4.894065978470973022e+00 8.220085731345241342e-01
4.944065978470970180e+00 8.290884552675159558e-01
4.994065978470974443e+00 8.753931682502275047e-01
5.044065978470971601e+00 9.457923188145721527e-01
5.094065978470975864e+00 9.171302153406866164e-01
5.144065978470973022e+00 1.034804707889846354e+00
5.194065978470970180e+00 1.005457454532122874e+00
5.244065978470974443e+00 1.084877745233666202e+00
5.294065978470971601e+00 1.169950522476872701e+00
5.344065978470975864e+00 1.172005972128386420e+00
5.394065978470973022e+00 1.149396025961735512e+00
5.444065978470970180e+00 1.156590099742033750e+00
5.494065978470974443e+00 1.171606301362814184e+00
5.544065978470971601e+00 1.255765545427570018e+00
5.594065978470975864e+00 1.201524512957069524e+00
5.644065978470973022e+00 1.240178385570257724e+00
5.694065978470970180e+00 1.218539068405710468e+00
5.744065978470974443e+00 1.159730370042957315e+00
5.794065978470971601e+00 1.144657072598523451e+00
5.844065978470975864e+00 1.142887102065275551e+00
5.894065978470973022e+00 1.104689996041312350e+00
5.944065978470970180e+00 1.083450349642337329e+00
5.994065978470974443e+00 1.110171195112015452e+00
6.044065978470971601e+00 1.117136885597700857e+00
6.094065978470975864e+00 1.077455288158755575e+00
6.144065978470973022e+00 1.030294137821246681e+00
6.194065978470970180e+00 1.062610374008934322e+00
6.244065978470974443e+00 9.873009826104183206e-01
6.294065978470971601e+00 1.005800029474041679e+00
6.344065978470975864e+00 9.859877786663956423e-01
6.394065978470973022e+00 9.155886281020511053e-01
6.444065978470970180e+00 9.228968935296555376e-01
6.494065978470974443e+00 9.183863234610558646e-01
6.544065978470971601e+00 9.106783872678794189e-01
6.594065978470975864e+00 8.957763772944050684e-01
6.644065978470973022e+00 8.977747311222655791e-01
6.694065978470970180e+00 8.978889227695719955e-01
6.744065978470974443e+00 8.845855958583860312e-01
6.794065978470971601e+00 8.494145684880404223e-01
6.844065978470975864e+00 8.463313940107697331e-01
6.894065978470973022e+00 8.741941559535111317e-01
6.944065978470970180e+00 8.705971190633622347e-01
6.994065978470974443e+00 8.849852666239582666e-01
7.044065978470971601e+00 9.162737779858891596e-01
7.094065978470975864e+00 9.121628786828616109e-01
7.144065978470973022e+00 9.184434192847090728e-01
7.194065978470970180e+00 9.553273213646494844e-01
7.244065978470974443e+00 9.336309083764493533e-01
7.294065978470971601e+00 9.602946580224744899e-01
7.344065978470975864e+00 1.031150575176044137e+00
7.394065978470973022e+00 1.027096771696669908e+00
7.444065978470970180e+00 1.049135759626789177e+00
7.494065978470974443e+00 1.049421238745054996e+00
7.544065978470971601e+00 1.099322988617915442e+00
7.594065978470975864e+00 1.088417686300162224e+00
7.644065978470973022e+00 1.141002939884721235e+00
7.694065978470970180e+00 1.089159932007653264e+00
7.744065978470974443e+00 1.135007878401139481e+00
7.794065978470971601e+00 1.141117131532027429e+00
7.844065978470975864e+00 1.126215121558553189e+00
7.894065978470973022e+00 1.160929382339673577e+00
7.944065978470970180e+00 1.158873932688159858e+00
7.994065978470974443e+00 1.096011430846032475e+00
8.044065978470971601e+00 1.128898625270251754e+00
8.094065978470975864e+00 1.095383376785847629e+00
8.144065978470973022e+00 1.048907376332176566e+00
8.194065978470970180e+00 1.106003199985335028e+00
8.244065978470974443e+00 1.026925484225710505e+00
8.294065978470971601e+00 1.053931808813654669e+00
8.344065978470975864e+00 1.085505799293851270e+00
8.394065978470973022e+00 9.938099065068783933e-01
8.444065978470970180e+00 9.878719408469499585e-01
8.494065978470974443e+00 9.210127313491012213e-01
8.544065978470971601e+00 9.866158327265803774e-01
8.594065978470975864e+00 9.812488253031835805e-01
8.644065978470973022e+00 9.757105304088271591e-01
8.694065978470970180e+00 9.864445452556208638e-01
8.744065978470974443e+00 9.588101666074921869e-01
8.794065978470971601e+00 9.484187267026173984e-01
8.844065978470975864e+00 9.738834640519260510e-01
8.894065978470973022e+00 9.020569178962525303e-01
8.944065978470970180e+00 9.308903088410975801e-01
8.994065978470974443e+00 9.351724956150846424e-01
9.044065978470971601e+00 9.830758916600846886e-01
9.094065978470975864e+00 9.568689086032848845e-01
9.144065978470973022e+00 9.225543185877365104e-01
9.194065978470970180e+00 9.417956111588510204e-01
9.244065978470974443e+00 9.336309083764493533e-01
9.294065978470971601e+00 9.963792185712705418e-01
9.344065978470975864e+00 9.588672624311453951e-01
9.394065978470973022e+00 9.954085895691668906e-01
9.444065978470970180e+00 9.151889573364790920e-01
9.494065978470974443e+00 1.016248565202569676e+00
9.544065978470971601e+00 1.000889788639869993e+00
9.594065978470975864e+00 9.865016410792741830e-01
9.644065978470973022e+00 1.022985872393642470e+00
9.694065978470970180e+00 1.030750904410472124e+00
9.744065978470974443e+00 1.014992457082200206e+00
9.794065978470971601e+00 1.035718241068297019e+00
9.844065978470975864e+00 1.076713042451264535e+00
9.894065978470973022e+00 1.067806093961371827e+00
9.944065978470970180e+00 1.015563415318731844e+00
9.994065978470974443e+00 1.037716594896157307e+00
1.004406597847097160e+01 1.062210703243362531e+00
1.009406597847097586e+01 1.068319956374250257e+00
1.014406597847097302e+01 1.043140698143207423e+00
1.019406597847097018e+01 9.957511645110859178e-01
1.024406597847097444e+01 9.882716116125220829e-01
1.029406597847097160e+01 1.084763553586360008e+00
1.034406597847097586e+01 9.786224174151381128e-01
1.039406597847097302e+01 9.984346682227842606e-01
1.044406597847097018e+01 9.561266628957938440e-01
1.049406597847097444e+01 9.768524468818904349e-01
1.054406597847097160e+01 9.985488598700906770e-01
1.059406597847097586e+01 9.766240635872776021e-01
1.064406597847097302e+01 9.870155034921525017e-01
1.069406597847097018e+01 9.822194543052873428e-01
1.074406597847097444e+01 9.781656508259130023e-01
1.079406597847097160e+01 9.768524468818904349e-01
1.084406597847097586e+01 9.726273559315565809e-01
1.089406597847097302e+01 9.582963041946139793e-01
1.094406597847097018e+01 9.844461914277603531e-01
1.099406597847097444e+01 9.951231104509010716e-01
1.104406597847097160e+01 1.003287813233302739e+00
1.109406597847097586e+01 9.235249475898401617e-01
1.114406597847097302e+01 9.779372675313003915e-01
1.119406597847097018e+01 1.050334771923505439e+00
1.124406597847097444e+01 9.958082603347389039e-01
1.129406597847097160e+01 9.967788893368425551e-01
1.134406597847097586e+01 1.001346555229095436e+00
1.139406597847097302e+01 1.025783567752647230e+00
1.144406597847097018e+01 1.027953209051467365e+00
1.149406597847097444e+01 9.511022304143158523e-01
1.154406597847097160e+01 9.884999949071346936e-01
1.159406597847097586e+01 9.517873802981536846e-01
1.164406597847097302e+01 9.863874494319678776e-01
1.169406597847097018e+01 1.002602663349464907e+00
1.174406597847097444e+01 9.616649577901501544e-01
1.179406597847097160e+01 1.029209317171837057e+00
1.184406597847097586e+01 9.670890610372001595e-01
1.189406597847097302e+01 9.460777979328378606e-01
1.194406597847097018e+01 1.019274643856187046e+00
1.199406597847097444e+01 9.938670023305316015e-01
1.204406597847097160e+01 1.008826108127659271e+00
1.209406597847097586e+01 1.032577970767373232e+00
1.214406597847097302e+01 9.629781617341727218e-01
1.219406597847097018e+01 9.589814540784515895e-01
1.224406597847097444e+01 9.639487907362764840e-01
1.229406597847097160e+01 9.749682847013361187e-01
1.234406597847097586e+01 9.496748348229867576e-01
1.239406597847097302e+01 9.529292967712168494e-01
1.244406597847097018e+01 1.002888142467730725e+00
1.249406597847097444e+01 9.854739162535173236e-01
1.254406597847097160e+01 9.215836895856327482e-01
1.259406597847097586e+01 9.772521176474624482e-01
1.264406597847097302e+01 9.770237343528498375e-01
1.269406597847097018e+01 9.413959403932787851e-01
1.274406597847097444e+01 9.825049334235530507e-01
1.279406597847097160e+01 9.514448053562346574e-01
1.284406597847097586e+01 9.259229721832729076e-01
1.289406597847097302e+01 9.399685448019499123e-01
1.294406597847097018e+01 9.615507661428437380e-01
1.299406597847097444e+01 9.686877440994885458e-01
1.304406597847097160e+01 1.006199700239613692e+00
1.309406597847097586e+01 9.615507661428437380e-01
1.314406597847097302e+01 9.874151742577247370e-01
1.319406597847097018e+01 9.895848155565447613e-01
1.324406597847097444e+01 9.630923533814792492e-01
1.329406597847097160e+01 1.026468717636485062e+00
1.334406597847097586e+01 9.936957148595720879e-01
1.339406597847097302e+01 1.029152221348183627e+00
1.344406597847097018e+01 1.000832692816216785e+00
1.349406597847097444e+01 1.028638358935304975e+00
1.354406597847097160e+01 9.858735870190893369e-01
1.359406597847097586e+01 1.001574938523708047e+00
1.364406597847097302e+01 1.001175267758136034e+00
1.369406597847097018e+01 1.051819263338487520e+00
1.374406597847097444e+01 1.027724825756854754e+00
1.379406597847097160e+01 1.035090187008112173e+00
1.384406597847097586e+01 1.043369081437820034e+00
1.389406597847097302e+01 1.052333125751365950e+00
1.394406597847097018e+01 1.022072339215192027e+00
1.399406597847097444e+01 9.778801717076470723e-01
1.404406597847097160e+01 1.013279582372605514e+00
1.409406597847097586e+01 1.043254889790513840e+00
1.414406597847097302e+01 1.039258182134792596e+00
1.419406597847097018e+01 1.004772304648284820e+00
1.424406597847097444e+01 1.023442638982867692e+00
1.429406597847097160e+01 1.049364142921401788e+00
1.434406597847097586e+01 9.884999949071346936e-01
1.439406597847097302e+01 9.578966334290416329e-01
1.444406597847097018e+01 9.297483923680344153e-01
1.449406597847097444e+01 9.770237343528498375e-01
1.454406597847097160e+01 1.003573292351568558e+00
1.459406597847097586e+01 9.157599155730106188e-01
1.464406597847097302e+01 9.625784909686007085e-01
1.469406597847097018e+01 9.654903779749117732e-01
1.474406597847097444e+01 9.814201127741429831e-01
1.479406597847097160e+01 1.048222226448338512e+00
1.484406597847097586e+01 9.737692724046197457e-01
1.489406597847097302e+01 9.281497093057461401e-01
1.494406597847097018e+01 9.405965988621345364e-01
1.499406597847097444e+01 9.612652870245780301e-01
1.504406597847097160e+01 9.215836895856327482e-01
1.509406597847097586e+01 9.263797387724981292e-01
1.514406597847097302e+01 9.493893557047210496e-01
1.519406597847097018e+01 9.210127313491012213e-01
1.524406597847097444e+01 9.857593953717830315e-01
1.529406597847097160e+01 9.992340097539285093e-01
1.534406597847097586e+01 9.073097336723432438e-01
1.539406597847097302e+01 9.471055227585946090e-01
1.544406597847097018e+01 9.481332475843515795e-01
1.549406597847097444e+01 9.882716116125220829e-01
1.554406597847097160e+01 9.931247566230404500e-01
1.559406597847097586e+01 1.008140958243821217e+00
1.564406597847097302e+01 9.805065795956925401e-01
1.569406597847097018e+01 1.019902697916371892e+00
1.574406597847097444e+01 1.013907636432790138e+00
1.579406597847097160e+01 9.238675225317591888e-01
1.584406597847097586e+01 9.706290021036960702e-01
1.589406597847097302e+01 1.016933715086407508e+00
1.594406597847097018e+01 1.047365789093541277e+00
1.599406597847097444e+01 9.626926826159070139e-01
1.604406597847097160e+01 9.795359505935887778e-01
1.609406597847097586e+01 9.722276851659844565e-01
1.614406597847097302e+01 9.908409236769142314e-01
1.619406597847097018e+01 9.427662401609546716e-01
1.624406597847097444e+01 1.011509611839357614e+00
1.629406597847097160e+01 9.435084858684457121e-01
1.634406597847097586e+01 9.245526724155971321e-01
1.639406597847097302e+01 1.053246658929816615e+00
1.644406597847097018e+01 1.022414914157110832e+00
1.649406597847097444e+01 9.767953510582371157e-01
1.654406597847097160e+01 1.018589493972349214e+00
1.659406597847097586e+01 1.044625189558189504e+00
1.664406597847097302e+01 9.870725993158058209e-01
1.669406597847097018e+01 1.017162098381020341e+00
1.674406597847097444e+01 1.035661145244643810e+00
1.679406597847097160e+01 9.983204765754778442e-01
1.684406597847097586e+01 1.026868388402057297e+00
1.689406597847097302e+01 9.791933756516699727e-01
1.694406597847097018e+01 1.017618864970245562e+00
1.699406597847097444e+01 1.041827494199184745e+00
1.704406597847097160e+01 1.018874973090615033e+00
1.709406597847097586e+01 1.039829140371324234e+00
1.714406597847097302e+01 1.020644943623862932e+00
1.719406597847097018e+01 1.032292491649107191e+00
1.724406597847097444e+01 9.427662401609546716e-01
1.729406597847097160e+01 1.032349587472760399e+00
1.734406597847097586e+01 9.438510608103646282e-01
1.739406597847097302e+01 1.000090447108725966e+00
1.744406597847097018e+01 1.024584555455930968e+00
1.749406597847097444e+01 9.761672969980523806e-01
1.754406597847097160e+01 9.337451000237555476e-01
1.759406597847097586e+01 9.819339751870214128e-01
1.764406597847097302e+01 9.655474737985648703e-01
1.769406597847097729e+01 9.810775378322239559e-01
1.774406597847097444e+01 9.222117436458175943e-01
1.779406597847097160e+01 9.753108596432549238e-01
1.784406597847096876e+01 9.975211350443337066e-01
1.789406597847097302e+01 9.818197835397151074e-01
1.794406597847097729e+01 9.542995965388925139e-01
1.799406597847097444e+01 9.835326582493099101e-01
1.804406597847097160e+01 1.003915867293487585e+00
1.809406597847096876e+01 9.831900833073909940e-01
1.814406597847097302e+01 9.830758916600846886e-01
1.819406597847097729e+01 1.004772304648284820e+00
1.824406597847097444e+01 1.015620511142385052e+00
1.829406597847097160e+01 1.012879911607033279e+00
1.834406597847096876e+01 1.010538982837253741e+00
1.839406597847097302e+01 1.023842309748439927e+00
1.844406597847097729e+01 9.625784909686007085e-01
1.849406597847097444e+01 1.023785213924786497e+00
1.854406597847097160e+01 1.011509611839357614e+00
1.859406597847096876e+01 1.034576324595233521e+00
1.864406597847097302e+01 9.861590661373552669e-01
1.869406597847097729e+01 1.000204638756032161e+00
1.874406597847097444e+01 1.001403651052748423e+00
1.879406597847097160e+01 1.001003980287176409e+00
1.884406597847096876e+01 1.033491503945823453e+00
1.889406597847097302e+01 9.984917640464374688e-01
1.894406597847097729e+01 1.009397066364190687e+00
1.899406597847097444e+01 9.583534000182669654e-01
1.904406597847097160e+01 9.735408891100070239e-01
1.909406597847096876e+01 9.463061812274503604e-01
1.914406597847097302e+01 1.004201346411753182e+00
1.919406597847097729e+01 9.892422406146257341e-01
1.924406597847097444e+01 1.009111587245924868e+00
1.929406597847097160e+01 9.870155034921525017e-01
1.934406597847096876e+01 1.006599371005185928e+00
1.939406597847097302e+01 9.991769139302753011e-01
1.944406597847097729e+01 9.475622893478199416e-01
1.949406597847097444e+01 9.416814195115447150e-01
1.954406597847097160e+01 9.663468153297092300e-01
1.959406597847096876e+01 9.884999949071346936e-01
1.964406597847097302e+01 9.923825109155494095e-01
1.969406597847097729e+01 1.010767366131866352e+00
1.974406597847097444e+01 1.022643297451723665e+00
1.979406597847097160e+01 9.844461914277603531e-01
1.984406597847096876e+01 9.867300243738867938e-01
1.989406597847097302e+01 1.003002334115036920e+00
1.994406597847097729e+01 9.910122111478736340e-01
1.999406597847097444e+01 9.626355867922538057e-01
2.004406597847097160e+01 9.795930464172419860e-01
2.009406597847096876e+01 9.849600538406387829e-01
2.014406597847097302e+01 9.883858032598282772e-01
2.019406597847097729e+01 9.464203728747567768e-01
2.024406597847097444e+01 9.278071343638272239e-01
2.029406597847097160e+01 1.036232103481175226e+00
2.034406597847096876e+01 1.023956501395746121e+00
2.039406597847097302e+01 1.009910928777069117e+00
2.044406597847097729e+01 9.843890956041072560e-01
2.049406597847097444e+01 9.484758225262703846e-01
2.054406597847097160e+01 9.689732232177544757e-01
2.059406597847096876e+01 9.801640046537735129e-01
2.064406597847097302e+01 1.014764073787587595e+00
2.069406597847097729e+01 9.983204765754778442e-01
2.074406597847097444e+01 1.007398712536330176e+00
2.079406597847097160e+01 1.026011951047259840e+00
2.084406597847096876e+01 1.002659759173118115e+00
2.089406597847097302e+01 9.873009826104183206e-01
2.094406597847097729e+01 1.016191469378916690e+00
2.099406597847097444e+01 9.900986779694231910e-01
2.104406597847097160e+01 1.020416560329250322e+00
2.109406597847096876e+01 9.878719408469499585e-01
2.114406597847097302e+01 1.015905990260650871e+00
2.119406597847097729e+01 9.982633807518248581e-01
2.124406597847097444e+01 1.041142344315346913e+00
2.129406597847097160e+01 1.001517842700054839e+00
2.134406597847096876e+01 1.008997395598618674e+00
2.139406597847097302e+01 1.021101710213088154e+00
2.144406597847097729e+01 9.931818524466937692e-01
2.149406597847097444e+01 9.512735178852753659e-01
2.154406597847097160e+01 9.936957148595720879e-01
2.159406597847096876e+01 1.040000427842283859e+00
2.164406597847097302e+01 9.882145157888688747e-01
2.169406597847097729e+01 9.570401960742442871e-01
2.174406597847097444e+01 9.547563631281179575e-01
2.179406597847097160e+01 9.641200782072361086e-01
2.184406597847096876e+01 9.684593608048761570e-01
2.189406597847097302e+01 9.732554099917413160e-01
2.194406597847097729e+01 1.004543921353672209e+00
2.199406597847097444e+01 9.689161273941013786e-01
2.204406597847097160e+01 9.854739162535173236e-01
2.209406597847096876e+01 9.213553062910201374e-01
2.214406597847097302e+01 9.166163529278080757e-01
2.219406597847097729e+01 9.998620638141131334e-01
2.224406597847097444e+01 9.829617000127782722e-01
2.229406597847097160e+01 1.013622157314524541e+00
2.234406597847096876e+01 9.969501768078021797e-01
2.239406597847097302e+01 9.795930464172419860e-01
2.244406597847097729e+01 1.010881557779172768e+00
2.249406597847097444e+01 1.000889788639869993e+00
2.254406597847097160e+01 1.007570000007289579e+00
2.259406597847096876e+01 9.818197835397151074e-01
2.264406597847097302e+01 9.789649923570571399e-01
2.269406597847097729e+01 9.801640046537735129e-01
2.274406597847097444e+01 9.998049679904601472e-01
2.279406597847097160e+01 9.860448744900487394e-01
2.284406597847096876e+01 1.011852186781276641e+00
2.289406597847097302e+01 1.030522521115859291e+00
2.294406597847097729e+01 1.031036383528737943e+00
2.299406597847097444e+01 9.626926826159070139e-01
2.304406597847097160e+01 1.027268059167629310e+00
2.309406597847096876e+01 1.001860417641973644e+00
2.314406597847097302e+01 1.034975995360805756e+00
2.319406597847097729e+01 1.104975475159578169e+00
2.324406597847097444e+01 1.030408329468553097e+00
2.329406597847097160e+01 1.024755842926890148e+00
2.334406597847096876e+01 1.060155253591848590e+00
2.339406597847097302e+01 1.015734702789691246e+00
2.344406597847097729e+01 9.851884371352515046e-01
2.349406597847097444e+01 1.010139312071681950e+00
2.354406597847097160e+01 9.862161619610083640e-01
2.359406597847096876e+01 1.031264766823350332e+00
2.364406597847097302e+01 9.765669677636245050e-01
2.369406597847097729e+01 1.005171975413857055e+00
2.374406597847097444e+01 1.076027892567426703e+00
2.379406597847097160e+01 9.782798424732193077e-01
2.384406597847096876e+01 9.887283782017474154e-01
2.389406597847097302e+01 1.024356172161318357e+00
2.394406597847097729e+01 1.015905990260650871e+00
2.399406597847097444e+01 1.021272997684047557e+00
2.404406597847097160e+01 9.762243928217055888e-01
2.409406597847097586e+01 9.415101320405850904e-01
2.414406597847097302e+01 9.621217243793754870e-01
2.419406597847097729e+01 1.021901051744232625e+00
2.424406597847097444e+01 1.006485179357879733e+00
2.429406597847097160e+01 9.658329529168308003e-01
2.434406597847097586e+01 1.002260088407545879e+00
2.439406597847097302e+01 1.019788506269065476e+00
2.444406597847097729e+01 9.183863234610558646e-01
2.449406597847097444e+01 9.605230413170868786e-01
2.454406597847097160e+01 1.037088540835972683e+00
2.459406597847097586e+01 1.007855479125555398e+00
2.464406597847097302e+01 9.866158327265803774e-01
2.469406597847097729e+01 9.923825109155494095e-01
2.474406597847097444e+01 9.980349974572121363e-01
2.479406597847097160e+01 1.035432761950030978e+00
2.484406597847097586e+01 1.006542275181532720e+00
2.489406597847097302e+01 1.049820909510627231e+00
2.494406597847097729e+01 1.024984226221502981e+00
2.499406597847097444e+01 1.037773690719810737e+00
2.504406597847097160e+01 1.018018535735817576e+00
2.509406597847097586e+01 9.922112234445900070e-01
2.514406597847097302e+01 1.030693808586818916e+00
2.519406597847097729e+01 1.001346555229095436e+00
2.524406597847097444e+01 1.001574938523708047e+00
2.529406597847097160e+01 1.036745965894053878e+00
2.534406597847097586e+01 1.014136019727402749e+00
2.539406597847097302e+01 9.974069433970274012e-01
2.544406597847097729e+01 1.004886496295591236e+00
2.549406597847097444e+01 1.024984226221502981e+00
2.554406597847097160e+01 1.051248305101955882e+00
2.559406597847097586e+01 9.927250858574683257e-01
2.564406597847097302e+01 1.007455808359983163e+00
2.569406597847097729e+01 9.984917640464374688e-01
2.574406597847097444e+01 1.036289199304828434e+00
2.579406597847097160e+01 9.943808647434100312e-01
2.584406597847097586e+01 9.787937048860977374e-01
2.589406597847097302e+01 9.785082257678319184e-01
2.594406597847097729e+01 9.606372329643932950e-01
2.599406597847097444e+01 9.722276851659844565e-01
2.604406597847097160e+01 9.523012427110321143e-01
2.609406597847097586e+01 9.319180336668544395e-01
2.614406597847097302e+01 9.604088496697805732e-01
2.619406597847097729e+01 9.347157290258591988e-01
2.624406597847097444e+01 9.306048297228318722e-01
2.629406597847097160e+01 9.368282745010261259e-01
2.634406597847097586e+01 9.690303190414075729e-01
2.639406597847097302e+01 9.385411492106210396e-01
2.644406597847097729e+01 9.319751294905077588e-01
2.649406597847097444e+01 9.517302844745005874e-01
2.654406597847097160e+01 9.805065795956925401e-01
2.659406597847097586e+01 9.734837932863539267e-01
2.664406597847097302e+01 1.002488471702158490e+00
2.669406597847097729e+01 1.004372633882712806e+00
2.674406597847097444e+01 9.572114835452038006e-01
2.679406597847097160e+01 1.053589233871735420e+00
2.684406597847097586e+01 9.959224519820453203e-01
2.689406597847097302e+01 1.018418206501389811e+00
2.694406597847097729e+01 1.029780275408368251e+00
2.699406597847097444e+01 1.099608467736181261e+00
2.704406597847097160e+01 1.087161578179792754e+00
2.709406597847097586e+01 1.109771524346443661e+00
2.714406597847097302e+01 1.090929902540901164e+00
2.719406597847097729e+01 1.148254109488672459e+00
2.724406597847097444e+01 1.113368561236592669e+00
2.729406597847097160e+01 1.179771004145216073e+00
2.734406597847097586e+01 1.169036989298422258e+00
2.739406597847097302e+01 1.156418812271073904e+00
2.744406597847097729e+01 1.191190168875847721e+00
2.749406597847097444e+01 1.124559342672611706e+00
2.754406597847097160e+01 1.189134719224334003e+00
2.759406597847097586e+01 1.111826973997957158e+00
2.764406597847097302e+01 1.122960659610323209e+00
2.769406597847097729e+01 1.078711396279125267e+00
2.774406597847097444e+01 1.058899145471479120e+00
2.779406597847097160e+01 1.001061076110829617e+00
2.784406597847097586e+01 9.926679900338152285e-01
2.789406597847097302e+01 9.811917294795303723e-01
2.794406597847097729e+01 9.994623930485412311e-01
2.799406597847097444e+01 9.397972573309903987e-01
2.804406597847097160e+01 9.008008097758830601e-01
2.809406597847097586e+01 8.928644902880940037e-01
2.814406597847097302e+01 8.836149668562822690e-01
2.819406597847097729e+01 9.049117090789106088e-01
2.824406597847097444e+01 8.742512517771644509e-01
2.829406597847097160e+01 8.586069960961988379e-01
2.834406597847097586e+01 8.437620819463776956e-01
2.839406597847097302e+01 8.912658072258056174e-01
2.844406597847097729e+01 8.857846081551024042e-01
2.849406597847097444e+01 8.285174970309843179e-01
2.854406597847097160e+01 8.610050206896315839e-01
2.859406597847097586e+01 8.988595517716757577e-01
2.864406597847097302e+01 9.043978466660320681e-01
2.869406597847097729e+01 9.621217243793754870e-01
2.874406597847097444e+01 9.316325545485887316e-01
2.879406597847097160e+01 9.664039111533623272e-01
2.884406597847097586e+01 1.019388835503493684e+00
2.889406597847097302e+01 1.016591140144488703e+00
2.894406597847097729e+01 9.976353266916400120e-01
2.899406597847097444e+01 1.051077017630996480e+00
2.904406597847097160e+01 1.120619730840543671e+00
2.909406597847097586e+01 1.119420718543827187e+00
2.914406597847097302e+01 1.139461352646085945e+00
2.919406597847097729e+01 1.095954335022379267e+00
2.924406597847097444e+01 1.111769878174304171e+00
2.929406597847097160e+01 1.141060035708374221e+00
2.934406597847097586e+01 1.141573898121252872e+00
2.939406597847097302e+01 1.110057003464709480e+00
2.944406597847097729e+01 1.168523126885543828e+00
2.949406597847097444e+01 1.194558822471383674e+00
2.954406597847097160e+01 1.117593652186926301e+00
2.959406597847097586e+01 1.212943677687701172e+00
2.964406597847097302e+01 1.169151180945728452e+00
2.969406597847097729e+01 1.197128134535776045e+00
2.974406597847097444e+01 1.218196493463791663e+00
2.979406597847097160e+01 1.147454767957528210e+00
2.984406597847097586e+01 1.164240940111556766e+00
2.989406597847097302e+01 1.118564281189029952e+00
2.994406597847097729e+01 1.153107254499190715e+00
2.999406597847097444e+01 1.128099283739107506e+00
3.004406597847097160e+01 1.039657852900364610e+00
3.009406597847097586e+01 1.036117911833869032e+00
3.014406597847097302e+01 8.936067359955850442e-01
3.019406597847097729e+01 9.480761517606983713e-01
3.024406597847097444e+01 8.482726520149772576e-01
3.029406597847097160e+01 8.658010698764968538e-01
3.034406597847097586e+01 7.537219680453466353e-01
3.039406597847097302e+01 7.651411327759782832e-01
3.044406597847097729e+01 7.040486014670985782e-01
3.049406597847097444e+01 7.025641100521163862e-01
3.054406597847097160e+01 7.360793585365205116e-01
3.059406597847097586e+01 7.218054026232307852e-01
3.064406597847097302e+01 7.289994764035290231e-01
3.069406597847097729e+01 7.679959239586363617e-01
3.074406597847097444e+01 7.773596390377541798e-01
3.079406597847097160e+01 7.816418258117412421e-01
3.084406597847097586e+01 8.272042930869617505e-01
3.089406597847097302e+01 9.433371983974863095e-01
3.094406597847097729e+01 1.026011951047259840e+00
3.099406597847097444e+01 1.128270571210067130e+00
3.104406597847097160e+01 1.169322468416687855e+00
3.109406597847097586e+01 1.309207236366926708e+00
3.114406597847097302e+01 1.447436225431223411e+00
3.119406597847097729e+01 1.606904860894495579e+00
3.124406597847097444e+01 1.760035859932266522e+00
3.129406597847097160e+01 1.803942548321545658e+00
3.134406597847097586e+01 1.879537418838327367e+00
3.139406597847097302e+01 1.910825930200258593e+00
3.144406597847097729e+01 1.953590702116474231e+00
3.149406597847097444e+01 1.992644245495234667e+00
3.154406597847097160e+01 1.993614874497338318e+00
3.159406597847097586e+01 1.890671104450693640e+00
3.164406597847097302e+01 1.798746828369108375e+00
3.169406597847097729e+01 1.628886753000961196e+00
3.174406597847097444e+01 1.494026417532201112e+00
3.179406597847097160e+01 1.277861629181342495e+00
3.184406597847097586e+01 1.024870034574196787e+00
3.189406597847097302e+01 8.064214132772119514e-01
3.194406597847097729e+01 5.638783543985941282e-01
3.199406597847097444e+01 4.345563138241900214e-01
3.204406597847096805e+01 2.915312755730277150e-01
3.209406597847097942e+01 2.351206018037070578e-01
3.214406597847097657e+01 2.124535598134031089e-01
3.219406597847097373e+01 1.855614268727654170e-01
3.224406597847097089e+01 1.928696923003697383e-01
3.229406597847096805e+01 2.125106556370562616e-01
3.234406597847097942e+01 2.392885969303876204e-01
3.239406597847097657e+01 2.729751328857512593e-01
3.244406597847097373e+01 2.929586711643567543e-01
3.249406597847097089e+01 3.233336493478370377e-01
3.254406597847096805e+01 3.172814920406022976e-01
3.259406597847097942e+01 3.323547894850362172e-01
3.264406597847097657e+01 3.159682880965796192e-01
3.269406597847097373e+01 3.392062883234151505e-01
3.274406597847097089e+01 3.857964804243925183e-01
3.279406597847096805e+01 5.460073615951556159e-01
3.284406597847097942e+01 8.241211186096910613e-01
3.289406597847097657e+01 1.335985177660258039e+00
3.294406597847097373e+01 2.047113661260348216e+00
3.299406597847097089e+01 3.079406152909455407e+00
3.304406597847096805e+01 4.075043125773234465e+00
3.309406597847097942e+01 4.608203927046430337e+00
3.314406597847097657e+01 4.328263103674993673e+00
3.319406597847097373e+01 3.431516097378484176e+00
3.324406597847097089e+01 2.187569387447117819e+00
3.329406597847096805e+01 1.183824807624590303e+00
3.334406597847097942e+01 5.157465750589815823e-01
3.339406597847097657e+01 1.900149011177117986e-01
3.344406597847097373e+01 5.966513571755072132e-02
3.349406597847097089e+01 1.421686008963649051e-02
3.354406597847096805e+01 1.176173967255066989e-02
3.359406597847097942e+01 2.854791182657929766e-03
3.364406597847097657e+01 1.370299767675806340e-03
3.369406597847097373e+01 4.567665892252687257e-04
3.374406597847097089e+01 3.425749419189515850e-04
3.379406597847096805e+01 0.000000000000000000e+00
3.384406597847097942e+01 5.709582365315859072e-05
3.389406597847097657e+01 0.000000000000000000e+00
3.394406597847097373e+01 0.000000000000000000e+00
3.399406597847097089e+01 0.000000000000000000e+00
3.404406597847096805e+01 0.000000000000000000e+00
3.409406597847097942e+01 0.000000000000000000e+00
3.414406597847097657e+01 0.000000000000000000e+00
3.419406597847097373e+01 0.000000000000000000e+00
3.424406597847097089e+01 0.000000000000000000e+00
3.429406597847096805e+01 0.000000000000000000e+00
3.434406597847097942e+01 0.000000000000000000e+00
3.439406597847097657e+01 0.000000000000000000e+00
3.444406597847097373e+01 0.000000000000000000e+00
3.449406597847097089e+01 0.000000000000000000e+00
3.454406597847096805e+01 0.000000000000000000e+00
3.459406597847097942e+01 0.000000000000000000e+00
3.464406597847097657e+01 0.000000000000000000e+00
3.469406597847097373e+01 0.000000000000000000e+00
3.474406597847097089e+01 0.000000000000000000e+00
3.479406597847096805e+01 0.000000000000000000e+00
3.484406597847097942e+01 0.000000000000000000e+00
3.489406597847097657e+01 0.000000000000000000e+00
3.494406597847097373e+01 0.000000000000000000e+00
3.499406597847097089e+01 0.000000000000000000e+00
3.504406597847096805e+01 0.000000000000000000e+00
3.509406597847097942e+01 0.000000000000000000e+00
3.514406597847097657e+01 0.000000000000000000e+00
3.519406597847097373e+01 0.000000000000000000e+00
3.524406597847097089e+01 0.000000000000000000e+00
3.529406597847096805e+01 0.000000000000000000e+00
3.534406597847097942e+01 0.000000000000000000e+00
3.539406597847097657e+01 0.000000000000000000e+00
3.544406597847097373e+01 0.000000000000000000e+00
3.549406597847097089e+01 0.000000000000000000e+00
3.554406597847096805e+01 0.000000000000000000e+00
3.559406597847097942e+01 0.000000000000000000e+00
