-1.257919117176564683e+01 0.000000000000000000e+00
-1.252919117176564789e+01 0.000000000000000000e+00
-1.247919117176564718e+01 0.000000000000000000e+00
-1.242919117176564647e+01 0.000000000000000000e+00
-1.237919117176564754e+01 0.000000000000000000e+00
-1.232919117176564683e+01 0.000000000000000000e+00
-1.227919117176564789e+01 0.000000000000000000e+00
-1.222919117176564718e+01 0.000000000000000000e+00
-1.217919117176564647e+01 0.000000000000000000e+00
-1.212919117176564754e+01 0.000000000000000000e+00
-1.207919117176564683e+01 0.000000000000000000e+00
-1.202919117176564789e+01 0.000000000000000000e+00
-1.197919117176564718e+01 0.000000000000000000e+00
-1.192919117176564647e+01 0.000000000000000000e+00
-1.187919117176564754e+01 0.000000000000000000e+00
-1.182919117176564683e+01 0.000000000000000000e+00
-1.177919117176564789e+01 0.000000000000000000e+00
-1.172919117176564718e+01 0.000000000000000000e+00
-1.167919117176564647e+01 0.000000000000000000e+00
-1.162919117176564754e+01 0.000000000000000000e+00
-1.157919117176564683e+01 0.000000000000000000e+00
-1.152919117176564612e+01 0.000000000000000000e+00
-1.147919117176564718e+01 0.000000000000000000e+00
-1.142919117176564647e+01 0.000000000000000000e+00
-1.137919117176564754e+01 0.000000000000000000e+00
-1.132919117176564683e+01 0.000000000000000000e+00
-1.127919117176564612e+01 0.000000000000000000e+00
-1.122919117176564718e+01 0.000000000000000000e+00
-1.117919117176564647e+01 0.000000000000000000e+00
-1.112919117176564754e+01 0.000000000000000000e+00
-1.107919117176564683e+01 0.000000000000000000e+00
-1.102919117176564612e+01 0.000000000000000000e+00
-1.097919117176564718e+01 0.000000000000000000e+00
-1.092919117176564647e+01 0.000000000000000000e+00
-1.087919117176564754e+01 0.000000000000000000e+00
-1.082919117176564683e+01 0.000000000000000000e+00
-1.077919117176564612e+01 0.000000000000000000e+00
-1.072919117176564718e+01 0.000000000000000000e+00
-1.067919117176564647e+01 0.000000000000000000e+00
-1.062919117176564754e+01 0.000000000000000000e+00
-1.057919117176564683e+01 0.000000000000000000e+00
-1.052919117176564612e+01 0.000000000000000000e+00
-1.047919117176564718e+01 0.000000000000000000e+00
-1.042919117176564825e+01 0.000000000000000000e+00
-1.037919117176564754e+01 0.000000000000000000e+00
-1.032919117176564683e+01 0.000000000000000000e+00
-1.027919117176564612e+01 0.000000000000000000e+00
-1.022919117176564718e+01 0.000000000000000000e+00
-1.017919117176564647e+01 0.000000000000000000e+00
-1.012919117176564754e+01 0.000000000000000000e+00
-1.007919117176564683e+01 0.000000000000000000e+00
-1.002919117176564612e+01 0.000000000000000000e+00
-9.979191171765647184e+00 0.000000000000000000e+00
-9.929191171765646473e+00 0.000000000000000000e+00
-9.879191171765647539e+00 0.000000000000000000e+00
-9.829191171765646828e+00 0.000000000000000000e+00
-9.779191171765646118e+00 0.000000000000000000e+00
-9.729191171765647184e+00 0.000000000000000000e+00
-9.679191171765646473e+00 0.000000000000000000e+00
-9.629191171765647539e+00 0.000000000000000000e+00
-9.579191171765646828e+00 0.000000000000000000e+00
-9.529191171765646118e+00 0.000000000000000000e+00
-9.479191171765647184e+00 0.000000000000000000e+00
-9.429191171765646473e+00 0.000000000000000000e+00
-9.379191171765647539e+00 0.000000000000000000e+00
-9.329191171765646828e+00 0.000000000000000000e+00
-9.279191171765646118e+00 0.000000000000000000e+00
-9.229191171765647184e+00 0.000000000000000000e+00
-9.179191171765646473e+00 0.000000000000000000e+00
-9.129191171765647539e+00 0.000000000000000000e+00
-9.079191171765646828e+00 0.000000000000000000e+00
-9.029191171765646118e+00 0.000000000000000000e+00
-8.979191171765647184e+00 0.000000000000000000e+00
-8.929191171765646473e+00 0.000000000000000000e+00
-8.879191171765647539e+00 0.000000000000000000e+00
-8.829191171765646828e+00 0.000000000000000000e+00
-8.779191171765646118e+00 0.000000000000000000e+00
-8.729191171765647184e+00 0.000000000000000000e+00
-8.679191171765646473e+00 0.000000000000000000e+00
-8.629191171765647539e+00 0.000000000000000000e+00
-8.579191171765646828e+00 0.000000000000000000e+00
-8.529191171765646118e+00 0.000000000000000000e+00
-8.479191171765647184e+00 0.000000000000000000e+00
-8.429191171765646473e+00 0.000000000000000000e+00
-8.379191171765647539e+00 0.000000000000000000e+00
-8.329191171765646828e+00 0.000000000000000000e+00
-8.279191171765646118e+00 0.000000000000000000e+00
-8.229191171765647184e+00 0.000000000000000000e+00
-8.179191171765646473e+00 0.000000000000000000e+00
-8.129191171765647539e+00 0.000000000000000000e+00
-8.079191171765646828e+00 0.000000000000000000e+00
-8.029191171765646118e+00 0.000000000000000000e+00
-7.979191171765647184e+00 0.000000000000000000e+00
-7.929191171765646473e+00 0.000000000000000000e+00
-7.879191171765647539e+00 0.000000000000000000e+00
-7.829191171765646828e+00 0.000000000000000000e+00
-7.779191171765646118e+00 0.000000000000000000e+00
-7.729191171765647184e+00 0.000000000000000000e+00
-7.679191171765646473e+00 0.000000000000000000e+00
-7.629191171765647539e+00 0.000000000000000000e+00
-7.579191171765646828e+00 0.000000000000000000e+00
-7.529191171765646118e+00 0.000000000000000000e+00
-7.479191171765647184e+00 0.000000000000000000e+00
-7.429191171765646473e+00 0.000000000000000000e+00
-7.379191171765647539e+00 0.000000000000000000e+00
-7.329191171765646828e+00 0.000000000000000000e+00
-7.279191171765646118e+00 0.000000000000000000e+00
-7.229191171765647184e+00 0.000000000000000000e+00
-7.179191171765646473e+00 0.000000000000000000e+00
-7.129191171765647539e+00 0.000000000000000000e+00
-7.079191171765646828e+00 0.000000000000000000e+00
-7.029191171765646118e+00 0.000000000000000000e+00
-6.979191171765647184e+00 0.000000000000000000e+00
-6.929191171765646473e+00 0.000000000000000000e+00
-6.879191171765647539e+00 0.000000000000000000e+00
-6.829191171765646828e+00 0.000000000000000000e+00
-6.779191171765646118e+00 0.000000000000000000e+00
-6.729191171765647184e+00 0.000000000000000000e+00
-6.679191171765646473e+00 0.000000000000000000e+00
-6.629191171765647539e+00 0.000000000000000000e+00
-6.579191171765646828e+00 0.000000000000000000e+00
-6.529191171765646118e+00 0.000000000000000000e+00
-6.479191171765647184e+00 0.000000000000000000e+00
-6.429191171765646473e+00 0.000000000000000000e+00
-6.379191171765647539e+00 0.000000000000000000e+00
-6.329191171765646828e+00 0.000000000000000000e+00
-6.279191171765646118e+00 0.000000000000000000e+00
-6.229191171765647184e+00 0.000000000000000000e+00
-6.179191171765646473e+00 0.000000000000000000e+00
-6.129191171765647539e+00 0.000000000000000000e+00
-6.079191171765646828e+00 0.000000000000000000e+00
-6.029191171765646118e+00 0.000000000000000000e+00
-5.979191171765647184e+00 0.000000000000000000e+00
-5.929191171765646473e+00 0.000000000000000000e+00
-5.879191171765647539e+00 0.000000000000000000e+00
-5.829191171765646828e+00 0.000000000000000000e+00
-5.779191171765646118e+00 0.000000000000000000e+00
-5.729191171765647184e+00 0.000000000000000000e+00
-5.679191171765646473e+00 0.000000000000000000e+00
-5.629191171765647539e+00 0.000000000000000000e+00
-5.579191171765646828e+00 0.000000000000000000e+00
-5.529191171765646118e+00 0.000000000000000000e+00
-5.479191171765647184e+00 0.000000000000000000e+00
-5.429191171765646473e+00 0.000000000000000000e+00
-5.379191171765647539e+00 0.000000000000000000e+00
-5.329191171765646828e+00 0.000000000000000000e+00
-5.279191171765646118e+00 0.000000000000000000e+00
-5.229191171765647184e+00 0.000000000000000000e+00
-5.179191171765646473e+00 0.000000000000000000e+00
-5.129191171765647539e+00 0.000000000000000000e+00
-5.079191171765646828e+00 0.000000000000000000e+00
-5.029191171765646118e+00 0.000000000000000000e+00
-4.979191171765647184e+00 0.000000000000000000e+00
-4.929191171765646473e+00 0.000000000000000000e+00
-4.879191171765647539e+00 0.000000000000000000e+00
-4.829191171765646828e+00 0.000000000000000000e+00
-4.779191171765646118e+00 0.000000000000000000e+00
-4.729191171765647184e+00 0.000000000000000000e+00
-4.679191171765646473e+00 0.000000000000000000e+00
-4.629191171765647539e+00 0.000000000000000000e+00
-4.579191171765646828e+00 0.000000000000000000e+00
-4.529191171765647894e+00 0.000000000000000000e+00
-4.479191171765647184e+00 0.000000000000000000e+00
-4.429191171765646473e+00 0.000000000000000000e+00
-4.379191171765645763e+00 0.000000000000000000e+00
-4.329191171765646828e+00 0.000000000000000000e+00
-4.279191171765647894e+00 0.000000000000000000e+00
-4.229191171765647184e+00 0.000000000000000000e+00
-4.179191171765646473e+00 0.000000000000000000e+00
-4.129191171765645763e+00 0.000000000000000000e+00
-4.079191171765646828e+00 0.000000000000000000e+00
-4.029191171765647894e+00 0.000000000000000000e+00
-3.979191171765647184e+00 0.000000000000000000e+00
-3.929191171765646473e+00 0.000000000000000000e+00
-3.879191171765645763e+00 0.000000000000000000e+00
-3.829191171765646828e+00 0.000000000000000000e+00
-3.779191171765647894e+00 0.000000000000000000e+00
-3.729191171765647184e+00 0.000000000000000000e+00
-3.679191171765646473e+00 0.000000000000000000e+00
-3.629191171765645763e+00 0.000000000000000000e+00
-3.579191171765646828e+00 0.000000000000000000e+00
-3.529191171765647894e+00 0.000000000000000000e+00
-3.479191171765647184e+00 0.000000000000000000e+00
-3.429191171765646473e+00 0.000000000000000000e+00
-3.379191171765645763e+00 0.000000000000000000e+00
-3.329191171765646828e+00 0.000000000000000000e+00
-3.279191171765647894e+00 0.000000000000000000e+00
-3.229191171765647184e+00 0.000000000000000000e+00
-3.179191171765646473e+00 0.000000000000000000e+00
-3.129191171765645763e+00 0.000000000000000000e+00
-3.079191171765646828e+00 0.000000000000000000e+00
-3.029191171765646118e+00 0.000000000000000000e+00
-2.979191171765647184e+00 0.000000000000000000e+00
-2.929191171765646473e+00 0.000000000000000000e+00
-2.879191171765645763e+00 0.000000000000000000e+00
-2.829191171765646828e+00 0.000000000000000000e+00
-2.779191171765646118e+00 0.000000000000000000e+00
-2.729191171765647184e+00 0.000000000000000000e+00
-2.679191171765646473e+00 0.000000000000000000e+00
-2.629191171765645763e+00 0.000000000000000000e+00
-2.579191171765646828e+00 0.000000000000000000e+00
-2.529191171765646118e+00 0.000000000000000000e+00
-2.479191171765647184e+00 0.000000000000000000e+00
-2.429191171765646473e+00 0.000000000000000000e+00
-2.379191171765645763e+00 0.000000000000000000e+00
-2.329191171765646828e+00 0.000000000000000000e+00
-2.279191171765646118e+00 0.000000000000000000e+00
-2.229191171765647184e+00 0.000000000000000000e+00
-2.179191171765646473e+00 0.000000000000000000e+00
-2.129191171765645763e+00 0.000000000000000000e+00
-2.079191171765646828e+00 0.000000000000000000e+00
-2.029191171765646118e+00 0.000000000000000000e+00
-1.979191171765647184e+00 0.000000000000000000e+00
-1.929191171765646473e+00 0.000000000000000000e+00
-1.879191171765645763e+00 0.000000000000000000e+00
-1.829191171765646828e+00 0.000000000000000000e+00
-1.779191171765646118e+00 0.000000000000000000e+00
-1.729191171765647184e+00 0.000000000000000000e+00
-1.679191171765646473e+00 0.000000000000000000e+00
-1.629191171765645763e+00 0.000000000000000000e+00
-1.579191171765646828e+00 0.000000000000000000e+00
-1.529191171765646118e+00 0.000000000000000000e+00
-1.479191171765647184e+00 0.000000000000000000e+00
-1.429191171765646473e+00 0.000000000000000000e+00
-1.379191171765645763e+00 0.000000000000000000e+00
-1.329191171765646828e+00 0.000000000000000000e+00
-1.279191171765646118e+00 0.000000000000000000e+00
-1.229191171765647184e+00 0.000000000000000000e+00
-1.179191171765646473e+00 0.000000000000000000e+00
-1.129191171765645763e+00 0.000000000000000000e+00
-1.079191171765646828e+00 0.000000000000000000e+00
-1.029191171765646118e+00 0.000000000000000000e+00
-9.791911717656471836e-01 0.000000000000000000e+00
-9.291911717656464731e-01 0.000000000000000000e+00
-8.791911717656457625e-01 0.000000000000000000e+00
-8.291911717656468284e-01 0.000000000000000000e+00
-7.791911717656461178e-01 0.000000000000000000e+00
-7.291911717656471836e-01 0.000000000000000000e+00
-6.791911717656464731e-01 0.000000000000000000e+00
-6.291911717656457625e-01 0.000000000000000000e+00
-5.791911717656468284e-01 0.000000000000000000e+00
-5.291911717656461178e-01 0.000000000000000000e+00
-4.791911717656471836e-01 0.000000000000000000e+00
-4.291911717656464731e-01 0.000000000000000000e+00
-3.791911717656457625e-01 0.000000000000000000e+00
-3.291911717656468284e-01 0.000000000000000000e+00
-2.791911717656461178e-01 0.000000000000000000e+00
-2.291911717656471836e-01 0.000000000000000000e+00
-1.791911717656464731e-01 0.000000000000000000e+00
-1.291911717656457625e-01 0.000000000000000000e+00
-7.919117176564682836e-02 0.000000000000000000e+00
-2.919117176564611782e-02 0.000000000000000000e+00
2.080882823435281637e-02 0.000000000000000000e+00
7.080882823435352691e-02 6.019355422001858340e-05
1.208088282343542375e-01 3.009677711000928696e-04
1.708088282343531716e-01 5.417419879801672845e-04
2.208088282343538822e-01 1.023290421740316114e-03
2.708088282343528164e-01 9.630968675202973344e-04
3.208088282343535269e-01 1.565032409720483074e-03
3.708088282343542375e-01 2.467935723020762279e-03
4.208088282343531716e-01 3.069871265220947259e-03
4.708088282343538822e-01 8.728065361902693706e-03
5.208088282343528164e-01 1.625225963940501658e-02
5.708088282343535269e-01 2.660555096524821334e-02
6.208088282343542375e-01 3.599574542357110440e-02
6.708088282343531716e-01 4.713155295427454150e-02
7.208088282343538822e-01 5.459555367755685590e-02
7.708088282343528164e-01 6.019355422001857608e-02
8.208088282343535269e-01 5.700329584635759755e-02
8.708088282343542375e-01 6.404594169009977800e-02
9.208088282343531716e-01 7.686716873896370927e-02
9.708088282343538822e-01 9.691162229422990715e-02
1.020808828234352816e+00 1.178589791627963762e-01
1.070808828234353527e+00 1.453674334413448399e-01
1.120808828234354237e+00 1.729962748283333795e-01
1.170808828234353172e+00 1.970736965163408239e-01
1.220808828234353882e+00 2.222346021803086047e-01
1.270808828234352816e+00 2.624438963992810070e-01
1.320808828234353527e+00 2.969348029673516409e-01
1.370808828234354237e+00 3.988424902618430967e-01
1.420808828234353172e+00 4.822105628565687696e-01
1.470808828234353882e+00 6.048248328027466814e-01
1.520808828234352816e+00 6.949345834701146085e-01
1.570808828234353527e+00 7.907025282341639816e-01
1.620808828234354237e+00 8.529426632976632172e-01
1.670808828234353172e+00 1.041589262223201251e+00
1.720808828234353882e+00 1.190146954038207472e+00
1.770808828234352816e+00 1.291813867115818804e+00
1.820808828234353527e+00 1.417016459893457592e+00
1.870808828234354237e+00 1.503574790861843979e+00
1.920808828234353172e+00 1.651530547134649751e+00
1.970808828234353882e+00 2.109964656074311051e+00
2.020808828234352816e+00 2.775705365747716424e+00
2.070808828234353527e+00 3.645201256455885552e+00
2.120808828234354237e+00 4.428981525954746701e+00
2.170808828234353172e+00 4.719415425066336489e+00
2.220808828234353882e+00 4.575011088492511924e+00
2.270808828234352816e+00 3.618535511936416427e+00
2.320808828234353527e+00 2.770287945867915269e+00
2.370808828234354237e+00 1.911024959377149779e+00
2.420808828234353172e+00 1.228189280305258979e+00
2.470808828234353882e+00 8.238691766093942936e-01
2.520808828234352816e+00 6.690513551555065108e-01
2.570808828234353527e+00 5.551049570170112357e-01
2.620808828234354237e+00 5.536001181615108901e-01
2.670808828234353172e+00 5.425846977392474457e-01
2.720808828234353882e+00 5.296430835819434524e-01
2.770808828234352816e+00 5.222994699671011931e-01
2.820808828234353527e+00 4.908784346642514618e-01
2.870808828234354237e+00 5.843590243679404050e-01
2.920808828234353172e+00 5.322314064134042733e-01
2.970808828234353882e+00 6.035607681641264044e-01
3.020808828234352816e+00 6.272168349725935066e-01
3.070808828234353527e+00 7.491689758223512019e-01
3.120808828234354237e+00 8.768395043230106101e-01
3.170808828234353172e+00 1.022206937764355672e+00
3.220808828234353882e+00 1.044117391500442249e+00
3.270808828234352816e+00 1.184067405061985490e+00
3.320808828234353527e+00 1.203389535966611357e+00
3.370808828234354237e+00 1.233727087293500890e+00
3.420808828234351395e+00 1.308908836514304008e+00
3.470808828234355659e+00 1.351525872902077152e+00
3.520808828234352816e+00 1.318058256755747060e+00
3.570808828234353527e+00 1.284891608380516415e+00
3.620808828234354237e+00 1.357545228324079201e+00
3.670808828234351395e+00 1.281942124223735879e+00
3.720808828234355659e+00 1.326244580129669393e+00
3.770808828234352816e+00 1.199356567833870235e+00
3.820808828234353527e+00 1.274538317054673797e+00
3.870808828234354237e+00 1.188581921628486748e+00
3.920808828234351395e+00 1.158304563855817371e+00
3.970808828234355659e+00 1.169741339157621018e+00
4.020808828234352816e+00 1.170945210242021473e+00
4.070808828234353527e+00 1.159689015602877848e+00
4.120808828234354237e+00 1.022447711981235630e+00
4.170808828234351395e+00 1.003125581076609540e+00
4.220808828234355659e+00 1.010228420474571731e+00
4.270808828234352816e+00 9.402233169166902549e-01
4.320808828234353527e+00 8.894801507092144899e-01
4.370808828234354237e+00 8.180304018500523799e-01
4.420808828234351395e+00 7.966014965477259402e-01
4.470808828234355659e+00 7.742696879320989378e-01
4.520808828234352816e+00 7.280410382911246536e-01
4.570808828234353527e+00 6.805483240115300925e-01
4.620808828234354237e+00 6.550864505764621981e-01
4.670808828234351395e+00 6.547252892511421507e-01
4.720808828234355659e+00 6.251100605748928229e-01
4.770808828234352816e+00 5.917628315370025982e-01
4.820808828234353527e+00 5.495069564745496127e-01
4.870808828234354237e+00 6.306478675631346231e-01
4.920808828234351395e+00 5.815901208738195605e-01
4.970808828234355659e+00 5.957957996697439418e-01
5.020808828234352816e+00 6.521369664196813298e-01
5.070808828234353527e+00 6.381118682864168612e-01
5.120808828234354237e+00 6.918647122048936504e-01
5.170808828234351395e+00 7.428486526292492620e-01
5.220808828234355659e+00 8.181507889584924698e-01
5.270808828234352816e+00 8.854471825764732573e-01
5.320808828234353527e+00 9.262584123376459422e-01
5.370808828234354237e+00 9.706812553520195452e-01
5.420808828234351395e+00 1.084687847044734532e+00
5.470808828234355659e+00 1.086072298791795454e+00
5.520808828234352816e+00 1.287058576332437143e+00
5.570808828234353527e+00 1.354956905492618269e+00
5.620808828234354237e+00 1.305537997477983048e+00
5.670808828234351395e+00 1.427249364110860785e+00
5.720808828234355659e+00 1.411237878688335723e+00
5.770808828234352816e+00 1.420447492483998486e+00
5.820808828234353527e+00 1.505922339476424732e+00
5.870808828234354237e+00 1.553776215081339451e+00
5.920808828234351395e+00 1.489730273391239868e+00
5.970808828234355659e+00 1.472635303992754441e+00
6.020808828234352816e+00 1.554799505503079660e+00
6.070808828234353527e+00 1.441876397786324926e+00
6.120808828234354237e+00 1.435014332605243137e+00
6.170808828234351395e+00 1.318058256755747060e+00
6.220808828234355659e+00 1.283326575970796135e+00
6.270808828234352816e+00 1.267676251873591120e+00
6.320808828234353527e+00 1.138320303854771343e+00
6.370808828234354237e+00 1.117192366323544794e+00
6.420808828234351395e+00 1.052965843970784965e+00
6.470808828234355659e+00 1.003065387522389607e+00
6.520808828234352816e+00 9.782656431837419841e-01
6.570808828234357080e+00 9.109692495657611966e-01
6.620808828234354237e+00 9.169886049877629119e-01
6.670808828234351395e+00 9.018800228785384121e-01
6.720808828234355659e+00 8.651017612501068488e-01
6.770808828234352816e+00 8.543873085989437399e-01
6.820808828234357080e+00 8.400010491403593349e-01
6.870808828234354237e+00 8.088207880543896167e-01
6.920808828234351395e+00 8.656435032380871419e-01
6.970808828234355659e+00 7.996713678129467873e-01
7.020808828234352816e+00 8.276011769710354127e-01
7.070808828234357080e+00 8.175488534162923537e-01
7.120808828234354237e+00 8.283836931758956634e-01
7.170808828234351395e+00 8.731676975155895359e-01
7.220808828234355659e+00 8.304904675735962361e-01
7.270808828234352816e+00 8.013567873311073786e-01
7.320808828234357080e+00 8.814744079979520697e-01
7.370808828234354237e+00 8.398806620319192451e-01
7.420808828234351395e+00 8.849656341427131201e-01
7.470808828234355659e+00 9.073576363125600563e-01
7.520808828234352816e+00 9.515397051100537018e-01
7.570808828234357080e+00 9.972868063172678488e-01
7.620808828234354237e+00 1.012997323968692687e+00
7.670808828234351395e+00 1.056998812103526308e+00
7.720808828234355659e+00 1.012154614209612502e+00
7.770808828234352816e+00 9.904247411361857267e-01
7.820808828234357080e+00 1.017511840535194168e+00
7.870808828234354237e+00 1.062777393308647955e+00
7.920808828234351395e+00 1.047789198307863323e+00
7.970808828234355659e+00 1.031777712885338483e+00
8.020808828234352816e+00 1.031898099993778350e+00
8.070808828234357080e+00 1.088720815177476098e+00
8.120808828234354237e+00 1.070181200477710259e+00
8.170808828234351395e+00 1.028888422282777437e+00
8.220808828234355659e+00 9.875956440878448372e-01
8.270808828234352816e+00 1.028647648065897480e+00
8.320808828234357080e+00 1.032801003307078691e+00
8.370808828234354237e+00 1.022688486198115587e+00
8.420808828234351395e+00 1.033583519511939164e+00
8.470808828234355659e+00 1.056878424995086441e+00
8.520808828234352816e+00 1.068255006742669710e+00
8.570808828234357080e+00 9.911470637868258216e-01
8.620808828234354237e+00 1.037134939210919926e+00
8.670808828234351395e+00 9.503960275798734036e-01
8.720808828234355659e+00 9.615920286647969828e-01
8.770808828234352816e+00 1.016007001679693378e+00
8.820808828234357080e+00 9.562949958934352512e-01
8.870808828234354237e+00 9.996343549318486010e-01
8.920808828234351395e+00 1.010529388245671845e+00
8.970808828234355659e+00 9.505766082425333163e-01
9.020808828234352816e+00 9.722462877617400467e-01
9.070808828234357080e+00 9.617124157732368506e-01
9.120808828234354237e+00 9.201186698072040260e-01
9.170808828234351395e+00 1.008663388064851452e+00
9.220808828234355659e+00 1.011191517342092006e+00
9.270808828234352816e+00 1.032921390415518559e+00
9.320808828234357080e+00 9.420291235432908250e-01
9.370808828234354237e+00 1.009024549390171499e+00
9.420808828234351395e+00 1.009084742944391433e+00
9.470808828234355659e+00 1.004510032823670018e+00
9.520808828234352816e+00 1.039301907162840655e+00
9.570808828234357080e+00 1.017150679209874120e+00
9.620808828234354237e+00 9.951198383653472312e-01
9.670808828234351395e+00 1.035750487463859670e+00
9.720808828234355659e+00 1.037435906982020262e+00
9.770808828234352816e+00 1.023711776619855796e+00
9.820808828234357080e+00 1.065787071019649090e+00
9.870808828234354237e+00 1.076200555899712086e+00
9.920808828234351395e+00 1.073913200839351489e+00
9.970808828234355659e+00 1.120924366685185802e+00
1.002080882823435282e+01 1.067833651863129507e+00
1.007080882823435708e+01 1.060490038248287137e+00
1.012080882823435424e+01 1.005954678124950430e+00
1.017080882823435140e+01 1.041288294452101360e+00
1.022080882823435566e+01 1.025878744571776746e+00
1.027080882823435282e+01 1.026300099451316949e+00
1.032080882823435708e+01 9.653240290264377688e-01
1.037080882823435424e+01 9.579804154115957315e-01
1.042080882823435140e+01 9.730288039666002975e-01
1.047080882823435566e+01 9.703802875809195427e-01
1.052080882823435282e+01 9.614114480021367370e-01
1.057080882823435708e+01 9.697181584844992708e-01
1.062080882823435424e+01 9.994537742691884663e-01
1.067080882823435140e+01 9.274020898678261293e-01
1.072080882823435566e+01 9.470853820977722659e-01
1.077080882823435282e+01 1.006376033004490633e+00
1.082080882823435708e+01 9.472659627604324006e-01
1.087080882823435424e+01 9.581609960742556442e-01
1.092080882823435140e+01 9.654444161348779696e-01
1.097080882823435566e+01 9.236098959519650764e-01
1.102080882823435282e+01 9.319166064343276101e-01
1.107080882823435708e+01 1.016007001679693378e+00
1.112080882823435424e+01 9.602075769177362830e-01
1.117080882823435140e+01 9.599668027008563254e-01
1.122080882823435566e+01 9.686346745085390175e-01
1.127080882823435282e+01 9.821782242080432379e-01
1.132080882823435708e+01 9.234895088435248756e-01
1.137080882823435424e+01 9.702599004724794529e-01
1.142080882823435140e+01 9.373340263141293205e-01
1.147080882823435566e+01 1.006797387884030615e+00
1.152080882823435282e+01 9.345651228200084759e-01
1.157080882823435708e+01 9.532853181824342270e-01
1.162080882823435424e+01 9.905451282446255945e-01
1.167080882823435140e+01 9.525028019775739763e-01
1.172080882823435566e+01 9.837432566177637394e-01
1.177080882823435282e+01 1.023711776619855796e+00
1.182080882823435708e+01 1.042070810656961388e+00
1.187080882823435424e+01 1.073552039514031442e+00
1.192080882823435140e+01 9.984304838474480359e-01
1.197080882823435566e+01 9.829607404129032666e-01
1.202080882823435282e+01 1.046826101440343049e+00
1.207080882823435708e+01 1.003546935956149744e+00
1.212080882823435424e+01 1.014441969269973098e+00
1.217080882823435140e+01 1.043756230175122202e+00
1.222080882823435566e+01 1.007519710534670931e+00
1.227080882823435282e+01 1.025517583246456255e+00
1.232080882823435708e+01 1.062897780417088045e+00
1.237080882823435424e+01 1.014682743486853278e+00
1.242080882823435140e+01 1.045802811018602618e+00
1.247080882823435566e+01 1.049474617826023692e+00
1.252080882823435282e+01 1.012395388426492460e+00
1.257080882823435708e+01 9.939761608351667110e-01
1.262080882823435424e+01 1.038278616741100446e+00
1.267080882823435140e+01 1.035208745475879377e+00
1.272080882823435566e+01 9.568367378814152113e-01
1.277080882823435282e+01 1.010709968908331868e+00
1.282080882823435708e+01 1.020100163366654877e+00
1.287080882823435424e+01 9.860908052323444917e-01
1.292080882823435140e+01 9.934946124014066848e-01
1.297080882823435566e+01 9.971062256546077140e-01
1.302080882823435282e+01 1.037375713427800328e+00
1.307080882823435708e+01 9.555124796885748895e-01
1.312080882823435424e+01 1.021905969993255558e+00
1.317080882823435140e+01 1.029851519150297934e+00
1.322080882823435566e+01 9.803122240272226229e-01
1.327080882823435282e+01 1.008482807402191428e+00
1.332080882823435708e+01 9.543688021583945913e-01
1.337080882823435424e+01 1.028707841620117414e+00
1.342080882823435140e+01 1.000296484028268873e+00
1.347080882823435566e+01 9.399223491455900303e-01
1.352080882823435282e+01 9.594852542670961881e-01
1.357080882823435708e+01 1.015224485474833349e+00
1.362080882823435424e+01 1.025276809029576519e+00
1.367080882823435140e+01 9.168080243251028882e-01
1.372080882823435566e+01 9.833219017382234250e-01
1.377080882823435282e+01 9.564755765560952749e-01
1.382080882823435708e+01 9.479882854110727175e-01
1.387080882823435424e+01 9.690560293880791098e-01
1.392080882823435140e+01 9.252953154701255567e-01
1.397080882823435566e+01 9.699589327013793394e-01
1.402080882823435282e+01 9.727278361955002950e-01
1.407080882823435708e+01 9.921703542085662519e-01
1.412080882823435424e+01 9.443766721578714662e-01
1.417080882823435140e+01 9.916286122205859588e-01
1.422080882823435566e+01 9.978285483052479199e-01
1.427080882823435282e+01 9.215031215542645038e-01
1.432080882823435708e+01 9.382369296274296611e-01
1.437080882823435424e+01 9.904247411361857267e-01
1.442080882823435140e+01 1.002824613305509427e+00
1.447080882823435566e+01 9.963237094497476853e-01
1.452080882823435282e+01 9.697181584844992708e-01
1.457080882823435708e+01 9.997547420402885798e-01
1.462080882823435424e+01 1.010047839811911707e+00
1.467080882823435140e+01 1.011432291558972185e+00
1.472080882823435566e+01 1.003847903727249857e+00
1.477080882823435282e+01 1.005051774811650089e+00
1.482080882823435708e+01 9.668288678819383364e-01
1.487080882823435424e+01 1.014141001498872985e+00
1.492080882823435140e+01 1.010047839811911707e+00
1.497080882823435566e+01 9.711026102315598596e-01
1.502080882823435282e+01 9.863315794492244493e-01
1.507080882823435708e+01 9.973469998714877827e-01
1.512080882823435424e+01 1.020220550475094745e+00
1.517080882823435140e+01 1.010950743125212048e+00
1.522080882823435566e+01 9.697181584844992708e-01
1.527080882823435282e+01 1.048872682283823687e+00
1.532080882823435708e+01 1.041529068668981539e+00
1.537080882823435424e+01 9.906655153530657953e-01
1.542080882823435140e+01 1.046886294994563205e+00
1.547080882823435566e+01 1.055072618368485760e+00
1.552080882823435282e+01 9.983702902932281020e-01
1.557080882823435708e+01 1.072468555538071078e+00
1.562080882823435424e+01 9.823588048707031506e-01
1.567080882823435140e+01 1.041589262223201251e+00
1.572080882823435566e+01 1.036352423006059897e+00
1.577080882823435282e+01 1.048872682283823687e+00
1.582080882823435708e+01 1.033282551740839050e+00
1.587080882823435424e+01 1.045441649693282571e+00
1.592080882823435140e+01 1.031175777343138256e+00
1.597080882823435566e+01 1.071866619995870851e+00
1.602080882823435104e+01 1.015284679029053283e+00
1.607080882823435530e+01 1.017572034089413879e+00
1.612080882823435246e+01 1.007880871859990979e+00
1.617080882823434962e+01 9.768209978824614614e-01
1.622080882823435388e+01 1.029731132041857622e+00
1.627080882823435104e+01 1.029129196499657617e+00
1.632080882823435530e+01 1.003727516618809767e+00
1.637080882823435246e+01 1.023290421740315814e+00
1.642080882823434962e+01 1.024855454150036316e+00
1.647080882823435388e+01 1.037315519873580172e+00
1.652080882823435104e+01 9.627958997491972148e-01
1.657080882823435530e+01 1.034004874391479145e+00
1.662080882823435246e+01 9.884985474011451778e-01
1.667080882823434962e+01 9.819374499911630583e-01
1.672080882823435388e+01 9.457611239049318330e-01
1.677080882823435104e+01 1.026721454330856931e+00
1.682080882823435530e+01 9.599668027008563254e-01
1.687080882823435246e+01 1.014381775715753164e+00
1.692080882823434962e+01 9.284253802895664487e-01
1.697080882823435388e+01 9.718851264364198883e-01
1.702080882823435104e+01 9.538270601704144092e-01
1.707080882823435530e+01 9.457611239049318330e-01
1.712080882823435246e+01 9.738113201714605482e-01
1.717080882823434962e+01 9.673104163156985846e-01
1.722080882823435388e+01 9.783860302921819629e-01
1.727080882823435104e+01 9.698385455929393606e-01
1.732080882823435530e+01 9.781452560753018943e-01
1.737080882823435246e+01 9.654444161348779696e-01
1.742080882823434962e+01 9.398621555913700965e-01
1.747080882823435388e+01 9.360097681212887766e-01
1.752080882823435104e+01 9.100061526982410331e-01
1.757080882823435530e+01 9.581008025200355993e-01
1.762080882823435246e+01 9.159051210118025477e-01
1.767080882823434962e+01 1.005412936136970359e+00
1.772080882823435388e+01 9.364913165550491359e-01
1.777080882823435104e+01 9.602677704719564389e-01
1.782080882823435530e+01 9.906655153530657953e-01
1.787080882823435246e+01 9.643007386046975604e-01
1.792080882823434962e+01 9.352272519164286368e-01
1.797080882823435388e+01 9.807335789067627152e-01
1.802080882823435104e+01 1.008362420293751116e+00
1.807080882823435530e+01 1.014682743486853278e+00
1.812080882823435246e+01 1.004209065052569905e+00
1.817080882823434962e+01 9.721860942075200018e-01
1.822080882823435388e+01 9.826597726418031531e-01
1.827080882823435104e+01 1.068435587405329734e+00
1.832080882823435530e+01 9.578600283031557527e-01
1.837080882823435246e+01 1.020280744029314901e+00
1.842080882823434962e+01 1.036954358548260124e+00
1.847080882823435388e+01 1.048150359633183593e+00
1.852080882823435104e+01 1.043033907524481885e+00
1.857080882823435530e+01 1.066268619453409006e+00
1.862080882823435246e+01 1.052785263308124941e+00
1.867080882823434962e+01 1.019377840716014560e+00
1.872080882823435388e+01 1.062596812645988154e+00
1.877080882823435104e+01 1.015585646800153619e+00
1.882080882823435530e+01 1.020762292463075038e+00
1.887080882823435246e+01 1.074334555718891693e+00
1.892080882823434962e+01 1.012214807763832436e+00
1.897080882823435388e+01 1.050618295356204435e+00
1.902080882823435104e+01 1.052544489091244984e+00
1.907080882823435530e+01 1.040265004030361151e+00
1.912080882823435246e+01 1.004209065052569905e+00
1.917080882823434962e+01 1.019739002041334830e+00
1.922080882823435388e+01 9.984304838474480359e-01
1.927080882823435104e+01 1.015766227462813642e+00
1.932080882823435530e+01 1.028105906077917631e+00
1.937080882823435246e+01 1.001440161558449171e+00
1.942080882823435672e+01 1.004931387703210000e+00
1.947080882823435388e+01 1.018173969631614328e+00
1.952080882823435104e+01 9.855490632443641985e-01
1.957080882823434820e+01 9.553920925801350217e-01
1.962080882823435246e+01 9.949994512569071414e-01
1.967080882823435672e+01 9.646017063757976739e-01
1.972080882823435388e+01 1.003908097281470013e+00
1.977080882823435104e+01 9.501552533629932240e-01
1.982080882823434820e+01 9.782656431837419841e-01
1.987080882823435246e+01 9.458213174591521000e-01
1.992080882823435672e+01 9.320971870969876338e-01
1.997080882823435388e+01 9.453999625796117856e-01
2.002080882823435104e+01 1.022206937764355672e+00
2.007080882823434820e+01 9.795297078223623721e-01
2.012080882823435246e+01 9.766404172198015488e-01
2.017080882823435672e+01 1.013177904631352710e+00
2.022080882823435388e+01 9.742928686052207965e-01
2.027080882823435104e+01 9.585221573995759137e-01
2.032080882823434820e+01 1.000717838907808854e+00
2.037080882823435246e+01 9.428718333023710096e-01
2.042080882823435672e+01 1.000416871136708741e+00
2.047080882823435388e+01 9.797704820392423297e-01
2.052080882823435104e+01 9.328797033018478846e-01
2.057080882823434820e+01 9.543086086041746574e-01
2.062080882823435246e+01 1.003667323064589834e+00
2.067080882823435672e+01 9.662269323397382204e-01
2.072080882823435388e+01 9.455805432422719203e-01
2.077080882823435104e+01 1.011733259330072299e+00
2.082080882823434820e+01 9.503960275798734036e-01
2.087080882823435246e+01 1.044057197946222315e+00
2.092080882823435672e+01 9.891004829433452938e-01
2.097080882823435388e+01 1.001379968004229237e+00
2.102080882823435104e+01 1.006315839450270477e+00
2.107080882823434820e+01 1.057540554091506602e+00
2.112080882823435246e+01 9.807335789067627152e-01
2.117080882823435672e+01 1.005774097462290406e+00
2.122080882823435388e+01 9.671298356530384499e-01
2.127080882823435104e+01 1.032921390415518559e+00
2.132080882823434820e+01 1.043274681741362064e+00
2.137080882823435246e+01 9.875956440878448372e-01
2.142080882823435672e+01 9.904849346904056606e-01
2.147080882823435388e+01 9.919897735459061172e-01
2.152080882823435104e+01 9.813957080031829872e-01
2.157080882823434820e+01 1.010168226920351797e+00
2.162080882823435246e+01 9.639395772793775130e-01
2.167080882823435672e+01 1.018474937402714220e+00
2.172080882823435388e+01 9.272817027593861505e-01
2.177080882823435104e+01 1.029309777162317641e+00
2.182080882823434820e+01 9.999955162571687595e-01
2.187080882823435246e+01 1.000115903365608627e+00
2.192080882823435672e+01 1.011131323787872072e+00
2.197080882823435388e+01 9.798908691476825306e-01
2.202080882823435104e+01 1.022989453969215923e+00
2.207080882823434820e+01 1.017331259872533922e+00
2.212080882823435246e+01 9.901237733650857242e-01
2.217080882823435672e+01 9.965644836666275319e-01
2.222080882823435388e+01 9.503358340256531367e-01
2.227080882823435104e+01 9.808539660152026940e-01
2.232080882823434820e+01 1.040445584693021175e+00
2.237080882823435246e+01 1.054892037705825514e+00
2.242080882823435672e+01 1.003968290835689725e+00
2.247080882823435388e+01 1.026540873668196685e+00
2.252080882823435104e+01 9.963237094497476853e-01
2.257080882823434820e+01 1.033703906620379032e+00
2.262080882823435246e+01 1.025216615475356363e+00
2.267080882823435672e+01 1.022267131318575606e+00
2.272080882823435388e+01 1.033101971078178805e+00
2.277080882823435104e+01 1.046525133669242935e+00
2.282080882823434820e+01 1.052243521320144648e+00
2.287080882823435246e+01 1.091068363792056850e+00
2.292080882823435672e+01 9.864519665576644281e-01
2.297080882823435388e+01 1.051761972886384733e+00
2.302080882823435104e+01 1.027383583427277092e+00
2.307080882823434820e+01 1.010108033366131863e+00
2.312080882823435246e+01 1.045381456139062637e+00
2.317080882823435672e+01 1.039482487825500900e+00
2.322080882823435388e+01 1.056457070115546015e+00
2.327080882823435104e+01 1.002222677763309200e+00
2.332080882823434820e+01 1.045622230355942817e+00
2.337080882823435246e+01 1.004028484389909881e+00
2.342080882823435672e+01 9.807335789067627152e-01
2.347080882823435388e+01 1.028467067403237678e+00
2.352080882823435104e+01 1.002764419751289493e+00
2.357080882823434820e+01 9.803724175814425568e-01
2.362080882823435246e+01 9.694773842676194242e-01
2.367080882823435672e+01 1.006195452341830610e+00
2.372080882823435388e+01 1.012515775534932549e+00
2.377080882823435104e+01 9.657453839059780831e-01
2.382080882823434820e+01 9.256564767954457151e-01
2.387080882823435246e+01 9.712831908942197723e-01
2.392080882823435672e+01 1.001379968004229237e+00
2.397080882823435388e+01 1.022748679752335743e+00
2.402080882823435104e+01 9.522018342064739738e-01
2.407080882823434820e+01 9.237904766146252111e-01
2.412080882823435246e+01 9.376951876394494789e-01
2.417080882823435672e+01 9.637589966167174893e-01
2.422080882823435388e+01 9.154235725780425215e-01
2.427080882823435104e+01 8.858083439017934158e-01
2.432080882823434820e+01 9.470853820977722659e-01
2.437080882823435246e+01 1.000537258245148831e+00
2.442080882823435672e+01 9.963237094497476853e-01
2.447080882823435388e+01 9.912072573410459775e-01
2.452080882823435104e+01 1.009506097823931636e+00
2.457080882823434820e+01 9.592444800502160085e-01
2.462080882823435246e+01 9.724268684244001815e-01
2.467080882823435672e+01 1.000416871136708741e+00
2.472080882823435388e+01 9.547901570379346836e-01
2.477080882823435104e+01 9.603279640261763728e-01
2.482080882823434820e+01 1.014321582161533009e+00
2.487080882823435246e+01 1.021183647342615242e+00
2.492080882823435672e+01 1.023651583065636084e+00
2.497080882823435388e+01 1.010649775354111934e+00
2.502080882823435104e+01 9.979489354136878987e-01
2.507080882823434820e+01 1.043575649512462178e+00
2.512080882823435246e+01 1.065064748369008774e+00
2.517080882823435672e+01 1.011191517342092006e+00
2.522080882823435388e+01 1.084868427707394778e+00
2.527080882823435104e+01 1.042732939753381771e+00
2.532080882823434820e+01 1.053748360175645216e+00
2.537080882823435246e+01 1.076621910779252289e+00
2.542080882823435672e+01 1.087577137647295800e+00
2.547080882823435388e+01 1.016368163005013869e+00
2.552080882823435104e+01 1.021544808667935289e+00
2.557080882823434820e+01 1.064523006381028480e+00
2.562080882823435246e+01 1.034847584150559330e+00
2.567080882823435672e+01 1.075357846140631901e+00
2.572080882823435388e+01 1.025397196138016609e+00
2.577080882823435104e+01 1.059827909151867198e+00
2.582080882823435530e+01 1.077163652767232582e+00
2.587080882823435246e+01 1.036171842343399874e+00
2.592080882823435672e+01 9.859704181239042908e-01
2.597080882823435388e+01 1.034065067945699301e+00
2.602080882823435104e+01 9.845859663768439241e-01
2.607080882823435530e+01 9.740520943883407279e-01
2.612080882823435246e+01 9.887393216180252464e-01
2.617080882823435672e+01 1.008904162281731409e+00
2.622080882823435388e+01 9.770617720993415301e-01
2.627080882823435104e+01 9.596658349297561008e-01
2.632080882823435530e+01 1.001139193787348836e+00
2.637080882823435246e+01 9.551513183632548420e-01
2.642080882823435672e+01 9.680327389663387905e-01
2.647080882823435388e+01 9.595454478213161220e-01
2.652080882823435104e+01 9.311942837836874043e-01
2.657080882823435530e+01 9.851277083648241062e-01
2.662080882823435246e+01 9.201186698072040260e-01
2.667080882823435672e+01 9.436543495072312604e-01
2.672080882823435388e+01 9.753161590269610048e-01
2.677080882823435104e+01 9.494329307123529071e-01
2.682080882823435530e+01 9.675511905325786532e-01
2.687080882823435246e+01 9.753161590269610048e-01
2.692080882823435672e+01 9.968052578835076005e-01
2.697080882823435388e+01 1.001018806678908746e+00
2.702080882823435104e+01 1.003847903727249857e+00
2.707080882823435530e+01 1.042311584873841790e+00
2.712080882823435246e+01 1.032740809752858757e+00
2.717080882823435672e+01 1.053688166621425282e+00
2.722080882823435388e+01 1.043876617283562069e+00
2.727080882823435104e+01 1.072528749092291012e+00
2.732080882823435530e+01 1.052785263308124941e+00
2.737080882823435246e+01 1.053688166621425282e+00
2.742080882823435672e+01 1.045441649693282571e+00
2.747080882823435388e+01 1.040445584693021175e+00
2.752080882823435104e+01 1.007218742763570818e+00
2.757080882823435530e+01 9.698987391471592945e-01
2.762080882823435246e+01 1.033041777523958871e+00
2.767080882823435672e+01 9.603881575803964177e-01
2.772080882823435388e+01 9.394408007118300041e-01
2.777080882823435104e+01 9.781452560753018943e-01
2.782080882823435530e+01 9.152429919153824978e-01
2.787080882823435246e+01 9.067557007703598293e-01
2.792080882823435672e+01 8.793074400460314521e-01
2.797080882823435388e+01 8.781035689616311091e-01
2.802080882823435104e+01 8.562533087797642439e-01
2.807080882823435530e+01 8.648007934790069573e-01
2.812080882823435246e+01 8.307914353446964606e-01
2.817080882823435672e+01 8.717230522143091243e-01
2.822080882823435388e+01 7.776405269684200094e-01
2.827080882823435104e+01 8.255545961275547739e-01
2.832080882823435530e+01 8.102052398014500945e-01
2.837080882823435246e+01 8.530028568518832621e-01
2.842080882823435672e+01 8.588416316112250648e-01
2.847080882823435388e+01 8.951985383601163138e-01
2.852080882823435104e+01 8.923092477575554904e-01
2.857080882823435530e+01 9.785666109548419866e-01
2.862080882823435246e+01 9.081401525174203071e-01
2.867080882823435672e+01 9.906655153530657953e-01
2.872080882823435388e+01 9.655648032433181704e-01
2.877080882823435104e+01 1.028105906077917631e+00
2.882080882823435530e+01 1.093235331743977357e+00
2.887080882823435246e+01 1.097208106322498544e+00
2.892080882823435672e+01 1.173112178193942201e+00
2.897080882823435388e+01 1.188280953857386857e+00
2.902080882823435104e+01 1.314627224165205721e+00
2.907080882823435530e+01 1.326786322117649242e+00
2.912080882823435246e+01 1.347914259648876012e+00
2.917080882823435672e+01 1.373255745975503705e+00
2.922080882823435388e+01 1.440070591159724245e+00
2.927080882823435104e+01 1.446631688569706364e+00
2.932080882823435530e+01 1.432426009773782205e+00
2.937080882823435246e+01 1.464328593510392018e+00
2.942080882823435672e+01 1.465291690377912293e+00
2.947080882823435388e+01 1.482868208210157634e+00
2.952080882823435104e+01 1.368079100312582286e+00
2.957080882823435530e+01 1.378372198084205413e+00
2.962080882823435246e+01 1.315048579044746146e+00
2.967080882823435672e+01 1.237158119884041785e+00
2.972080882823435388e+01 1.177084952772463167e+00
2.977080882823435104e+01 1.047608617645203299e+00
2.982080882823435530e+01 1.083905330839874281e+00
2.987080882823435246e+01 1.008723581619071163e+00
2.992080882823435672e+01 9.012780873363380740e-01
2.997080882823435388e+01 8.053295619096284552e-01
3.002080882823435104e+01 8.155022725728116040e-01
3.007080882823435530e+01 7.656620096786364016e-01
3.012080882823435246e+01 7.036024552777973007e-01
3.017080882823435672e+01 6.795250335897896621e-01
3.022080882823435388e+01 6.276381898521337099e-01
3.027080882823435104e+01 6.340187065994556948e-01
3.032080882823435530e+01 6.196324471408711787e-01
3.037080882823435246e+01 6.145159950321696929e-01
3.042080882823435672e+01 6.102422526825483917e-01
3.047080882823435388e+01 6.422652235275982946e-01
3.052080882823435104e+01 6.609854188900239347e-01
3.057080882823435530e+01 6.785017431680495648e-01
3.062080882823435246e+01 7.548271699190329809e-01
3.067080882823435672e+01 7.424272977497092807e-01
3.072080882823435388e+01 7.825763984144615826e-01
3.077080882823435104e+01 7.876326569689430235e-01
3.082080882823435530e+01 8.956198932396564061e-01
3.087080882823435246e+01 9.190953793854637066e-01
3.092080882823435672e+01 9.465436401097920838e-01
3.097080882823435388e+01 9.921101606543463181e-01
3.102080882823435104e+01 1.075056878369531788e+00
3.107080882823435530e+01 1.052725069753905007e+00
3.112080882823435246e+01 1.070060813369270170e+00
3.117080882823435672e+01 1.186234373013906218e+00
3.122080882823435388e+01 1.188100373194726611e+00
3.127080882823435104e+01 1.200861406689370581e+00
3.132080882823435530e+01 1.192675083315448026e+00
3.137080882823435246e+01 1.252688056872806488e+00
3.142080882823435672e+01 1.257322960547747837e+00
3.147080882823435388e+01 1.338463871636332847e+00
3.152080882823435104e+01 1.406061233025414081e+00
3.157080882823435530e+01 1.435796848810103388e+00
3.162080882823435246e+01 1.431041558026721727e+00
3.167080882823435672e+01 1.385715811699047562e+00
3.172080882823435388e+01 1.252688056872806488e+00
3.177080882823435104e+01 1.256660831451327898e+00
3.182080882823435530e+01 1.252447282655926530e+00
3.187080882823435246e+01 1.173834500844582296e+00
3.192080882823435672e+01 1.115145785480064156e+00
3.197080882823435388e+01 1.025036034812696339e+00
3.202080882823435104e+01 9.379961554105495924e-01
3.207080882823435530e+01 8.648007934790069573e-01
3.212080882823435246e+01 8.247720799226945232e-01
3.217080882823435672e+01 7.609669124494748971e-01
3.222080882823435388e+01 7.371302649783475491e-01
3.227080882823435104e+01 6.709775488905469487e-01
3.232080882823435530e+01 5.792425722592388082e-01
3.237080882823435246e+01 5.575728927400320778e-01
3.242080882823435672e+01 4.905774668931514593e-01
3.247080882823435388e+01 5.173635985210596200e-01
3.252080882823435104e+01 4.974395320742335813e-01
3.257080882823435530e+01 5.029773390624752150e-01
3.262080882823435246e+01 5.142937272558387729e-01
3.267080882823435672e+01 5.107423075568575666e-01
3.272080882823435388e+01 5.085753396049370600e-01
3.277080882823435104e+01 5.439691494863079235e-01
3.282080882823435530e+01 6.735658717220078806e-01
3.287080882823435246e+01 8.611891802258059281e-01
3.292080882823435672e+01 1.320947547358307661e+00
3.297080882823435388e+01 1.974348578416609490e+00
3.302080882823435104e+01 2.913969959791100184e+00
3.307080882823435530e+01 3.820906241224118816e+00
3.312080882823435246e+01 4.644594837170853197e+00
3.317080882823435672e+01 4.724110522295497994e+00
3.322080882823435388e+01 4.435963978244268802e+00
3.327080882823435104e+01 3.527944212835288695e+00
3.332080882823435530e+01 2.583447153568977583e+00
3.337080882823435246e+01 1.869671987627997023e+00
3.342080882823435672e+01 1.238241603860002149e+00
3.347080882823435388e+01 1.126943722107187851e+00
3.352080882823435104e+01 9.435941559530113265e-01
3.357080882823435530e+01 9.351670583622085919e-01
3.362080882823435246e+01 9.694773842676194242e-01
3.367080882823435672e+01 9.868131278829845865e-01
3.372080882823435388e+01 1.046404746560803067e+00
3.377080882823435104e+01 1.004329452161009995e+00
3.382080882823435530e+01 8.754550525759502433e-01
3.387080882823435246e+01 7.896792378124237732e-01
3.392080882823435672e+01 6.431681268408985241e-01
3.397080882823435388e+01 4.666204323135840770e-01
3.402080882823435104e+01 3.497847435725279230e-01
3.407080882823435530e+01 2.375237649521933225e-01
3.412080882823435246e+01 1.889475666966383416e-01
3.417080882823435672e+01 1.745011136838338361e-01
3.422080882823435388e+01 1.447654978991446961e-01
3.427080882823435104e+01 1.254433669945187180e-01
3.432080882823435530e+01 1.197249793436169635e-01
3.437080882823435246e+01 1.100940106684139830e-01
3.442080882823435672e+01 1.049173650054923967e-01
3.447080882823435388e+01 1.098532364515339144e-01
3.452080882823435104e+01 1.104551719937340998e-01
3.457080882823435530e+01 1.090105266924536465e-01
3.462080882823435246e+01 9.305923482414872605e-02
3.467080882823435672e+01 7.891374958244434801e-02
3.472080882823435388e+01 5.206742440031607300e-02
3.477080882823435104e+01 3.027735777266934297e-02
3.482080882823435530e+01 1.709496939848527755e-02
3.487080882823435246e+01 9.209613795662843078e-03
3.492080882823435672e+01 3.491226144761077309e-03
3.497080882823435388e+01 1.504838855500464619e-03
3.502080882823435104e+01 9.029033133002785545e-04
3.507080882823435530e+01 4.815484337601486672e-04
3.512080882823435246e+01 6.019355422001858340e-05
3.517080882823435672e+01 1.805806626600557434e-04
3.522080882823435388e+01 1.805806626600557434e-04
3.527080882823435104e+01 6.019355422001858340e-05
3.532080882823435530e+01 0.000000000000000000e+00
3.537080882823435246e+01 0.000000000000000000e+00
3.542080882823435672e+01 0.000000000000000000e+00
3.547080882823435388e+01 0.000000000000000000e+00
3.552080882823435104e+01 0.000000000000000000e+00
3.557080882823435530e+01 0.000000000000000000e+00
3.562080882823435246e+01 0.000000000000000000e+00
3.567080882823435672e+01 0.000000000000000000e+00
3.572080882823435388e+01 0.000000000000000000e+00
3.577080882823435104e+01 0.000000000000000000e+00
3.582080882823435530e+01 0.000000000000000000e+00
3.587080882823435246e+01 0.000000000000000000e+00
3.592080882823435672e+01 0.000000000000000000e+00
3.597080882823435388e+01 0.000000000000000000e+00
3.602080882823435104e+01 0.000000000000000000e+00
3.607080882823435530e+01 0.000000000000000000e+00
3.612080882823435246e+01 0.000000000000000000e+00
3.617080882823435672e+01 0.000000000000000000e+00
3.622080882823435388e+01 0.000000000000000000e+00
3.627080882823435104e+01 0.000000000000000000e+00
3.632080882823435530e+01 0.000000000000000000e+00
3.637080882823435246e+01 0.000000000000000000e+00
3.642080882823435672e+01 0.000000000000000000e+00
3.647080882823435388e+01 0.000000000000000000e+00
3.652080882823435104e+01 0.000000000000000000e+00
3.657080882823435530e+01 0.000000000000000000e+00
3.662080882823435246e+01 0.000000000000000000e+00
3.667080882823435672e+01 0.000000000000000000e+00
3.672080882823435388e+01 0.000000000000000000e+00
3.677080882823435104e+01 0.000000000000000000e+00
3.682080882823435530e+01 0.000000000000000000e+00
3.687080882823435246e+01 0.000000000000000000e+00
3.692080882823435672e+01 0.000000000000000000e+00
3.697080882823435388e+01 0.000000000000000000e+00
3.702080882823435104e+01 0.000000000000000000e+00
3.707080882823435530e+01 0.000000000000000000e+00
3.712080882823435246e+01 0.000000000000000000e+00
3.717080882823435672e+01 0.000000000000000000e+00
3.722080882823435388e+01 0.000000000000000000e+00
3.727080882823435104e+01 0.000000000000000000e+00
3.732080882823435530e+01 0.000000000000000000e+00
