-1.263245526280705455e+01 0.000000000000000000e+00
-1.258245526280705562e+01 0.000000000000000000e+00
-1.253245526280705491e+01 0.000000000000000000e+00
-1.248245526280705420e+01 0.000000000000000000e+00
-1.243245526280705526e+01 0.000000000000000000e+00
-1.238245526280705455e+01 0.000000000000000000e+00
-1.233245526280705562e+01 0.000000000000000000e+00
-1.228245526280705491e+01 0.000000000000000000e+00
-1.223245526280705420e+01 0.000000000000000000e+00
-1.218245526280705526e+01 0.000000000000000000e+00
-1.213245526280705455e+01 0.000000000000000000e+00
-1.208245526280705562e+01 0.000000000000000000e+00
-1.203245526280705491e+01 0.000000000000000000e+00
-1.198245526280705420e+01 0.000000000000000000e+00
-1.193245526280705526e+01 0.000000000000000000e+00
-1.188245526280705455e+01 0.000000000000000000e+00
-1.183245526280705562e+01 0.000000000000000000e+00
-1.178245526280705491e+01 0.000000000000000000e+00
-1.173245526280705420e+01 0.000000000000000000e+00
-1.168245526280705526e+01 0.000000000000000000e+00
-1.163245526280705455e+01 0.000000000000000000e+00
-1.158245526280705562e+01 0.000000000000000000e+00
-1.153245526280705491e+01 0.000000000000000000e+00
-1.148245526280705420e+01 0.000000000000000000e+00
-1.143245526280705526e+01 0.000000000000000000e+00
-1.138245526280705455e+01 0.000000000000000000e+00
-1.133245526280705562e+01 0.000000000000000000e+00
-1.128245526280705491e+01 0.000000000000000000e+00
-1.123245526280705420e+01 0.000000000000000000e+00
-1.118245526280705526e+01 0.000000000000000000e+00
-1.113245526280705455e+01 0.000000000000000000e+00
-1.108245526280705562e+01 0.000000000000000000e+00
-1.103245526280705491e+01 0.000000000000000000e+00
-1.098245526280705420e+01 0.000000000000000000e+00
-1.093245526280705526e+01 0.000000000000000000e+00
-1.088245526280705455e+01 0.000000000000000000e+00
-1.083245526280705562e+01 0.000000000000000000e+00
-1.078245526280705491e+01 0.000000000000000000e+00
-1.073245526280705420e+01 0.000000000000000000e+00
-1.068245526280705526e+01 0.000000000000000000e+00
-1.063245526280705455e+01 0.000000000000000000e+00
-1.058245526280705562e+01 0.000000000000000000e+00
-1.053245526280705491e+01 0.000000000000000000e+00
-1.048245526280705420e+01 0.000000000000000000e+00
-1.043245526280705526e+01 0.000000000000000000e+00
-1.038245526280705455e+01 0.000000000000000000e+00
-1.033245526280705562e+01 0.000000000000000000e+00
-1.028245526280705491e+01 0.000000000000000000e+00
-1.023245526280705420e+01 0.000000000000000000e+00
-1.018245526280705526e+01 0.000000000000000000e+00
-1.013245526280705455e+01 0.000000000000000000e+00
-1.008245526280705562e+01 0.000000000000000000e+00
-1.003245526280705491e+01 0.000000000000000000e+00
-9.982455262807054197e+00 0.000000000000000000e+00
-9.932455262807055263e+00 0.000000000000000000e+00
-9.882455262807054552e+00 0.000000000000000000e+00
-9.832455262807055618e+00 0.000000000000000000e+00
-9.782455262807054908e+00 0.000000000000000000e+00
-9.732455262807054197e+00 0.000000000000000000e+00
-9.682455262807055263e+00 0.000000000000000000e+00
-9.632455262807054552e+00 0.000000000000000000e+00
-9.582455262807055618e+00 0.000000000000000000e+00
-9.532455262807054908e+00 0.000000000000000000e+00
-9.482455262807054197e+00 0.000000000000000000e+00
-9.432455262807055263e+00 0.000000000000000000e+00
-9.382455262807054552e+00 0.000000000000000000e+00
-9.332455262807055618e+00 0.000000000000000000e+00
-9.282455262807054908e+00 0.000000000000000000e+00
-9.232455262807054197e+00 0.000000000000000000e+00
-9.182455262807055263e+00 0.000000000000000000e+00
-9.132455262807054552e+00 0.000000000000000000e+00
-9.082455262807055618e+00 0.000000000000000000e+00
-9.032455262807054908e+00 0.000000000000000000e+00
-8.982455262807054197e+00 0.000000000000000000e+00
-8.932455262807055263e+00 0.000000000000000000e+00
-8.882455262807054552e+00 0.000000000000000000e+00
-8.832455262807055618e+00 0.000000000000000000e+00
-8.782455262807054908e+00 0.000000000000000000e+00
-8.732455262807054197e+00 0.000000000000000000e+00
-8.682455262807055263e+00 0.000000000000000000e+00
-8.632455262807054552e+00 0.000000000000000000e+00
-8.582455262807055618e+00 0.000000000000000000e+00
-8.532455262807054908e+00 0.000000000000000000e+00
-8.482455262807054197e+00 0.000000000000000000e+00
-8.432455262807055263e+00 0.000000000000000000e+00
-8.382455262807054552e+00 0.000000000000000000e+00
-8.332455262807055618e+00 0.000000000000000000e+00
-8.282455262807054908e+00 0.000000000000000000e+00
-8.232455262807054197e+00 0.000000000000000000e+00
-8.182455262807055263e+00 0.000000000000000000e+00
-8.132455262807054552e+00 0.000000000000000000e+00
-8.082455262807055618e+00 0.000000000000000000e+00
-8.032455262807054908e+00 0.000000000000000000e+00
-7.982455262807054197e+00 0.000000000000000000e+00
-7.932455262807055263e+00 0.000000000000000000e+00
-7.882455262807054552e+00 0.000000000000000000e+00
-7.832455262807053842e+00 0.000000000000000000e+00
-7.782455262807054908e+00 0.000000000000000000e+00
-7.732455262807054197e+00 0.000000000000000000e+00
-7.682455262807055263e+00 0.000000000000000000e+00
-7.632455262807054552e+00 0.000000000000000000e+00
-7.582455262807053842e+00 0.000000000000000000e+00
-7.532455262807054908e+00 0.000000000000000000e+00
-7.482455262807054197e+00 0.000000000000000000e+00
-7.432455262807055263e+00 0.000000000000000000e+00
-7.382455262807054552e+00 0.000000000000000000e+00
-7.332455262807053842e+00 0.000000000000000000e+00
-7.282455262807054908e+00 0.000000000000000000e+00
-7.232455262807054197e+00 0.000000000000000000e+00
-7.182455262807055263e+00 0.000000000000000000e+00
-7.132455262807054552e+00 0.000000000000000000e+00
-7.082455262807053842e+00 0.000000000000000000e+00
-7.032455262807054908e+00 0.000000000000000000e+00
-6.982455262807054197e+00 0.000000000000000000e+00
-6.932455262807055263e+00 0.000000000000000000e+00
-6.882455262807054552e+00 0.000000000000000000e+00
-6.832455262807053842e+00 0.000000000000000000e+00
-6.782455262807054908e+00 0.000000000000000000e+00
-6.732455262807054197e+00 0.000000000000000000e+00
-6.682455262807055263e+00 0.000000000000000000e+00
-6.632455262807054552e+00 0.000000000000000000e+00
-6.582455262807053842e+00 0.000000000000000000e+00
-6.532455262807054908e+00 0.000000000000000000e+00
-6.482455262807054197e+00 0.000000000000000000e+00
-6.432455262807055263e+00 0.000000000000000000e+00
-6.382455262807054552e+00 0.000000000000000000e+00
-6.332455262807053842e+00 0.000000000000000000e+00
-6.282455262807054908e+00 0.000000000000000000e+00
-6.232455262807054197e+00 0.000000000000000000e+00
-6.182455262807055263e+00 0.000000000000000000e+00
-6.132455262807054552e+00 0.000000000000000000e+00
-6.082455262807053842e+00 0.000000000000000000e+00
-6.032455262807054908e+00 0.000000000000000000e+00
-5.982455262807054197e+00 0.000000000000000000e+00
-5.932455262807055263e+00 0.000000000000000000e+00
-5.882455262807054552e+00 0.000000000000000000e+00
-5.832455262807053842e+00 0.000000000000000000e+00
-5.782455262807054908e+00 0.000000000000000000e+00
-5.732455262807054197e+00 0.000000000000000000e+00
-5.682455262807055263e+00 0.000000000000000000e+00
-5.632455262807054552e+00 0.000000000000000000e+00
-5.582455262807053842e+00 0.000000000000000000e+00
-5.532455262807054908e+00 0.000000000000000000e+00
-5.482455262807054197e+00 0.000000000000000000e+00
-5.432455262807055263e+00 0.000000000000000000e+00
-5.382455262807054552e+00 0.000000000000000000e+00
-5.332455262807053842e+00 0.000000000000000000e+00
-5.282455262807054908e+00 0.000000000000000000e+00
-5.232455262807054197e+00 0.000000000000000000e+00
-5.182455262807055263e+00 0.000000000000000000e+00
-5.132455262807054552e+00 0.000000000000000000e+00
-5.082455262807053842e+00 0.000000000000000000e+00
-5.032455262807054908e+00 0.000000000000000000e+00
-4.982455262807054197e+00 0.000000000000000000e+00
-4.932455262807055263e+00 0.000000000000000000e+00
-4.882455262807054552e+00 0.000000000000000000e+00
-4.832455262807053842e+00 0.000000000000000000e+00
-4.782455262807054908e+00 0.000000000000000000e+00
-4.732455262807054197e+00 0.000000000000000000e+00
-4.682455262807055263e+00 0.000000000000000000e+00
-4.632455262807054552e+00 0.000000000000000000e+00
-4.582455262807055618e+00 0.000000000000000000e+00
-4.532455262807054908e+00 0.000000000000000000e+00
-4.482455262807054197e+00 0.000000000000000000e+00
-4.432455262807053487e+00 0.000000000000000000e+00
-4.382455262807054552e+00 0.000000000000000000e+00
-4.332455262807055618e+00 0.000000000000000000e+00
-4.282455262807054908e+00 0.000000000000000000e+00
-4.232455262807054197e+00 0.000000000000000000e+00
-4.182455262807053487e+00 0.000000000000000000e+00
-4.132455262807054552e+00 0.000000000000000000e+00
-4.082455262807055618e+00 0.000000000000000000e+00
-4.032455262807054908e+00 0.000000000000000000e+00
-3.982455262807054197e+00 0.000000000000000000e+00
-3.932455262807053487e+00 0.000000000000000000e+00
-3.882455262807054552e+00 0.000000000000000000e+00
-3.832455262807055618e+00 0.000000000000000000e+00
-3.782455262807054908e+00 0.000000000000000000e+00
-3.732455262807054197e+00 0.000000000000000000e+00
-3.682455262807053487e+00 0.000000000000000000e+00
-3.632455262807054552e+00 0.000000000000000000e+00
-3.582455262807055618e+00 0.000000000000000000e+00
-3.532455262807054908e+00 0.000000000000000000e+00
-3.482455262807054197e+00 0.000000000000000000e+00
-3.432455262807053487e+00 0.000000000000000000e+00
-3.382455262807054552e+00 0.000000000000000000e+00
-3.332455262807055618e+00 0.000000000000000000e+00
-3.282455262807054908e+00 0.000000000000000000e+00
-3.232455262807054197e+00 0.000000000000000000e+00
-3.182455262807053487e+00 0.000000000000000000e+00
-3.132455262807054552e+00 0.000000000000000000e+00
-3.082455262807053842e+00 0.000000000000000000e+00
-3.032455262807054908e+00 0.000000000000000000e+00
-2.982455262807054197e+00 0.000000000000000000e+00
-2.932455262807053487e+00 0.000000000000000000e+00
-2.882455262807054552e+00 0.000000000000000000e+00
-2.832455262807053842e+00 0.000000000000000000e+00
-2.782455262807054908e+00 0.000000000000000000e+00
-2.732455262807054197e+00 0.000000000000000000e+00
-2.682455262807053487e+00 0.000000000000000000e+00
-2.632455262807054552e+00 0.000000000000000000e+00
-2.582455262807053842e+00 0.000000000000000000e+00
-2.532455262807054908e+00 0.000000000000000000e+00
-2.482455262807054197e+00 0.000000000000000000e+00
-2.432455262807053487e+00 0.000000000000000000e+00
-2.382455262807054552e+00 0.000000000000000000e+00
-2.332455262807053842e+00 0.000000000000000000e+00
-2.282455262807054908e+00 0.000000000000000000e+00
-2.232455262807054197e+00 0.000000000000000000e+00
-2.182455262807053487e+00 0.000000000000000000e+00
-2.132455262807054552e+00 0.000000000000000000e+00
-2.082455262807053842e+00 0.000000000000000000e+00
-2.032455262807054908e+00 0.000000000000000000e+00
-1.982455262807054197e+00 0.000000000000000000e+00
-1.932455262807053487e+00 0.000000000000000000e+00
-1.882455262807054552e+00 0.000000000000000000e+00
-1.832455262807053842e+00 0.000000000000000000e+00
-1.782455262807054908e+00 0.000000000000000000e+00
-1.732455262807054197e+00 0.000000000000000000e+00
-1.682455262807053487e+00 0.000000000000000000e+00
-1.632455262807054552e+00 0.000000000000000000e+00
-1.582455262807053842e+00 0.000000000000000000e+00
-1.532455262807054908e+00 0.000000000000000000e+00
-1.482455262807054197e+00 0.000000000000000000e+00
-1.432455262807053487e+00 0.000000000000000000e+00
-1.382455262807054552e+00 0.000000000000000000e+00
-1.332455262807053842e+00 0.000000000000000000e+00
-1.282455262807054908e+00 0.000000000000000000e+00
-1.232455262807054197e+00 0.000000000000000000e+00
-1.182455262807053487e+00 0.000000000000000000e+00
-1.132455262807054552e+00 0.000000000000000000e+00
-1.082455262807053842e+00 0.000000000000000000e+00
-1.032455262807054908e+00 0.000000000000000000e+00
-9.824552628070541971e-01 0.000000000000000000e+00
-9.324552628070534865e-01 0.000000000000000000e+00
-8.824552628070545524e-01 0.000000000000000000e+00
-8.324552628070538418e-01 0.000000000000000000e+00
-7.824552628070549076e-01 0.000000000000000000e+00
-7.324552628070541971e-01 0.000000000000000000e+00
-6.824552628070534865e-01 0.000000000000000000e+00
-6.324552628070545524e-01 0.000000000000000000e+00
-5.824552628070538418e-01 0.000000000000000000e+00
-5.324552628070549076e-01 0.000000000000000000e+00
-4.824552628070541971e-01 0.000000000000000000e+00
-4.324552628070534865e-01 0.000000000000000000e+00
-3.824552628070545524e-01 0.000000000000000000e+00
-3.324552628070538418e-01 0.000000000000000000e+00
-2.824552628070549076e-01 3.009978648678261239e-05
-2.324552628070541971e-01 9.029935946034783716e-05
-1.824552628070534865e-01 6.019957297356522477e-05
-1.324552628070545524e-01 1.203991459471304495e-04
-8.245526280705384181e-02 1.203991459471304495e-04
-3.245526280705490763e-02 4.815965837885217982e-04
1.754473719294580292e-02 7.223948756827826972e-04
6.754473719294651346e-02 9.029935946034782631e-04
1.175447371929454476e-01 1.083592313524174046e-03
1.675447371929461582e-01 1.354490391905217557e-03
2.175447371929450924e-01 2.257483986508696146e-03
2.675447371929458029e-01 3.160477581112174084e-03
3.175447371929465135e-01 4.665466905451305137e-03
3.675447371929454476e-01 9.782430608204347941e-03
4.175447371929461582e-01 1.589268726502121934e-02
4.675447371929450924e-01 2.802290121919461321e-02
5.175447371929458029e-01 4.587207460585670388e-02
5.675447371929465135e-01 6.396204628441304330e-02
6.175447371929454476e-01 8.220251689540332418e-02
6.675447371929461582e-01 9.370063533335427908e-02
7.175447371929450924e-01 9.911859690097514497e-02
7.675447371929458029e-01 9.634941654419112989e-02
8.175447371929465135e-01 9.282774152523758093e-02
8.675447371929454476e-01 8.972746351709895429e-02
9.175447371929461582e-01 9.487452700633879077e-02
9.675447371929450924e-01 1.055298514226598317e-01
1.017544737192945803e+00 1.210011416768660975e-01
1.067544737192946513e+00 1.310243705769646994e-01
1.117544737192945448e+00 1.480307499419969142e-01
1.167544737192946158e+00 1.774382413395834968e-01
1.217544737192945092e+00 2.488349348862318733e-01
1.267544737192945803e+00 3.231513077220981578e-01
1.317544737192946513e+00 4.429785577259797158e-01
1.367544737192945448e+00 5.724678391921185217e-01
1.417544737192946158e+00 7.119502497718692702e-01
1.467544737192945092e+00 8.292491177108609612e-01
1.517544737192945803e+00 8.902011853465958691e-01
1.567544737192946513e+00 9.425146142606239952e-01
1.617544737192945448e+00 8.927596671979721732e-01
1.667544737192946158e+00 9.020003016494146930e-01
1.717544737192945092e+00 8.543824394273246137e-01
1.767544737192945803e+00 8.454729026272367332e-01
1.817544737192946513e+00 9.524475438012622863e-01
1.867544737192945448e+00 1.250194631728515748e+00
1.917544737192946158e+00 1.794880367993334058e+00
1.967544737192945092e+00 2.493556611924531818e+00
2.017544737192945803e+00 3.504457941083125583e+00
2.067544737192946513e+00 4.249879153428297585e+00
2.117544737192945448e+00 4.620558024013025289e+00
2.167544737192946158e+00 4.264718348166281814e+00
2.217544737192945092e+00 3.656281264122457131e+00
2.267544737192945803e+00 2.905261491490744863e+00
2.317544737192946513e+00 2.075199679544740050e+00
2.367544737192945448e+00 1.469050179273912127e+00
2.417544737192946158e+00 1.052439034510354254e+00
2.467544737192945092e+00 7.950256604753892509e-01
2.517544737192945803e+00 6.469347109604185464e-01
2.567544737192946513e+00 5.725581385515788879e-01
2.617544737192945448e+00 5.344819086457989199e-01
2.667544737192946158e+00 5.107933766807009057e-01
2.717544737192945092e+00 4.976698697724637466e-01
2.767544737192945803e+00 4.941180949670233025e-01
2.817544737192946513e+00 4.800313948912091067e-01
2.867544737192945448e+00 5.004691499157344348e-01
2.917544737192946158e+00 5.360771973295983539e-01
2.967544737192945092e+00 5.821298706543757140e-01
3.017544737192945803e+00 6.075039906627335284e-01
3.067544737192946513e+00 7.153816254313623002e-01
3.117544737192945448e+00 7.291673276423087380e-01
3.167544737192946158e+00 8.126641353566438353e-01
3.217544737192945092e+00 8.383693530163560670e-01
3.267544737192945803e+00 9.374277503443577686e-01
3.317544737192946513e+00 9.427554125525182682e-01
3.367544737192943671e+00 1.018847672791104664e+00
3.417544737192947935e+00 1.063666254869924055e+00
3.467544737192945092e+00 1.165463732768222904e+00
3.517544737192945803e+00 1.204864353279421207e+00
3.567544737192946513e+00 1.277645637004461765e+00
3.617544737192943671e+00 1.325353798586011989e+00
3.667544737192947935e+00 1.338958902078037694e+00
3.717544737192945092e+00 1.314909172675098326e+00
3.767544737192945803e+00 1.361202644291770181e+00
3.817544737192946513e+00 1.325805295383313487e+00
3.867544737192943671e+00 1.318340548334591578e+00
3.917544737192947935e+00 1.303079956585792898e+00
3.967544737192945092e+00 1.237582821190554183e+00
4.017544737192945803e+00 1.251699621052855038e+00
4.067544737192946513e+00 1.218349057625500054e+00
4.117544737192943671e+00 1.151015835254567188e+00
4.167544737192947935e+00 1.125732014605669740e+00
4.217544737192945092e+00 1.055388813586058738e+00
4.267544737192945803e+00 1.010239133855884930e+00
4.317544737192946513e+00 9.635844648013718317e-01
4.367544737192943671e+00 9.283677146118360923e-01
4.417544737192947935e+00 9.238828464253056039e-01
4.467544737192945092e+00 8.595295029165641587e-01
4.517544737192945803e+00 8.454127030542633037e-01
4.567544737192946513e+00 7.839489390482532460e-01
4.617544737192943671e+00 7.904504929293981741e-01
4.667544737192947935e+00 7.468660020965369739e-01
4.717544737192945092e+00 7.081275768880477273e-01
4.767544737192945803e+00 6.555131501091515656e-01
4.817544737192946513e+00 6.522021735956057276e-01
4.867544737192943671e+00 6.173767206303982791e-01
4.917544737192947935e+00 6.121092579952110979e-01
4.967544737192945092e+00 5.948620803382846933e-01
5.017544737192945803e+00 6.379047750143839179e-01
5.067544737192946513e+00 6.316139196386463261e-01
5.117544737192943671e+00 6.699911474092941077e-01
5.167544737192947935e+00 6.762218032120581590e-01
5.217544737192945092e+00 7.619459951264150321e-01
5.267544737192945803e+00 7.972530446754110267e-01
5.317544737192946513e+00 8.317774997757507727e-01
5.367544737192943671e+00 9.218360609442043385e-01
5.417544737192947935e+00 9.757146787555450729e-01
5.467544737192945092e+00 1.067157830102390736e+00
5.517544737192945803e+00 1.124016326775923114e+00
5.567544737192946513e+00 1.210372614206502551e+00
5.617544737192943671e+00 1.229907375636424494e+00
5.667544737192947935e+00 1.310996200431816749e+00
5.717544737192945092e+00 1.367674098386428616e+00
5.767544737192945803e+00 1.409211803738188440e+00
5.817544737192946513e+00 1.413094676194983412e+00
5.867544737192943671e+00 1.471578561338801938e+00
5.917544737192947935e+00 1.476545026109120862e+00
5.967544737192945092e+00 1.482595083192964402e+00
6.017544737192945803e+00 1.434585923746546143e+00
6.067544737192946513e+00 1.418813635627472092e+00
6.117544737192943671e+00 1.386727263232561569e+00
6.167544737192947935e+00 1.430281654278936276e+00
6.217544737192945092e+00 1.323969208407620224e+00
6.267544737192945803e+00 1.244806769947381708e+00
6.317544737192946513e+00 1.220606541612008655e+00
6.367544737192943671e+00 1.172597382165590174e+00
6.417544737192947935e+00 1.143340389700437720e+00
6.467544737192945092e+00 1.061047573445573988e+00
6.517544737192949356e+00 1.005092070366645052e+00
6.567544737192946513e+00 9.494977647255575803e-01
6.617544737192943671e+00 9.135887194468257366e-01
6.667544737192947935e+00 9.110001378089626067e-01
6.717544737192945092e+00 8.876728032817060576e-01
6.767544737192949356e+00 8.856260178006049033e-01
6.817544737192946513e+00 8.811712494005609075e-01
6.867544737192943671e+00 8.668437510328524942e-01
6.917544737192947935e+00 8.367138647595830925e-01
6.967544737192945092e+00 8.424328241920717719e-01
7.017544737192949356e+00 8.509510637678312506e-01
7.067544737192946513e+00 8.147711204107186411e-01
7.117544737192943671e+00 8.642852691814757460e-01
7.167544737192947935e+00 8.772883769437660462e-01
7.217544737192945092e+00 8.841210284762657245e-01
7.267544737192949356e+00 9.161171015117155481e-01
7.317544737192946513e+00 8.783719692572902193e-01
7.367544737192943671e+00 8.814722472654288321e-01
7.417544737192947935e+00 9.170200951063190997e-01
7.467544737192945092e+00 8.973649345304500757e-01
7.517544737192949356e+00 8.985388262034345042e-01
7.567544737192946513e+00 9.229196532577284007e-01
7.617544737192943671e+00 9.442002023038837955e-01
7.667544737192947935e+00 9.475412786039166813e-01
7.717544737192945092e+00 1.006536860118010468e+00
7.767544737192949356e+00 1.009998335563990546e+00
7.817544737192946513e+00 1.001118898550389602e+00
7.867544737192943671e+00 1.067970524337533922e+00
7.917544737192947935e+00 1.115889384424491704e+00
7.967544737192945092e+00 1.050753446467094232e+00
8.017544737192949356e+00 1.030044793364187861e+00
8.067544737192946513e+00 1.075074073948414588e+00
8.117544737192943671e+00 1.076308165194372668e+00
8.167544737192947935e+00 1.054365420845507995e+00
8.217544737192945092e+00 1.045756881910288261e+00
8.267544737192949356e+00 1.046148179134616552e+00
8.317544737192946513e+00 1.055629611877953122e+00
8.367544737192943671e+00 1.038803831231841501e+00
8.417544737192947935e+00 1.035372455572348249e+00
8.467544737192945092e+00 1.016409590085675330e+00
8.517544737192949356e+00 9.921190623908416883e-01
8.567544737192946513e+00 1.015626995637018970e+00
8.617544737192943671e+00 9.948581429611389471e-01
8.667544737192947935e+00 9.789353559096309887e-01
8.717544737192945092e+00 9.922695613232755951e-01
8.767544737192949356e+00 9.906140730665026206e-01
8.817544737192946513e+00 1.005061970580158448e+00
8.867544737192943671e+00 9.421835166092693559e-01
8.917544737192947935e+00 1.010058535136964197e+00
8.967544737192945092e+00 9.914568670881325207e-01
9.017544737192949356e+00 9.851359119259082142e-01
9.067544737192946513e+00 1.005513467377459946e+00
9.117544737192943671e+00 1.038322234648052955e+00
9.167544737192947935e+00 9.892896824610841744e-01
9.217544737192945092e+00 1.030345791229055674e+00
9.267544737192949356e+00 1.030526389947976185e+00
9.317544737192946513e+00 1.042054608172414021e+00
9.367544737192943671e+00 1.082689319929570626e+00
9.417544737192947935e+00 1.086391593667444866e+00
9.467544737192945092e+00 1.091899854594526209e+00
9.517544737192949356e+00 1.053432327464418172e+00
9.567544737192946513e+00 1.078896746832236131e+00
9.617544737192943671e+00 1.097468315094580760e+00
9.667544737192947935e+00 1.089401572316123001e+00
9.717544737192945092e+00 1.064840146542908483e+00
9.767544737192949356e+00 1.061378671096928406e+00
9.817544737192946513e+00 1.104090268121673102e+00
9.867544737192943671e+00 1.096535221713490493e+00
9.917544737192947935e+00 1.124708621865119218e+00
9.967544737192945092e+00 1.097739213172961747e+00
1.001754473719294936e+01 1.097799412745935399e+00
1.006754473719294651e+01 1.040188421410233488e+00
1.011754473719294367e+01 1.076669362632214133e+00
1.016754473719294793e+01 1.027426111939837572e+00
1.021754473719294509e+01 1.032151778418262555e+00
1.026754473719294936e+01 1.035402555358835075e+00
1.031754473719294651e+01 9.920889626043549736e-01
1.036754473719294367e+01 1.000396503674707116e+00
1.041754473719294793e+01 1.004098777412581134e+00
1.046754473719294509e+01 9.703569167608978585e-01
1.051754473719294936e+01 9.849252134205006559e-01
1.056754473719294651e+01 9.542836307769558823e-01
1.061754473719294367e+01 9.744203879366135634e-01
1.066754473719294793e+01 9.561799173256233519e-01
1.071754473719294509e+01 9.646379573284091791e-01
1.076754473719294936e+01 9.663536451581558051e-01
1.081754473719294651e+01 9.879050922826921877e-01
1.086754473719294367e+01 9.694539231662945289e-01
1.091754473719294793e+01 9.572635096391475251e-01
1.096754473719294509e+01 9.760457764068998232e-01
1.101754473719294936e+01 9.810122411772188578e-01
1.106754473719294651e+01 9.549458260796651610e-01
1.111754473719294367e+01 9.697850208176489462e-01
1.116754473719294793e+01 9.208427679901405316e-01
1.121754473719294509e+01 9.506415566120551830e-01
1.126754473719294936e+01 9.746009866555340739e-01
1.131754473719294651e+01 9.290600097010320857e-01
1.136754473719294367e+01 1.022309148237084742e+00
1.141754473719294793e+01 1.022188749091137661e+00
1.146754473719294509e+01 9.481131745471653716e-01
1.151754473719294936e+01 9.908247715719099569e-01
1.156754473719294651e+01 9.978380218233304788e-01
1.161754473719294367e+01 9.833299247367012219e-01
1.166754473719294793e+01 9.817346360529017879e-01
1.171754473719294509e+01 1.007199055420719747e+00
1.176754473719294936e+01 1.031609982261500580e+00
1.181754473719294651e+01 1.031128385677712034e+00
1.186754473719294367e+01 1.051054444331962268e+00
1.191754473719294793e+01 1.044492690877843355e+00
1.196754473719294509e+01 1.051656440061697673e+00
1.201754473719294936e+01 1.040218521196720536e+00
1.206754473719294651e+01 1.028058207456060025e+00
1.211754473719294367e+01 1.037720238918317328e+00
1.216754473719294793e+01 1.056472405899582911e+00
1.221754473719294509e+01 1.039405826961577128e+00
1.226754473719294936e+01 1.032934372866918915e+00
1.231754473719294651e+01 9.965738307908855731e-01
1.236754473719294367e+01 1.044883988102171646e+00
1.241754473719294793e+01 1.059151286896906408e+00
1.246754473719294509e+01 1.044552890450817006e+00
1.251754473719294936e+01 1.057826896291488072e+00
1.256754473719294651e+01 1.067127730315903911e+00
1.261754473719294367e+01 1.014242405458626983e+00
1.266754473719294793e+01 1.038141635929132223e+00
1.271754473719294509e+01 1.062070966186124288e+00
1.276754473719294936e+01 9.970554273746740082e-01
1.281754473719294651e+01 1.015988193074860213e+00
1.286754473719294367e+01 1.044914087888658472e+00
1.291754473719294793e+01 1.006747558623418026e+00
1.296754473719294509e+01 1.007620452431534641e+00
1.301754473719294936e+01 1.046238478494076807e+00
1.306754473719294651e+01 1.024145235212778449e+00
1.311754473719294367e+01 1.024145235212778449e+00
1.316754473719294793e+01 1.036636646604793155e+00
1.321754473719294509e+01 1.038803831231841501e+00
1.326754473719294936e+01 1.059151286896906408e+00
1.331754473719294651e+01 1.011232426809948848e+00
1.336754473719294367e+01 1.015927993501886561e+00
1.341754473719294793e+01 9.941056482989694132e-01
1.346754473719294509e+01 1.074863375443007030e+00
1.351754473719294936e+01 1.004730872928803587e+00
1.356754473719294651e+01 1.016590188804595840e+00
1.361754473719294367e+01 1.036757045750740236e+00
1.366754473719294793e+01 1.011021728304541067e+00
1.371754473719294509e+01 1.019931265104628837e+00
1.376754473719294936e+01 9.941658478719428427e-01
1.381754473719294651e+01 9.935638521422073266e-01
1.386754473719294367e+01 9.963029327125044743e-01
1.391754473719294793e+01 1.045907380842722167e+00
1.396754473719294509e+01 1.003045284885543786e+00
1.401754473719294936e+01 1.013580210155917483e+00
1.406754473719294651e+01 1.031007986531764953e+00
1.411754473719294367e+01 1.029623396353372966e+00
1.416754473719294793e+01 1.048345463548151724e+00
1.421754473719294509e+01 1.004730872928803587e+00
1.426754473719294936e+01 1.004941571434211145e+00
1.431754473719294651e+01 1.006326161612603132e+00
1.436754473719294367e+01 1.012346118909959625e+00
1.441754473719294793e+01 1.000998499404442743e+00
1.446754473719294509e+01 1.024506432650619914e+00
1.451754473719294936e+01 1.021646952934375463e+00
1.456754473719294651e+01 1.032573175429077672e+00
1.461754473719294367e+01 1.026794016423615341e+00
1.466754473719294793e+01 1.038081436356158793e+00
1.471754473719294509e+01 1.000065406023352255e+00
1.476754473719294936e+01 1.008403046880191001e+00
1.481754473719294651e+01 1.017222284320818293e+00
1.486754473719294367e+01 1.002352989796347682e+00
1.491754473719294793e+01 9.809520416042452062e-01
1.496754473719294509e+01 1.010209034069398104e+00
1.501754473719294936e+01 9.755942796095979919e-01
1.506754473719294651e+01 9.969952278017004677e-01
1.511754473719294367e+01 9.581364034472641400e-01
1.516754473719294793e+01 9.950688414665463943e-01
1.521754473719294509e+01 1.007018456701799014e+00
1.526754473719294936e+01 9.947076440287050403e-01
1.531754473719294651e+01 1.028840801904716606e+00
1.536754473719294367e+01 9.812530394691132418e-01
1.541754473719294793e+01 9.846844151286062718e-01
1.546754473719294509e+01 1.031910980126368393e+00
1.551754473719294936e+01 9.719823052311840073e-01
1.556754473719294651e+01 9.564508154040042287e-01
1.561754473719294367e+01 9.844737166231988246e-01
1.566754473719294793e+01 9.605744861526934741e-01
1.571754473719294509e+01 1.019178770442459303e+00
1.576754473719294936e+01 9.659021483608540848e-01
1.581754473719294651e+01 1.003075384672030612e+00
1.586754473719294367e+01 9.801092475826155281e-01
1.591754473719294793e+01 1.009877936418043465e+00
1.596754473719294509e+01 9.984701173395528206e-01
1.601754473719294936e+01 1.020262362755983476e+00
1.606754473719294651e+01 9.983798179800924544e-01
1.611754473719294367e+01 1.005362968445026040e+00
1.616754473719294793e+01 1.025258927312789226e+00
1.621754473719294509e+01 1.019419568734353465e+00
1.626754473719294936e+01 1.038653332299407595e+00
1.631754473719294651e+01 1.032844073507458660e+00
1.636754473719294367e+01 1.036877444896687317e+00
1.641754473719294793e+01 1.007199055420719747e+00
1.646754473719294509e+01 1.041783710094032811e+00
1.651754473719294936e+01 1.026763916637128515e+00
1.656754473719294651e+01 9.681897321338495122e-01
1.661754473719294367e+01 1.035823952369650192e+00
1.666754473719294793e+01 9.914869668746193465e-01
1.671754473719294509e+01 1.026222120480366540e+00
1.676754473719294936e+01 1.048586261840045886e+00
1.681754473719294651e+01 1.032994572439892345e+00
1.686754473719294367e+01 1.073418585691641391e+00
1.691754473719294793e+01 1.065713040351025320e+00
1.696754473719294509e+01 1.019991464677602266e+00
1.701754473719294936e+01 1.044281992372436019e+00
1.706754473719294651e+01 1.053462427250904554e+00
1.711754473719294367e+01 1.060626176434759094e+00
1.716754473719294793e+01 1.029111699983097594e+00
1.721754473719294509e+01 1.044522790664330181e+00
1.726754473719294936e+01 1.036305548953438516e+00
1.731754473719294651e+01 1.048887259704913477e+00
1.736754473719294367e+01 1.028630103399309048e+00
1.741754473719294793e+01 1.021315855283020824e+00
1.746754473719294509e+01 1.007801051150455374e+00
1.751754473719294936e+01 9.984099177665792801e-01
1.756754473719294651e+01 1.006386361185576561e+00
1.761754473719294367e+01 1.005573666950433598e+00
1.766754473719294793e+01 9.871525976205225428e-01
1.771754473719294509e+01 1.019780766172194930e+00
1.776754473719294936e+01 1.019840965745168582e+00
1.781754473719294651e+01 1.001209197909850079e+00
1.786754473719294367e+01 9.680091334149287796e-01
1.791754473719294793e+01 9.988313147773941747e-01
1.796754473719294509e+01 9.877244935637714551e-01
1.801754473719294936e+01 1.002894785953109880e+00
1.806754473719294651e+01 1.001901492999046184e+00
1.811754473719294367e+01 9.906140730665026206e-01
1.816754473719294793e+01 9.438992044390159819e-01
1.821754473719294509e+01 1.002834586380136228e+00
1.826754473719294936e+01 1.010419732574805440e+00
1.831754473719294651e+01 9.634038660824510991e-01
1.836754473719294367e+01 9.774905661582653504e-01
1.841754473719294793e+01 9.839620202529235637e-01
1.846754473719294509e+01 9.922695613232755951e-01
1.851754473719294936e+01 9.799587486501815103e-01
1.856754473719294651e+01 9.638553628797528194e-01
1.861754473719294367e+01 9.876642939907978036e-01
1.866754473719294793e+01 1.017041685601897782e+00
1.871754473719294509e+01 9.981992192611719439e-01
1.876754473719294936e+01 1.027335812580377539e+00
1.881754473719294651e+01 9.744805875095869929e-01
1.886754473719294367e+01 9.733066958366025645e-01
1.891754473719294793e+01 1.011232426809948848e+00
1.896754473719294509e+01 1.023272341404661612e+00
1.901754473719294936e+01 9.946173446692446740e-01
1.906754473719294651e+01 1.008613745385598559e+00
1.911754473719294367e+01 9.871826974070092575e-01
1.916754473719294793e+01 1.002383089582834730e+00
1.921754473719294509e+01 1.020954657845179359e+00
1.926754473719294936e+01 1.054124622553614055e+00
1.931754473719294651e+01 1.022218848877624264e+00
1.936754473719295078e+01 9.970855271611609449e-01
1.941754473719294793e+01 9.929317566259847627e-01
1.946754473719294509e+01 1.046388977426510936e+00
1.951754473719294225e+01 1.045847181269748738e+00
1.956754473719294651e+01 1.042325506250795009e+00
1.961754473719295078e+01 1.045937480629208993e+00
1.966754473719294793e+01 1.035643353650729237e+00
1.971754473719294509e+01 1.016198891580267771e+00
1.976754473719294225e+01 1.055298514226598483e+00
1.981754473719294651e+01 1.027335812580377539e+00
1.986754473719295078e+01 1.046539476358944842e+00
1.991754473719294793e+01 1.051054444331962268e+00
1.996754473719294509e+01 1.009035142396413454e+00
2.001754473719294225e+01 1.054907217002270192e+00
2.006754473719294651e+01 1.032964472653405741e+00
2.011754473719295078e+01 1.029081600196610768e+00
2.016754473719294793e+01 1.024957929447921634e+00
2.021754473719294509e+01 1.014091906526193076e+00
2.026754473719294225e+01 1.030887587385817872e+00
2.031754473719294651e+01 1.016830987096490224e+00
2.036754473719295078e+01 1.029232099129044675e+00
2.041754473719294793e+01 1.022399447596544997e+00
2.046754473719294509e+01 1.026673617277668260e+00
2.051754473719294225e+01 1.034017965180443088e+00
2.056754473719294651e+01 1.075134273521388240e+00
2.061754473719295078e+01 1.036636646604793155e+00
2.066754473719294793e+01 1.014362804604574064e+00
2.071754473719294509e+01 1.043710096429186995e+00
2.076754473719294225e+01 1.042476005183229137e+00
2.081754473719294651e+01 1.016590188804595840e+00
2.086754473719295078e+01 1.052228336004946474e+00
2.091754473719294793e+01 1.013881208020785518e+00
2.096754473719294509e+01 1.023784037774936984e+00
2.101754473719294225e+01 9.918180645259739858e-01
2.106754473719294651e+01 1.020081764037062744e+00
2.111754473719295078e+01 9.778216638096199897e-01
2.116754473719294793e+01 1.006115463107195573e+00
2.121754473719294509e+01 1.012406318482933054e+00
2.126754473719294225e+01 1.023332540977635263e+00
2.131754473719294651e+01 9.699355197500829640e-01
2.136754473719295078e+01 9.926006589746301234e-01
2.141754473719294793e+01 1.010690630653186650e+00
2.146754473719294509e+01 9.773099674393447289e-01
2.151754473719294225e+01 9.823366317826375260e-01
2.156754473719294651e+01 9.840523196123839300e-01
2.161754473719295078e+01 1.015536696277558715e+00
2.166754473719294793e+01 9.850456125664476259e-01
2.171754473719294509e+01 9.973263254530551070e-01
2.176754473719294225e+01 9.641262609581338072e-01
2.181754473719294651e+01 9.910956696502910557e-01
2.186754473719295078e+01 1.000306204315246639e+00
2.191754473719294793e+01 9.671663393932988795e-01
2.196754473719294509e+01 1.010329433215345185e+00
2.201754473719294225e+01 9.854369097907760278e-01
2.206754473719294651e+01 1.036636646604793155e+00
2.211754473719295078e+01 9.801995469420758944e-01
2.216754473719294793e+01 9.945270453097841967e-01
2.221754473719294509e+01 9.826075298610184028e-01
2.226754473719294225e+01 9.913063681556987250e-01
2.231754473719294651e+01 9.645175581824618760e-01
2.236754473719295078e+01 9.750524834528361273e-01
2.241754473719294793e+01 9.764972732042015435e-01
2.246754473719294509e+01 1.033024672226379170e+00
2.251754473719294225e+01 9.774303665852918099e-01
2.256754473719294651e+01 1.010028435350477372e+00
2.261754473719295078e+01 1.000577102393627626e+00
2.266754473719294793e+01 9.955805378368216552e-01
2.271754473719294509e+01 9.816142369069545959e-01
2.276754473719294225e+01 1.026312419839826573e+00
2.281754473719294651e+01 1.034198563899363821e+00
2.286754473719295078e+01 1.021044957204639836e+00
2.291754473719294793e+01 1.008704044745058814e+00
2.296754473719294509e+01 9.961825335665573933e-01
2.301754473719294225e+01 1.025168627953329192e+00
2.306754473719294651e+01 1.049278556929241990e+00
2.311754473719295078e+01 1.003948278480147227e+00
2.316754473719294793e+01 1.030646789093923488e+00
2.321754473719294509e+01 1.094909833243204345e+00
2.326754473719294225e+01 1.055148015294164576e+00
2.331754473719294651e+01 1.072666091029471858e+00
2.336754473719295078e+01 1.049188257569781513e+00
2.341754473719294793e+01 1.043469298137292833e+00
2.346754473719294509e+01 1.064418749532093589e+00
2.351754473719294225e+01 1.040790417139969115e+00
2.356754473719294651e+01 1.073569084624075520e+00
2.361754473719295078e+01 1.023964636493857716e+00
2.366754473719294793e+01 1.045004387248118727e+00
2.371754473719294509e+01 1.032964472653405741e+00
2.376754473719294225e+01 1.027456211726324620e+00
2.381754473719294651e+01 1.019088471082998826e+00
2.386754473719295078e+01 1.049760153513030314e+00
2.391754473719294793e+01 1.015325997772151156e+00
2.396754473719294509e+01 9.997644081584845521e-01
2.401754473719294225e+01 9.687315282906117098e-01
2.406754473719294651e+01 9.453439941903813981e-01
2.411754473719295078e+01 1.004730872928803587e+00
2.416754473719294793e+01 9.804704450204568822e-01
2.421754473719294509e+01 9.334244787416157152e-01
2.426754473719294225e+01 9.933230538503129425e-01
2.431754473719294651e+01 9.257490331874861367e-01
2.436754473719295078e+01 9.784236595393557279e-01
2.441754473719294793e+01 9.278259184550740057e-01
2.446754473719294509e+01 9.482937732660862151e-01
2.451754473719294225e+01 9.803500458745096902e-01
2.456754473719294651e+01 1.009306040474794663e+00
2.461754473719295078e+01 9.917578649530002233e-01
2.466754473719294793e+01 9.908247715719099569e-01
2.471754473719294509e+01 9.822162326366902230e-01
2.476754473719294225e+01 1.013279212291049891e+00
2.481754473719294651e+01 1.003376382536898426e+00
2.486754473719295078e+01 1.000667401753087882e+00
2.491754473719294793e+01 9.945571450962710225e-01
2.496754473719294509e+01 1.036335648739925341e+00
2.501754473719294225e+01 1.039857323758879071e+00
2.506754473719294651e+01 1.015596895850532144e+00
2.511754473719295078e+01 1.044974287461632123e+00
2.516754473719294793e+01 1.044733489169737739e+00
2.521754473719294509e+01 1.057676397359054388e+00
2.526754473719294225e+01 1.065502341845617540e+00
2.531754473719294651e+01 1.106558450613589262e+00
2.536754473719295078e+01 1.062010766613151080e+00
2.541754473719294793e+01 1.090214266551266187e+00
2.546754473719294509e+01 1.073749683342996253e+00
2.551754473719294225e+01 1.099545200362168851e+00
2.556754473719294651e+01 1.102043482640571836e+00
2.561754473719295078e+01 1.114534894032586543e+00
2.566754473719294793e+01 1.061258271950981324e+00
2.571754473719294509e+01 1.093194145413457719e+00
2.576754473719294936e+01 1.030887587385817872e+00
2.581754473719294651e+01 1.061950567040177207e+00
2.586754473719295078e+01 1.078174351956553201e+00
2.591754473719294793e+01 1.065652840778051447e+00
2.596754473719294509e+01 1.054184822126587484e+00
2.601754473719294936e+01 1.018486475353263199e+00
2.606754473719294651e+01 1.008794344104519514e+00
2.611754473719295078e+01 9.999751066638919994e-01
2.616754473719294793e+01 9.690325261554794123e-01
2.621754473719294509e+01 9.898314786178462610e-01
2.626754473719294936e+01 9.732464962636290240e-01
2.631754473719294651e+01 9.762263751258204447e-01
2.636754473719295078e+01 9.383006441524743835e-01
2.641754473719294793e+01 9.629824690716360935e-01
2.646754473719294509e+01 9.609958831635083687e-01
2.651754473719294936e+01 9.483238730525729299e-01
2.656754473719294651e+01 9.294212071388735508e-01
2.661754473719295078e+01 9.499492615228593007e-01
2.666754473719294793e+01 9.373073511984106876e-01
2.671754473719294509e+01 9.922695613232755951e-01
2.676754473719294936e+01 9.746912860149945512e-01
2.681754473719294651e+01 9.900722769097404230e-01
2.686754473719295078e+01 1.010299333428858359e+00
2.691754473719294793e+01 1.011473225101843010e+00
2.696754473719294509e+01 1.045455884045420669e+00
2.701754473719294936e+01 1.035312255999374598e+00
2.706754473719294651e+01 1.051505941129263988e+00
2.711754473719295078e+01 1.009366240047768093e+00
2.716754473719294793e+01 1.051776839207644976e+00
2.721754473719294509e+01 1.053402227677931124e+00
2.726754473719294936e+01 1.047653168458955619e+00
2.731754473719294651e+01 1.071311600637566697e+00
2.736754473719295078e+01 1.055960709529307540e+00
2.741754473719294793e+01 1.052619633229274543e+00
2.746754473719294509e+01 1.047352170594087806e+00
2.751754473719294936e+01 1.039165028669682744e+00
2.756754473719294651e+01 1.032272177564209859e+00
2.761754473719295078e+01 9.988915143503678262e-01
2.766754473719294793e+01 9.859185063745644628e-01
2.771754473719294509e+01 9.799888484366682251e-01
2.776754473719294936e+01 9.749019845204021095e-01
2.781754473719294651e+01 9.766176723501486245e-01
2.786754473719295078e+01 9.682499317068231637e-01
2.791754473719294793e+01 9.571130107067133963e-01
2.796754473719294509e+01 9.230701521901623074e-01
2.801754473719294936e+01 9.274948208037193664e-01
2.806754473719294651e+01 8.843919265546468234e-01
2.811754473719295078e+01 8.856862173735784438e-01
2.816754473719294793e+01 8.228679629756631142e-01
2.821754473719294509e+01 8.827063385113869121e-01
2.826754473719294936e+01 8.342456822676669326e-01
2.831754473719294651e+01 8.460748983569725823e-01
2.836754473719295078e+01 8.809304511086667455e-01
2.841754473719294793e+01 8.469477921650891972e-01
2.846754473719294509e+01 9.034149916142932835e-01
2.851754473719294936e+01 8.843618267681598866e-01
2.856754473719294651e+01 8.829170370167943593e-01
2.861754473719295078e+01 8.793351624248673115e-01
2.866754473719294793e+01 9.689422267960190460e-01
2.871754473719294509e+01 9.418524189579147166e-01
2.876754473719294936e+01 1.037058043615608272e+00
2.881754473719294651e+01 1.093013546694536986e+00
2.886754473719295078e+01 1.138735122367959596e+00
2.891754473719294793e+01 1.169918501168266678e+00
2.896754473719294509e+01 1.215700276414662939e+00
2.901754473719294936e+01 1.259495465752931587e+00
2.906754473719294651e+01 1.351179415391671412e+00
2.911754473719295078e+01 1.348169436742993055e+00
2.916754473719294793e+01 1.376342836894621557e+00
2.921754473719294509e+01 1.462699124325200994e+00
2.926754473719294936e+01 1.427361974989718174e+00
2.931754473719294651e+01 1.494454399068756878e+00
2.936754473719295078e+01 1.442562367165543424e+00
2.941754473719294793e+01 1.375259244581097606e+00
2.946754473719294509e+01 1.391994725867748750e+00
2.951754473719294936e+01 1.346574148059193732e+00
2.956754473719294651e+01 1.329959065918489891e+00
2.961754473719295078e+01 1.246040861193339788e+00
2.966754473719294793e+01 1.200800882103705725e+00
2.971754473719294509e+01 1.126996205638114645e+00
2.976754473719294936e+01 1.094608835378336309e+00
2.981754473719294651e+01 1.017764080477580713e+00
2.986754473719295078e+01 9.482335736931125636e-01
2.991754473719294793e+01 9.014284057061656696e-01
2.996754473719294509e+01 8.592285050516963452e-01
3.001754473719294936e+01 8.446000088191201183e-01
3.006754473719294651e+01 7.838887394752795945e-01
3.011754473719295078e+01 7.377457667910419792e-01
3.016754473719294793e+01 7.219132790989941650e-01
3.021754473719294509e+01 6.730914254174327205e-01
3.026754473719294936e+01 6.771247968066617107e-01
3.031754473719294651e+01 6.261658582845387455e-01
3.036754473719295078e+01 6.598776191497353061e-01
3.041754473719294793e+01 6.412759511009035185e-01
3.046754473719294509e+01 6.405535562252206994e-01
3.051754473719294936e+01 6.485600994307049172e-01
3.056754473719294651e+01 6.680948608606268602e-01
3.061754473719295078e+01 7.405751467207993821e-01
3.066754473719294793e+01 7.564979337723074515e-01
3.071754473719294509e+01 7.716381263751590502e-01
3.076754473719294936e+01 8.193763877431963216e-01
3.081754473719294651e+01 8.520045562948687090e-01
3.086754473719295078e+01 8.664524538085243144e-01
3.091754473719294793e+01 8.895991896168600199e-01
3.096754473719294509e+01 9.328224830118800881e-01
3.101754473719294936e+01 9.445914995282118642e-01
3.106754473719294651e+01 9.863098035988926426e-01
3.111754473719295078e+01 1.029051500410123943e+00
3.116754473719294793e+01 1.072696190815958683e+00
3.121754473719294509e+01 1.134882349697651893e+00
3.126754473719294936e+01 1.190055258327924248e+00
3.131754473719294651e+01 1.238666413504078134e+00
3.136754473719295078e+01 1.298474689253315217e+00
3.141754473719294793e+01 1.332637946915813387e+00
3.146754473719294509e+01 1.360871546640415541e+00
3.151754473719294936e+01 1.414358867227428096e+00
3.156754473719294651e+01 1.404967733843552002e+00
3.161754473719295078e+01 1.408579708221966209e+00
3.166754473719294793e+01 1.364694219524237084e+00
3.171754473719294509e+01 1.346393549340273221e+00
3.176754473719294936e+01 1.207001438119982950e+00
3.181754473719294651e+01 1.136056241370636100e+00
3.186754473719295078e+01 1.065502341845617540e+00
3.191754473719294793e+01 9.563003164715704330e-01
3.196754473719294509e+01 9.149131100522444049e-01
3.201754473719294936e+01 8.375867585676998184e-01
3.206754473719294651e+01 7.431336285721759083e-01
3.211754473719295078e+01 6.785394867715405232e-01
3.216754473719294793e+01 6.276708476088777022e-01
3.221754473719294509e+01 5.836649597652016075e-01
3.226754473719294936e+01 5.362276962620322607e-01
3.231754473719294651e+01 5.082950944022979201e-01
3.236754473719295078e+01 4.768107177371233574e-01
3.241754473719294793e+01 4.651922001532252660e-01
3.246754473719294509e+01 4.633260133910447331e-01
3.251754473719294936e+01 5.240372827348852569e-01
3.256754473719294651e+01 5.071814023022870321e-01
3.261754473719295078e+01 5.282512528430348686e-01
3.266754473719294793e+01 5.680732703650482884e-01
3.271754473719294509e+01 6.044338124410816304e-01
3.276754473719294936e+01 7.603808062291023129e-01
3.281754473719294651e+01 9.701161184690036965e-01
3.286754473719295078e+01 1.369148987924280414e+00
3.291754473719294793e+01 1.910583947248526426e+00
3.296754473719294509e+01 2.715843535129422115e+00
3.301754473719294936e+01 3.586419659686634898e+00
3.306754473719294651e+01 4.269263415925784955e+00
3.311754473719295078e+01 4.777107013530781821e+00
3.316754473719294793e+01 4.547686440928524476e+00
3.321754473719294509e+01 3.805485905737438390e+00
3.326754473719294936e+01 2.805601098433007756e+00
3.331754473719294651e+01 1.930359506970342753e+00
3.336754473719295078e+01 1.344045765994303920e+00
3.341754473719294793e+01 1.036877444896687317e+00
3.346754473719294509e+01 9.008565097629167573e-01
3.351754473719294936e+01 8.140788253215225367e-01
3.356754473719294651e+01 7.959286540699926915e-01
3.361754473719295078e+01 8.068247767782078528e-01
3.366754473719294793e+01 7.503876771154905923e-01
3.371754473719294509e+01 7.185722027989613903e-01
3.376754473719294936e+01 6.317945183575669477e-01
3.381754473719294651e+01 5.100107822320445461e-01
3.386754473719295078e+01 4.069190135148140763e-01
3.391754473719294793e+01 3.062051279300395112e-01
3.396754473719294509e+01 2.234909146643608846e-01
3.401754473719294936e+01 1.662110209800135852e-01
3.406754473719294651e+01 1.305728737796629790e-01
3.411754473719295078e+01 1.038743631658867878e-01
3.416754473719294793e+01 9.499492615228594117e-02
3.421754473719294509e+01 8.948666522520468125e-02
3.426754473719294936e+01 8.921576714682366571e-02
3.431754473719294651e+01 9.788450565501705114e-02
3.436754473719295078e+01 1.133557959092233169e-01
3.441754473719294793e+01 1.275327953444979345e-01
3.446754473719294509e+01 1.325293599013038504e-01
3.451754473719294936e+01 1.334323534959073188e-01
3.456754473719294651e+01 1.185630589714367078e-01
3.461754473719295078e+01 9.207524686306800543e-02
3.466754473719294793e+01 6.637002920335566269e-02
3.471754473719294509e+01 4.478848229233252376e-02
3.476754473719294936e+01 2.579551701917269860e-02
3.481754473719294651e+01 1.589268726502121934e-02
3.486754473719295078e+01 1.038442633794000106e-02
3.491754473719294793e+01 6.230655802764001848e-03
3.496754473719294509e+01 4.033371389228870493e-03
3.501754473719294936e+01 2.889579502731130789e-03
3.506754473719294651e+01 2.317683559482261371e-03
3.511754473719295078e+01 1.685588043259826294e-03
3.516754473719294793e+01 9.932929540638262087e-04
3.521754473719294509e+01 8.126942351431305344e-04
3.526754473719294936e+01 5.116963702753045190e-04
3.531754473719294651e+01 2.708980783810435115e-04
3.536754473719295078e+01 1.203991459471304495e-04
3.541754473719294793e+01 3.009978648678261239e-05
3.546754473719294509e+01 6.019957297356522477e-05
3.551754473719294936e+01 0.000000000000000000e+00
3.556754473719294651e+01 0.000000000000000000e+00
3.561754473719295078e+01 0.000000000000000000e+00
3.566754473719294793e+01 0.000000000000000000e+00
3.571754473719294509e+01 0.000000000000000000e+00
3.576754473719294936e+01 0.000000000000000000e+00
3.581754473719294651e+01 0.000000000000000000e+00
3.586754473719295078e+01 0.000000000000000000e+00
3.591754473719294793e+01 0.000000000000000000e+00
3.596754473719294509e+01 0.000000000000000000e+00
3.601754473719294936e+01 0.000000000000000000e+00
3.606754473719294651e+01 0.000000000000000000e+00
3.611754473719295078e+01 0.000000000000000000e+00
3.616754473719294793e+01 0.000000000000000000e+00
3.621754473719294509e+01 0.000000000000000000e+00
3.626754473719294936e+01 0.000000000000000000e+00
3.631754473719294651e+01 0.000000000000000000e+00
3.636754473719295078e+01 0.000000000000000000e+00
3.641754473719294793e+01 0.000000000000000000e+00
3.646754473719294509e+01 0.000000000000000000e+00
3.651754473719294936e+01 0.000000000000000000e+00
3.656754473719294651e+01 0.000000000000000000e+00
3.661754473719295078e+01 0.000000000000000000e+00
3.666754473719294793e+01 0.000000000000000000e+00
3.671754473719294509e+01 0.000000000000000000e+00
3.676754473719294936e+01 0.000000000000000000e+00
3.681754473719294651e+01 0.000000000000000000e+00
3.686754473719295078e+01 0.000000000000000000e+00
3.691754473719294793e+01 0.000000000000000000e+00
3.696754473719294509e+01 0.000000000000000000e+00
3.701754473719294936e+01 0.000000000000000000e+00
3.706754473719294651e+01 0.000000000000000000e+00
3.711754473719295078e+01 0.000000000000000000e+00
3.716754473719294793e+01 0.000000000000000000e+00
3.721754473719294509e+01 0.000000000000000000e+00
3.726754473719294936e+01 0.000000000000000000e+00
