-1.427511843065693142e+01 0.000000000000000000e+00
-1.422511843065693249e+01 0.000000000000000000e+00
-1.417511843065693178e+01 0.000000000000000000e+00
-1.412511843065693107e+01 0.000000000000000000e+00
-1.407511843065693213e+01 0.000000000000000000e+00
-1.402511843065693142e+01 0.000000000000000000e+00
-1.397511843065693249e+01 0.000000000000000000e+00
-1.392511843065693178e+01 0.000000000000000000e+00
-1.387511843065693107e+01 0.000000000000000000e+00
-1.382511843065693213e+01 0.000000000000000000e+00
-1.377511843065693142e+01 0.000000000000000000e+00
-1.372511843065693249e+01 0.000000000000000000e+00
-1.367511843065693178e+01 0.000000000000000000e+00
-1.362511843065693107e+01 0.000000000000000000e+00
-1.357511843065693213e+01 0.000000000000000000e+00
-1.352511843065693142e+01 0.000000000000000000e+00
-1.347511843065693249e+01 0.000000000000000000e+00
-1.342511843065693178e+01 0.000000000000000000e+00
-1.337511843065693107e+01 0.000000000000000000e+00
-1.332511843065693213e+01 0.000000000000000000e+00
-1.327511843065693142e+01 0.000000000000000000e+00
-1.322511843065693071e+01 0.000000000000000000e+00
-1.317511843065693178e+01 0.000000000000000000e+00
-1.312511843065693107e+01 0.000000000000000000e+00
-1.307511843065693213e+01 0.000000000000000000e+00
-1.302511843065693142e+01 0.000000000000000000e+00
-1.297511843065693071e+01 0.000000000000000000e+00
-1.292511843065693178e+01 0.000000000000000000e+00
-1.287511843065693107e+01 0.000000000000000000e+00
-1.282511843065693213e+01 0.000000000000000000e+00
-1.277511843065693142e+01 0.000000000000000000e+00
-1.272511843065693071e+01 0.000000000000000000e+00
-1.267511843065693178e+01 0.000000000000000000e+00
-1.262511843065693107e+01 0.000000000000000000e+00
-1.257511843065693213e+01 0.000000000000000000e+00
-1.252511843065693142e+01 0.000000000000000000e+00
-1.247511843065693071e+01 0.000000000000000000e+00
-1.242511843065693178e+01 0.000000000000000000e+00
-1.237511843065693107e+01 0.000000000000000000e+00
-1.232511843065693213e+01 0.000000000000000000e+00
-1.227511843065693142e+01 0.000000000000000000e+00
-1.222511843065693071e+01 0.000000000000000000e+00
-1.217511843065693178e+01 0.000000000000000000e+00
-1.212511843065693284e+01 0.000000000000000000e+00
-1.207511843065693213e+01 0.000000000000000000e+00
-1.202511843065693142e+01 0.000000000000000000e+00
-1.197511843065693071e+01 0.000000000000000000e+00
-1.192511843065693178e+01 0.000000000000000000e+00
-1.187511843065693107e+01 0.000000000000000000e+00
-1.182511843065693213e+01 0.000000000000000000e+00
-1.177511843065693142e+01 0.000000000000000000e+00
-1.172511843065693071e+01 0.000000000000000000e+00
-1.167511843065693178e+01 0.000000000000000000e+00
-1.162511843065693107e+01 0.000000000000000000e+00
-1.157511843065693213e+01 0.000000000000000000e+00
-1.152511843065693142e+01 0.000000000000000000e+00
-1.147511843065693071e+01 0.000000000000000000e+00
-1.142511843065693178e+01 0.000000000000000000e+00
-1.137511843065693107e+01 0.000000000000000000e+00
-1.132511843065693213e+01 0.000000000000000000e+00
-1.127511843065693142e+01 0.000000000000000000e+00
-1.122511843065693071e+01 0.000000000000000000e+00
-1.117511843065693178e+01 0.000000000000000000e+00
-1.112511843065693107e+01 0.000000000000000000e+00
-1.107511843065693213e+01 0.000000000000000000e+00
-1.102511843065693142e+01 0.000000000000000000e+00
-1.097511843065693071e+01 0.000000000000000000e+00
-1.092511843065693178e+01 0.000000000000000000e+00
-1.087511843065693107e+01 0.000000000000000000e+00
-1.082511843065693213e+01 0.000000000000000000e+00
-1.077511843065693142e+01 0.000000000000000000e+00
-1.072511843065693071e+01 0.000000000000000000e+00
-1.067511843065693178e+01 0.000000000000000000e+00
-1.062511843065693107e+01 0.000000000000000000e+00
-1.057511843065693213e+01 0.000000000000000000e+00
-1.052511843065693142e+01 0.000000000000000000e+00
-1.047511843065693071e+01 0.000000000000000000e+00
-1.042511843065693178e+01 0.000000000000000000e+00
-1.037511843065693107e+01 0.000000000000000000e+00
-1.032511843065693213e+01 0.000000000000000000e+00
-1.027511843065693142e+01 0.000000000000000000e+00
-1.022511843065693071e+01 0.000000000000000000e+00
-1.017511843065693178e+01 0.000000000000000000e+00
-1.012511843065693107e+01 0.000000000000000000e+00
-1.007511843065693213e+01 0.000000000000000000e+00
-1.002511843065693142e+01 0.000000000000000000e+00
-9.975118430656930713e+00 0.000000000000000000e+00
-9.925118430656931778e+00 0.000000000000000000e+00
-9.875118430656931068e+00 0.000000000000000000e+00
-9.825118430656932134e+00 0.000000000000000000e+00
-9.775118430656931423e+00 0.000000000000000000e+00
-9.725118430656930713e+00 0.000000000000000000e+00
-9.675118430656931778e+00 0.000000000000000000e+00
-9.625118430656931068e+00 0.000000000000000000e+00
-9.575118430656932134e+00 0.000000000000000000e+00
-9.525118430656931423e+00 0.000000000000000000e+00
-9.475118430656930713e+00 0.000000000000000000e+00
-9.425118430656931778e+00 0.000000000000000000e+00
-9.375118430656931068e+00 0.000000000000000000e+00
-9.325118430656932134e+00 0.000000000000000000e+00
-9.275118430656931423e+00 0.000000000000000000e+00
-9.225118430656930713e+00 0.000000000000000000e+00
-9.175118430656931778e+00 0.000000000000000000e+00
-9.125118430656931068e+00 0.000000000000000000e+00
-9.075118430656932134e+00 0.000000000000000000e+00
-9.025118430656931423e+00 0.000000000000000000e+00
-8.975118430656930713e+00 0.000000000000000000e+00
-8.925118430656931778e+00 0.000000000000000000e+00
-8.875118430656931068e+00 0.000000000000000000e+00
-8.825118430656932134e+00 0.000000000000000000e+00
-8.775118430656931423e+00 0.000000000000000000e+00
-8.725118430656930713e+00 0.000000000000000000e+00
-8.675118430656931778e+00 0.000000000000000000e+00
-8.625118430656931068e+00 0.000000000000000000e+00
-8.575118430656932134e+00 0.000000000000000000e+00
-8.525118430656931423e+00 0.000000000000000000e+00
-8.475118430656930713e+00 0.000000000000000000e+00
-8.425118430656931778e+00 0.000000000000000000e+00
-8.375118430656931068e+00 0.000000000000000000e+00
-8.325118430656932134e+00 0.000000000000000000e+00
-8.275118430656931423e+00 0.000000000000000000e+00
-8.225118430656930713e+00 0.000000000000000000e+00
-8.175118430656931778e+00 0.000000000000000000e+00
-8.125118430656931068e+00 0.000000000000000000e+00
-8.075118430656932134e+00 0.000000000000000000e+00
-8.025118430656931423e+00 0.000000000000000000e+00
-7.975118430656930713e+00 0.000000000000000000e+00
-7.925118430656931778e+00 0.000000000000000000e+00
-7.875118430656931068e+00 0.000000000000000000e+00
-7.825118430656932134e+00 0.000000000000000000e+00
-7.775118430656931423e+00 0.000000000000000000e+00
-7.725118430656930713e+00 0.000000000000000000e+00
-7.675118430656931778e+00 0.000000000000000000e+00
-7.625118430656931068e+00 0.000000000000000000e+00
-7.575118430656932134e+00 0.000000000000000000e+00
-7.525118430656931423e+00 0.000000000000000000e+00
-7.475118430656930713e+00 0.000000000000000000e+00
-7.425118430656931778e+00 0.000000000000000000e+00
-7.375118430656931068e+00 0.000000000000000000e+00
-7.325118430656932134e+00 0.000000000000000000e+00
-7.275118430656931423e+00 0.000000000000000000e+00
-7.225118430656930713e+00 0.000000000000000000e+00
-7.175118430656931778e+00 0.000000000000000000e+00
-7.125118430656931068e+00 0.000000000000000000e+00
-7.075118430656932134e+00 0.000000000000000000e+00
-7.025118430656931423e+00 0.000000000000000000e+00
-6.975118430656930713e+00 0.000000000000000000e+00
-6.925118430656931778e+00 0.000000000000000000e+00
-6.875118430656931068e+00 0.000000000000000000e+00
-6.825118430656932134e+00 0.000000000000000000e+00
-6.775118430656931423e+00 0.000000000000000000e+00
-6.725118430656930713e+00 0.000000000000000000e+00
-6.675118430656931778e+00 0.000000000000000000e+00
-6.625118430656931068e+00 0.000000000000000000e+00
-6.575118430656932134e+00 0.000000000000000000e+00
-6.525118430656931423e+00 0.000000000000000000e+00
-6.475118430656930713e+00 0.000000000000000000e+00
-6.425118430656931778e+00 0.000000000000000000e+00
-6.375118430656931068e+00 0.000000000000000000e+00
-6.325118430656932134e+00 0.000000000000000000e+00
-6.275118430656931423e+00 0.000000000000000000e+00
-6.225118430656932489e+00 0.000000000000000000e+00
-6.175118430656931778e+00 0.000000000000000000e+00
-6.125118430656931068e+00 0.000000000000000000e+00
-6.075118430656930357e+00 0.000000000000000000e+00
-6.025118430656931423e+00 0.000000000000000000e+00
-5.975118430656932489e+00 0.000000000000000000e+00
-5.925118430656931778e+00 0.000000000000000000e+00
-5.875118430656931068e+00 0.000000000000000000e+00
-5.825118430656930357e+00 0.000000000000000000e+00
-5.775118430656931423e+00 0.000000000000000000e+00
-5.725118430656932489e+00 0.000000000000000000e+00
-5.675118430656931778e+00 0.000000000000000000e+00
-5.625118430656931068e+00 0.000000000000000000e+00
-5.575118430656930357e+00 0.000000000000000000e+00
-5.525118430656931423e+00 0.000000000000000000e+00
-5.475118430656932489e+00 0.000000000000000000e+00
-5.425118430656931778e+00 0.000000000000000000e+00
-5.375118430656931068e+00 0.000000000000000000e+00
-5.325118430656930357e+00 0.000000000000000000e+00
-5.275118430656931423e+00 0.000000000000000000e+00
-5.225118430656932489e+00 0.000000000000000000e+00
-5.175118430656931778e+00 0.000000000000000000e+00
-5.125118430656931068e+00 0.000000000000000000e+00
-5.075118430656930357e+00 0.000000000000000000e+00
-5.025118430656931423e+00 0.000000000000000000e+00
-4.975118430656932489e+00 0.000000000000000000e+00
-4.925118430656931778e+00 0.000000000000000000e+00
-4.875118430656931068e+00 0.000000000000000000e+00
-4.825118430656930357e+00 0.000000000000000000e+00
-4.775118430656931423e+00 0.000000000000000000e+00
-4.725118430656930713e+00 0.000000000000000000e+00
-4.675118430656931778e+00 0.000000000000000000e+00
-4.625118430656931068e+00 0.000000000000000000e+00
-4.575118430656930357e+00 0.000000000000000000e+00
-4.525118430656931423e+00 0.000000000000000000e+00
-4.475118430656930713e+00 0.000000000000000000e+00
-4.425118430656931778e+00 0.000000000000000000e+00
-4.375118430656931068e+00 0.000000000000000000e+00
-4.325118430656930357e+00 0.000000000000000000e+00
-4.275118430656931423e+00 0.000000000000000000e+00
-4.225118430656930713e+00 0.000000000000000000e+00
-4.175118430656931778e+00 0.000000000000000000e+00
-4.125118430656931068e+00 0.000000000000000000e+00
-4.075118430656930357e+00 0.000000000000000000e+00
-4.025118430656931423e+00 0.000000000000000000e+00
-3.975118430656930713e+00 0.000000000000000000e+00
-3.925118430656931778e+00 0.000000000000000000e+00
-3.875118430656931068e+00 0.000000000000000000e+00
-3.825118430656930357e+00 0.000000000000000000e+00
-3.775118430656931423e+00 0.000000000000000000e+00
-3.725118430656930713e+00 0.000000000000000000e+00
-3.675118430656931778e+00 0.000000000000000000e+00
-3.625118430656931068e+00 0.000000000000000000e+00
-3.575118430656930357e+00 0.000000000000000000e+00
-3.525118430656931423e+00 0.000000000000000000e+00
-3.475118430656930713e+00 0.000000000000000000e+00
-3.425118430656931778e+00 0.000000000000000000e+00
-3.375118430656931068e+00 0.000000000000000000e+00
-3.325118430656930357e+00 0.000000000000000000e+00
-3.275118430656931423e+00 0.000000000000000000e+00
-3.225118430656930713e+00 0.000000000000000000e+00
-3.175118430656931778e+00 0.000000000000000000e+00
-3.125118430656931068e+00 0.000000000000000000e+00
-3.075118430656930357e+00 0.000000000000000000e+00
-3.025118430656931423e+00 0.000000000000000000e+00
-2.975118430656930713e+00 0.000000000000000000e+00
-2.925118430656931778e+00 0.000000000000000000e+00
-2.875118430656931068e+00 0.000000000000000000e+00
-2.825118430656930357e+00 0.000000000000000000e+00
-2.775118430656931423e+00 0.000000000000000000e+00
-2.725118430656930713e+00 0.000000000000000000e+00
-2.675118430656931778e+00 0.000000000000000000e+00
-2.625118430656931068e+00 0.000000000000000000e+00
-2.575118430656930357e+00 0.000000000000000000e+00
-2.525118430656931423e+00 0.000000000000000000e+00
-2.475118430656930713e+00 0.000000000000000000e+00
-2.425118430656931778e+00 0.000000000000000000e+00
-2.375118430656931068e+00 0.000000000000000000e+00
-2.325118430656930357e+00 0.000000000000000000e+00
-2.275118430656931423e+00 0.000000000000000000e+00
-2.225118430656930713e+00 0.000000000000000000e+00
-2.175118430656931778e+00 0.000000000000000000e+00
-2.125118430656931068e+00 0.000000000000000000e+00
-2.075118430656930357e+00 0.000000000000000000e+00
-2.025118430656931423e+00 0.000000000000000000e+00
-1.975118430656930713e+00 0.000000000000000000e+00
-1.925118430656931778e+00 0.000000000000000000e+00
-1.875118430656931068e+00 0.000000000000000000e+00
-1.825118430656930357e+00 0.000000000000000000e+00
-1.775118430656931423e+00 0.000000000000000000e+00
-1.725118430656930713e+00 0.000000000000000000e+00
-1.675118430656931778e+00 0.000000000000000000e+00
-1.625118430656931068e+00 0.000000000000000000e+00
-1.575118430656930357e+00 0.000000000000000000e+00
-1.525118430656931423e+00 0.000000000000000000e+00
-1.475118430656930713e+00 0.000000000000000000e+00
-1.425118430656931778e+00 0.000000000000000000e+00
-1.375118430656931068e+00 0.000000000000000000e+00
-1.325118430656930357e+00 0.000000000000000000e+00
-1.275118430656931423e+00 0.000000000000000000e+00
-1.225118430656930713e+00 0.000000000000000000e+00
-1.175118430656931778e+00 0.000000000000000000e+00
-1.125118430656931068e+00 0.000000000000000000e+00
-1.075118430656930357e+00 0.000000000000000000e+00
-1.025118430656931423e+00 0.000000000000000000e+00
-9.751184306569307125e-01 0.000000000000000000e+00
-9.251184306569317783e-01 0.000000000000000000e+00
-8.751184306569310678e-01 0.000000000000000000e+00
-8.251184306569303573e-01 0.000000000000000000e+00
-7.751184306569314231e-01 0.000000000000000000e+00
-7.251184306569307125e-01 0.000000000000000000e+00
-6.751184306569317783e-01 0.000000000000000000e+00
-6.251184306569310678e-01 0.000000000000000000e+00
-5.751184306569303573e-01 0.000000000000000000e+00
-5.251184306569314231e-01 0.000000000000000000e+00
-4.751184306569307125e-01 0.000000000000000000e+00
-4.251184306569317783e-01 0.000000000000000000e+00
-3.751184306569310678e-01 0.000000000000000000e+00
-3.251184306569303573e-01 0.000000000000000000e+00
-2.751184306569314231e-01 0.000000000000000000e+00
-2.251184306569307125e-01 0.000000000000000000e+00
-1.751184306569317783e-01 0.000000000000000000e+00
-1.251184306569310678e-01 0.000000000000000000e+00
-7.511843065693035726e-02 0.000000000000000000e+00
-2.511843065693142307e-02 0.000000000000000000e+00
2.488156934306928747e-02 0.000000000000000000e+00
7.488156934306822166e-02 0.000000000000000000e+00
1.248815693430689322e-01 0.000000000000000000e+00
1.748815693430696427e-01 0.000000000000000000e+00
2.248815693430685769e-01 0.000000000000000000e+00
2.748815693430692875e-01 0.000000000000000000e+00
3.248815693430682217e-01 0.000000000000000000e+00
3.748815693430689322e-01 0.000000000000000000e+00
4.248815693430696427e-01 0.000000000000000000e+00
4.748815693430685769e-01 0.000000000000000000e+00
5.248815693430692875e-01 0.000000000000000000e+00
5.748815693430682217e-01 0.000000000000000000e+00
6.248815693430689322e-01 0.000000000000000000e+00
6.748815693430696427e-01 0.000000000000000000e+00
7.248815693430685769e-01 0.000000000000000000e+00
7.748815693430692875e-01 0.000000000000000000e+00
8.248815693430682217e-01 0.000000000000000000e+00
8.748815693430689322e-01 0.000000000000000000e+00
9.248815693430696427e-01 0.000000000000000000e+00
9.748815693430685769e-01 0.000000000000000000e+00
1.024881569343069287e+00 0.000000000000000000e+00
1.074881569343068222e+00 0.000000000000000000e+00
1.124881569343068932e+00 0.000000000000000000e+00
1.174881569343069643e+00 0.000000000000000000e+00
1.224881569343068577e+00 8.565229899693414437e-05
1.274881569343069287e+00 5.710153266462276517e-05
1.324881569343068222e+00 2.855076633231138259e-05
1.374881569343068932e+00 4.568122613169821214e-04
1.424881569343069643e+00 8.565229899693414979e-04
1.474881569343068577e+00 2.483916670911090214e-03
1.524881569343069287e+00 4.025658052855904216e-03
1.574881569343068222e+00 8.993491394678082909e-03
1.624881569343068932e+00 1.707335826672220710e-02
1.674881569343069643e+00 4.145571271451611861e-02
1.724881569343066801e+00 1.130324839096207568e-01
1.774881569343071064e+00 2.888766537503264509e-01
1.824881569343068222e+00 6.294016437958044330e-01
1.874881569343068932e+00 1.227054835430078317e+00
1.924881569343069643e+00 2.067046931693011569e+00
1.974881569343066801e+00 3.057016203499576701e+00
2.024881569343071064e+00 3.836880385866661580e+00
2.074881569343068222e+00 4.308310639545787524e+00
2.124881569343068932e+00 4.017806592114519404e+00
2.174881569343069643e+00 3.371017531622336527e+00
2.224881569343066801e+00 2.489055808850906715e+00
2.274881569343071064e+00 1.571948092724400059e+00
2.324881569343068222e+00 9.932811607011129418e-01
2.374881569343068932e+00 6.049050862826811370e-01
2.424881569343069643e+00 3.985972487653992591e-01
2.474881569343066801e+00 3.094617562759230944e-01
2.524881569343071064e+00 2.846511403331444257e-01
2.574881569343068222e+00 2.891621614136496432e-01
2.624881569343068932e+00 2.877917246296986531e-01
2.674881569343069643e+00 2.918459334488869295e-01
2.724881569343066801e+00 2.753150397424786733e-01
2.774881569343071064e+00 2.618105272672953676e-01
2.824881569343068222e+00 2.306616411987436333e-01
2.874881569343068932e+00 2.111900185601072732e-01
2.924881569343069643e+00 1.991415951678718599e-01
2.974881569343066801e+00 2.005976842508197799e-01
3.024881569343071064e+00 2.245232264372966635e-01
3.074881569343068222e+00 2.475351441011396370e-01
3.124881569343068932e+00 3.360139689649726535e-01
3.174881569343069643e+00 4.422799212538355840e-01
3.224881569343066801e+00 5.991092807172220258e-01
3.274881569343071064e+00 7.987076881464107991e-01
3.324881569343068222e+00 9.939949298594207283e-01
3.374881569343068932e+00 1.248525011711976829e+00
3.424881569343069643e+00 1.472791281252282536e+00
3.474881569343066801e+00 1.684438112073707083e+00
3.524881569343071064e+00 1.826934986838272934e+00
3.574881569343068222e+00 1.994385231377279188e+00
3.624881569343068932e+00 2.086889714293968190e+00
3.674881569343069643e+00 2.089088123301555910e+00
3.724881569343066801e+00 2.072585780361480445e+00
3.774881569343071064e+00 2.095083784231341006e+00
3.824881569343068222e+00 2.028446295611726846e+00
3.874881569343068932e+00 1.918525845232327942e+00
3.924881569343069643e+00 1.827877162127239163e+00
3.974881569343066801e+00 1.628678465426702804e+00
4.024881569343071064e+00 1.516645258338712665e+00
4.074881569343068222e+00 1.390993335710210665e+00
4.124881569343068932e+00 1.191394928281021670e+00
4.174881569343069643e+00 1.142915727048756880e+00
4.224881569343066801e+00 1.027799037196877485e+00
4.274881569343071064e+00 1.007470891568271520e+00
4.324881569343068222e+00 9.603621271199579423e-01
4.374881569343068932e+00 9.302696194057018531e-01
4.424881569343069643e+00 8.214055473805983443e-01
4.474881569343066801e+00 8.235183040891893569e-01
4.524881569343071064e+00 8.164377140387762966e-01
4.574881569343068222e+00 8.066733519531257279e-01
4.624881569343068932e+00 7.482870348035490782e-01
4.674881569343069643e+00 7.931117379452777838e-01
4.724881569343066801e+00 7.531977666127065429e-01
4.774881569343071064e+00 7.538258834720173995e-01
4.824881569343068222e+00 7.567666124042453646e-01
4.874881569343072485e+00 8.140108989005296891e-01
4.924881569343069643e+00 8.016769678449713332e-01
4.974881569343066801e+00 8.833892610880464957e-01
5.024881569343071064e+00 8.804770829221506556e-01
5.074881569343068222e+00 9.385778924084042796e-01
5.124881569343072485e+00 9.504550112026457498e-01
5.174881569343069643e+00 9.607618378486102451e-01
5.224881569343066801e+00 9.813469403742067776e-01
5.274881569343071064e+00 9.968500064926517634e-01
5.324881569343068222e+00 1.022774102322390632e+00
5.374881569343072485e+00 1.084500859132847772e+00
5.424881569343069643e+00 1.075735773868828238e+00
5.474881569343066801e+00 1.118704677198956832e+00
5.524881569343071064e+00 1.126470485641345665e+00
5.574881569343068222e+00 1.126070774912693251e+00
5.624881569343072485e+00 1.144114859234714121e+00
5.674881569343069643e+00 1.157105457915915681e+00
5.724881569343066801e+00 1.192879568130301715e+00
5.774881569343071064e+00 1.217004965681105055e+00
5.824881569343068222e+00 1.176205920592231946e+00
5.874881569343072485e+00 1.186598399537193371e+00
5.924881569343069643e+00 1.229453099801992799e+00
5.974881569343066801e+00 1.242700655380185149e+00
6.024881569343071064e+00 1.192879568130301715e+00
6.074881569343068222e+00 1.177005342049536551e+00
6.124881569343072485e+00 1.204528280793884853e+00
6.174881569343069643e+00 1.138547459799913231e+00
6.224881569343066801e+00 1.160388796044131254e+00
6.274881569343071064e+00 1.158447343933534324e+00
6.324881569343068222e+00 1.091124636921944058e+00
6.374881569343072485e+00 1.045129352360590458e+00
6.424881569343069643e+00 1.020975404043455104e+00
6.474881569343066801e+00 9.553086414791388536e-01
6.524881569343071064e+00 1.007527993100936214e+00
6.574881569343068222e+00 9.843733216054317836e-01
6.624881569343072485e+00 9.363223818681516430e-01
6.674881569343069643e+00 9.444593502728604317e-01
6.724881569343066801e+00 9.230177247572945998e-01
6.774881569343071064e+00 9.146809009882597152e-01
6.824881569343068222e+00 9.300412132750430771e-01
6.874881569343072485e+00 9.198485896944080809e-01
6.924881569343069643e+00 8.947239153219741503e-01
6.974881569343066801e+00 9.560224106374465292e-01
7.024881569343071064e+00 9.188778636391095045e-01
7.074881569343068222e+00 9.518539987529293089e-01
7.124881569343072485e+00 9.427748550592541799e-01
7.174881569343069643e+00 9.310975916293386945e-01
7.224881569343066801e+00 9.669002526100571870e-01
7.274881569343071064e+00 9.410903598456477059e-01
7.324881569343068222e+00 9.588774872706777863e-01
7.374881569343072485e+00 9.896552133769094262e-01
7.424881569343069643e+00 1.023602074546027696e+00
7.474881569343066801e+00 9.903118810025525187e-01
7.524881569343071064e+00 1.032338609043714994e+00
7.574881569343068222e+00 1.076963456821117493e+00
7.624881569343072485e+00 1.047556167498836732e+00
7.674881569343069643e+00 9.926815946081344322e-01
7.724881569343066801e+00 1.033794698126662581e+00
7.774881569343071064e+00 1.065029236494211329e+00
7.824881569343068222e+00 1.001646535236480284e+00
7.874881569343072485e+00 1.062573870589632818e+00
7.924881569343069643e+00 1.059918649320727546e+00
7.974881569343066801e+00 1.050725302561723362e+00
8.024881569343071064e+00 1.007071180839619329e+00
8.074881569343068222e+00 1.045928773817895063e+00
8.124881569343072485e+00 1.037534848516195485e+00
8.174881569343069643e+00 1.024886859030981423e+00
8.224881569343066801e+00 1.007413790035607049e+00
8.274881569343071064e+00 1.001132621442498483e+00
8.324881569343068222e+00 1.013266697133730965e+00
8.374881569343072485e+00 9.989913139675752340e-01
8.424881569343069643e+00 9.931098561031190819e-01
8.474881569343066801e+00 9.810614327108835298e-01
8.524881569343071064e+00 9.996479815932184376e-01
8.574881569343068222e+00 9.707260552985869095e-01
8.624881569343072485e+00 9.444593502728604317e-01
8.674881569343069643e+00 9.690130093186481997e-01
8.724881569343066801e+00 9.641022775094907349e-01
8.774881569343071064e+00 9.841449154747732297e-01
8.824881569343068222e+00 9.895695610779122742e-01
8.874881569343072485e+00 9.868001367436782800e-01
8.924881569343069643e+00 9.744376549217874661e-01
8.974881569343066801e+00 9.538240016298584756e-01
9.024881569343071064e+00 9.554799460771326025e-01
9.074881569343068222e+00 9.716682305875532499e-01
9.124881569343072485e+00 1.003959147309397171e+00
9.174881569343069643e+00 1.016978296756931410e+00
9.224881569343066801e+00 1.033195132033684294e+00
9.274881569343071064e+00 1.005557990224006826e+00
9.324881569343068222e+00 1.001703636769144756e+00
9.374881569343072485e+00 1.018662791970537551e+00
9.424881569343069643e+00 1.060860824609693775e+00
9.474881569343066801e+00 1.025743382020950945e+00
9.524881569343071064e+00 1.028541357121517175e+00
9.574881569343068222e+00 1.026599905010920244e+00
9.624881569343072485e+00 1.051010810225046388e+00
9.674881569343069643e+00 1.030054547737129900e+00
9.724881569343066801e+00 1.035564845639266096e+00
9.774881569343071064e+00 1.033138030501019822e+00
9.824881569343068222e+00 1.040846737410743739e+00
9.874881569343072485e+00 1.032624116707038020e+00
9.924881569343069643e+00 1.041046592775069835e+00
9.974881569343066801e+00 1.029312227812489988e+00
1.002488156934307106e+01 1.030597012297443715e+00
1.007488156934306822e+01 1.010754229696487538e+00
1.012488156934307248e+01 9.917965208518326747e-01
1.017488156934306964e+01 1.004644365701372832e+00
1.022488156934306680e+01 1.007756399231594768e+00
1.027488156934307106e+01 9.914539116558450660e-01
1.032488156934306822e+01 1.028798314018508409e+00
1.037488156934307248e+01 1.002274652095791030e+00
1.042488156934306964e+01 9.887415888542754328e-01
1.047488156934306680e+01 9.719537382508763868e-01
1.052488156934307106e+01 9.935952191307683146e-01
1.057488156934306822e+01 9.908257947965342094e-01
1.062488156934307248e+01 9.674141664040387667e-01
1.067488156934306964e+01 9.694698215799650853e-01
1.072488156934306680e+01 8.908981126334443168e-01
1.077488156934307106e+01 9.769786731253632395e-01
1.082488156934306822e+01 9.619324192682349173e-01
1.087488156934307248e+01 9.460010916548053927e-01
1.092488156934306964e+01 9.256158444935348450e-01
1.097488156934306680e+01 9.587918349716807453e-01
1.102488156934307106e+01 9.643306836401490667e-01
1.107488156934306822e+01 9.729530150725073101e-01
1.112488156934307248e+01 9.595056041299886429e-01
1.117488156934306964e+01 9.810328819445512938e-01
1.122488156934306680e+01 9.535955954992001438e-01
1.127488156934307106e+01 9.880563704622999932e-01
1.132488156934306822e+01 9.833740447838007492e-01
1.137488156934307248e+01 9.762078024343907590e-01
1.142488156934306964e+01 9.784347622083110485e-01
1.147488156934306680e+01 9.800907066555850644e-01
1.152488156934307106e+01 9.820607095325145641e-01
1.157488156934306822e+01 9.541951615921785423e-01
1.162488156934307248e+01 9.556798014414589204e-01
1.167488156934306964e+01 9.760364978363967881e-01
1.172488156934306680e+01 1.017206702887589742e+00
1.177488156934307106e+01 1.009812054407521309e+00
1.182488156934306822e+01 1.023430769948033614e+00
1.187488156934307248e+01 1.012353072611096971e+00
1.192488156934306964e+01 1.004787119533034456e+00
1.197488156934306680e+01 1.033566291996004027e+00
1.202488156934307106e+01 1.011096838892475258e+00
1.207488156934306822e+01 1.002303202862123266e+00
1.212488156934307248e+01 1.022574246958064315e+00
1.217488156934306964e+01 1.044529786267611948e+00
1.222488156934306680e+01 1.022574246958064315e+00
1.227488156934307106e+01 9.982775448092673365e-01
1.232488156934306822e+01 1.051096462524043540e+00
1.237488156934307248e+01 9.872283982386629297e-01
1.242488156934306964e+01 9.678424278990234164e-01
1.247488156934306680e+01 9.769786731253632395e-01
1.252488156934307106e+01 9.941091329247498942e-01
1.257488156934306822e+01 1.016178875299626583e+00
1.262488156934307248e+01 9.978207325479504508e-01
1.267488156934306964e+01 9.693270677483035724e-01
1.272488156934306680e+01 1.009926257472850475e+00
1.277488156934307106e+01 9.734669288664886677e-01
1.282488156934306822e+01 9.714112736905623491e-01
1.287488156934307248e+01 9.760079470700644411e-01
1.292488156934306964e+01 9.649873512657923813e-01
1.297488156934306680e+01 9.970784126233103173e-01
1.302488156934307106e+01 9.817752018691914273e-01
1.307488156934306822e+01 9.576212535520558511e-01
1.312488156934307248e+01 1.001246824507827871e+00
1.317488156934306964e+01 1.009326691379871965e+00
1.322488156934306680e+01 9.519111002855937809e-01
1.327488156934307106e+01 1.013780610927712544e+00
1.332488156934306822e+01 9.587061826726838154e-01
1.337488156934307248e+01 9.402052860893460595e-01
1.342488156934306964e+01 9.813183896078745416e-01
1.347488156934306680e+01 9.768644700600338515e-01
1.352488156934307106e+01 9.994481262288922307e-01
1.357488156934306822e+01 9.687560524216575208e-01
1.362488156934307248e+01 9.574499489540621022e-01
1.367488156934306964e+01 9.934239145327744547e-01
1.372488156934306680e+01 9.764647593313815488e-01
1.377488156934307106e+01 9.447163071698512216e-01
1.382488156934306822e+01 1.037078036254878377e+00
1.387488156934307248e+01 9.631601022205243945e-01
1.392488156934306964e+01 9.702692430372700239e-01
1.397488156934306680e+01 9.963931942313348777e-01
1.402488156934307106e+01 9.836024509144593031e-01
1.407488156934306822e+01 9.530816817052184531e-01
1.412488156934307248e+01 9.565077736650959839e-01
1.417488156934306964e+01 1.002702913590775680e+00
1.422488156934306680e+01 9.538525523961910446e-01
1.427488156934307106e+01 9.675854710020326266e-01
1.432488156934306822e+01 1.021289462473110365e+00
1.437488156934307248e+01 9.920534777488234646e-01
1.442488156934306964e+01 9.794054882636095138e-01
1.447488156934306680e+01 9.909114470955310283e-01
1.452488156934307106e+01 1.010126112837176571e+00
1.457488156934306822e+01 9.694698215799650853e-01
1.462488156934307248e+01 1.001732187535476992e+00
1.467488156934306964e+01 9.845731769697579905e-01
1.472488156934306680e+01 9.913111578241834421e-01
1.477488156934307106e+01 9.816895495701944974e-01
1.482488156934306822e+01 1.008441617623570208e+00
1.487488156934307248e+01 9.637025667808384322e-01
1.492488156934306964e+01 9.908543455628664454e-01
1.497488156934306680e+01 9.844018723717640196e-01
1.502488156934307106e+01 1.035793251769924650e+00
1.507488156934306822e+01 9.824889710274992138e-01
1.512488156934307248e+01 1.027199471103898754e+00
1.517488156934306964e+01 1.008527269922567360e+00
1.522488156934306680e+01 1.022631348490729009e+00
1.527488156934307106e+01 1.006871325475293233e+00
1.532488156934306822e+01 1.058119951041792017e+00
1.537488156934307248e+01 1.008441617623570208e+00
1.542488156934306964e+01 9.626461884265427038e-01
1.547488156934306680e+01 1.033509190463339777e+00
1.552488156934307106e+01 1.011325245023133812e+00
1.557488156934306822e+01 1.020204533352482512e+00
1.562488156934307248e+01 1.006300310148646959e+00
1.567488156934306964e+01 1.014922641581005092e+00
1.572488156934306680e+01 1.004501611869711208e+00
1.577488156934307106e+01 1.001646535236480284e+00
1.582488156934306822e+01 9.748659164167721158e-01
1.587488156934307248e+01 1.001361027573157036e+00
1.592488156934306964e+01 9.893126041809217064e-01
1.597488156934306680e+01 9.659295265547586107e-01
1.602488156934307284e+01 9.661864834517492895e-01
1.607488156934307000e+01 1.012153217246770875e+00
1.612488156934307426e+01 9.879421673969707163e-01
1.617488156934307142e+01 9.495699374463441034e-01
1.622488156934306858e+01 9.919963762161588816e-01
1.627488156934307284e+01 1.008441617623570208e+00
1.632488156934307000e+01 1.051381970187366566e+00
1.637488156934307426e+01 9.995337785278891607e-01
1.642488156934307142e+01 1.010411620500499819e+00
1.647488156934306858e+01 1.001932042899803088e+00
1.652488156934307284e+01 9.604477794189547613e-01
1.657488156934307000e+01 9.992768216308983709e-01
1.662488156934307426e+01 9.802334604872465773e-01
1.667488156934307142e+01 9.575641520193912681e-01
1.672488156934306858e+01 9.654727142934415030e-01
1.677488156934307284e+01 9.590487918686716462e-01
1.682488156934307000e+01 9.768644700600338515e-01
1.687488156934307426e+01 9.540238569941847935e-01
1.692488156934307142e+01 9.454300763281591191e-01
1.697488156934306858e+01 9.333245514032589840e-01
1.702488156934307284e+01 9.139956825962841647e-01
1.707488156934307000e+01 9.547376261524924690e-01
1.712488156934307426e+01 9.519682018182583638e-01
1.717488156934307142e+01 9.367220925968040568e-01
1.722488156934306858e+01 9.347520897198745571e-01
1.727488156934307284e+01 9.338670159635729107e-01
1.732488156934307000e+01 9.825746233264962548e-01
1.737488156934307426e+01 9.704119968689316478e-01
1.742488156934307142e+01 8.920401432867366420e-01
1.747488156934306858e+01 9.005768224200978445e-01
1.752488156934307284e+01 9.446592056371866386e-01
1.757488156934307000e+01 9.560795121701111121e-01
1.762488156934307426e+01 9.288135303227538220e-01
1.767488156934307142e+01 9.609616932129363409e-01
1.772488156934307568e+01 9.446877564035188746e-01
1.777488156934307284e+01 9.700408369066114700e-01
1.782488156934307000e+01 9.299841117423784942e-01
1.787488156934306716e+01 9.582779211776991657e-01
1.792488156934307142e+01 9.623606807632196780e-01
1.797488156934307568e+01 9.713827229242301131e-01
1.802488156934307284e+01 9.586205303736869965e-01
1.807488156934307000e+01 9.482851529613901542e-01
1.812488156934306716e+01 9.491702267176918006e-01
1.817488156934307142e+01 9.713541721578977661e-01
1.822488156934307568e+01 1.027599181832551167e+00
1.827488156934307284e+01 1.024629902133990855e+00
1.832488156934307000e+01 9.957936281383562571e-01
1.837488156934306716e+01 1.001675086002812520e+00
1.842488156934307142e+01 1.026571354244588008e+00
1.847488156934307568e+01 9.822891156631730070e-01
1.852488156934307284e+01 1.020804099445461022e+00
1.857488156934307000e+01 9.947372497840607508e-01
1.862488156934306716e+01 1.020518591782137996e+00
1.867488156934307142e+01 9.957365266056916742e-01
1.872488156934307568e+01 1.011182491191472188e+00
1.877488156934307284e+01 1.020632794847467162e+00
1.882488156934307000e+01 9.943660898217409061e-01
1.887488156934306716e+01 9.933953637664421077e-01
1.892488156934307142e+01 1.034594119583967409e+00
1.897488156934307568e+01 9.954510189423686484e-01
1.902488156934307284e+01 1.024943960563646117e+00
1.907488156934307000e+01 9.566505274967573857e-01
1.912488156934306716e+01 9.851441922964042641e-01
1.917488156934307142e+01 9.781778053113200366e-01
1.922488156934307568e+01 9.712685198589008362e-01
1.927488156934307284e+01 9.943089882890761011e-01
1.932488156934307000e+01 9.631315514541921585e-01
1.937488156934306716e+01 1.037763254646853817e+00
1.942488156934307142e+01 9.832598417184714723e-01
1.947488156934307568e+01 9.865717306130197262e-01
1.952488156934307284e+01 1.012324521844764513e+00
1.957488156934307000e+01 1.027170920337566518e+00
1.962488156934306716e+01 9.851441922964042641e-01
1.967488156934307142e+01 1.004273205739052655e+00
1.972488156934307568e+01 9.864575275476905603e-01
1.977488156934307284e+01 9.455728301598205210e-01
1.982488156934307000e+01 9.683848924593374541e-01
1.987488156934306716e+01 1.006471614746640597e+00
1.992488156934307142e+01 9.446306548708544026e-01
1.997488156934307568e+01 9.389776031370568043e-01
2.002488156934307284e+01 9.870570936406688478e-01
2.007488156934307000e+01 9.677567756000265975e-01
2.012488156934306716e+01 9.491416759513595647e-01
2.017488156934307142e+01 9.306978809006862807e-01
2.022488156934307568e+01 9.201055465913988707e-01
2.027488156934307284e+01 9.307264316670187387e-01
2.032488156934307000e+01 9.525392171449045264e-01
2.037488156934306716e+01 9.431174642552417886e-01
2.042488156934307142e+01 9.672428618060449068e-01
2.047488156934307568e+01 9.378641232500963820e-01
2.052488156934307284e+01 9.784918637409755204e-01
2.057488156934307000e+01 9.522822602479137366e-01
2.062488156934306716e+01 9.307835331996832107e-01
2.067488156934307142e+01 9.497126912780057273e-01
2.072488156934307568e+01 9.548803799841542039e-01
2.077488156934307284e+01 9.466577592804483743e-01
2.082488156934307000e+01 9.507405188659688866e-01
2.087488156934306716e+01 9.710686644945745183e-01
2.092488156934307142e+01 9.745518579871166320e-01
2.097488156934307568e+01 9.479425437654023234e-01
2.102488156934307284e+01 9.833740447838007492e-01
2.107488156934307000e+01 9.866288321456844201e-01
2.112488156934306716e+01 9.375500648204411203e-01
2.117488156934307142e+01 9.680708340296819703e-01
2.122488156934307568e+01 9.962789911660054898e-01
2.127488156934307284e+01 9.765218608640460207e-01
2.132488156934307000e+01 9.938807267940914514e-01
2.137488156934306716e+01 9.566505274967573857e-01
2.142488156934307142e+01 9.670715572080511580e-01
2.147488156934307568e+01 9.801763589545818833e-01
2.152488156934307284e+01 9.388062985390628334e-01
2.157488156934307000e+01 9.651872066301185882e-01
2.162488156934306716e+01 9.840592631757762998e-01
2.167488156934307142e+01 9.456870332251499089e-01
2.172488156934307568e+01 9.800621558892528284e-01
2.177488156934307284e+01 9.289848349207476819e-01
2.182488156934307000e+01 9.735811319318179446e-01
2.187488156934306716e+01 9.313259977599972483e-01
2.192488156934307142e+01 9.402052860893460595e-01
2.197488156934307568e+01 9.508832726976303995e-01
2.202488156934307284e+01 9.606476347832809681e-01
2.207488156934307000e+01 9.416042736396292856e-01
2.212488156934306716e+01 9.341239728605638115e-01
2.217488156934307142e+01 9.344951328228836562e-01
2.222488156934307568e+01 9.468005131121099982e-01
2.227488156934307284e+01 9.267293243804951564e-01
2.232488156934307000e+01 9.239313492799284822e-01
2.237488156934306716e+01 9.457155839914821449e-01
2.242488156934307142e+01 9.700122861402791230e-01
2.247488156934307568e+01 9.539096539288555165e-01
2.252488156934307284e+01 9.246165676719040327e-01
2.257488156934307000e+01 9.827459279244900037e-01
2.262488156934306716e+01 9.810043311782189468e-01
2.267488156934307142e+01 9.800050543565880234e-01
2.272488156934307568e+01 9.765218608640460207e-01
2.277488156934307284e+01 9.623606807632196780e-01
2.282488156934307000e+01 9.665576434140694673e-01
2.287488156934306716e+01 9.637025667808384322e-01
2.292488156934307142e+01 9.584492257756929146e-01
2.297488156934307568e+01 9.704405476352638837e-01
2.302488156934307284e+01 1.018719893503202467e+00
2.307488156934307000e+01 9.510260265292922455e-01
2.312488156934306716e+01 9.491131251850271067e-01
2.317488156934307142e+01 1.004901322598363622e+00
2.322488156934307568e+01 1.008270313025576348e+00
2.327488156934307284e+01 9.700122861402791230e-01
2.332488156934307000e+01 9.487990667553718449e-01
2.337488156934306716e+01 9.475713838030823677e-01
2.342488156934307142e+01 9.702406922709376769e-01
2.347488156934307568e+01 9.581351673460375418e-01
2.352488156934307284e+01 9.778351961153324279e-01
2.357488156934307000e+01 9.944231913544053780e-01
2.362488156934306716e+01 9.958507296710210621e-01
2.367488156934307142e+01 9.674427171703710027e-01
2.372488156934307568e+01 9.583635734766960956e-01
2.377488156934307284e+01 9.305551270690247678e-01
2.382488156934307000e+01 9.601051702229670415e-01
2.387488156934306716e+01 9.682992401603405241e-01
2.392488156934307142e+01 9.362081788028224771e-01
2.397488156934307568e+01 9.820892602988468001e-01
2.402488156934307284e+01 9.370932525591241236e-01
2.407488156934307000e+01 9.381781816797518658e-01
2.412488156934307426e+01 9.482851529613901542e-01
2.417488156934307142e+01 9.518254479865967399e-01
2.422488156934307568e+01 9.801478081882496474e-01
2.427488156934307284e+01 9.495699374463441034e-01
2.432488156934307000e+01 9.543093646575079303e-01
2.437488156934307426e+01 9.326964345439481274e-01
2.442488156934307142e+01 9.384351385767428777e-01
2.447488156934307568e+01 9.412045629109768718e-01
2.452488156934307284e+01 9.434886242175619664e-01
2.457488156934307000e+01 9.450589163658389413e-01
2.462488156934307426e+01 9.197343866290786929e-01
2.467488156934307142e+01 9.469432669437715111e-01
2.472488156934307568e+01 9.603335763536255953e-01
2.477488156934307284e+01 9.180784421818045660e-01
2.482488156934307000e+01 9.605619824842841492e-01
2.487488156934307426e+01 9.585063273083576085e-01
2.492488156934307142e+01 9.785489652736402144e-01
2.497488156934307568e+01 9.253874383628766243e-01
2.502488156934307284e+01 9.847444815677518504e-01
2.507488156934307000e+01 9.920820285151557005e-01
2.512488156934307426e+01 9.375215140541087733e-01
2.517488156934307142e+01 9.804904173842374782e-01
2.522488156934307568e+01 1.011410897322130520e+00
2.527488156934307284e+01 9.963931942313348777e-01
2.532488156934307000e+01 1.008869879118554858e+00
2.537488156934307426e+01 1.006500165512973055e+00
2.542488156934307142e+01 9.831741894194746534e-01
2.547488156934307568e+01 1.018577139671540843e+00
2.552488156934307284e+01 1.020889751744457952e+00
2.557488156934307000e+01 9.864860783140227962e-01
2.562488156934307426e+01 9.665005418814047733e-01
2.567488156934307142e+01 1.012752783339749385e+00
2.572488156934307568e+01 9.916823177865035088e-01
2.577488156934307284e+01 9.694127200473006134e-01
2.582488156934307000e+01 9.308120839660155577e-01
2.587488156934307426e+01 9.648731482004631044e-01
2.592488156934307142e+01 9.816609988038622614e-01
2.597488156934307568e+01 9.814040419068713605e-01
2.602488156934307284e+01 9.883704288919553660e-01
2.607488156934307000e+01 9.478854422327377405e-01
2.612488156934307426e+01 9.913111578241834421e-01
2.617488156934307142e+01 9.378641232500963820e-01
2.622488156934307568e+01 9.539953062278525575e-01
2.627488156934307284e+01 9.805760696832344081e-01
2.632488156934307000e+01 9.454871778608237021e-01
2.637488156934307426e+01 9.128536519429918394e-01
2.642488156934307142e+01 9.323823761142926436e-01
2.647488156934307568e+01 9.338384651972406747e-01
2.652488156934307284e+01 9.174503253224939314e-01
2.657488156934307000e+01 9.310119393303417645e-01
2.662488156934307426e+01 9.222754048326544662e-01
2.667488156934307142e+01 9.425178981622632790e-01
2.672488156934307568e+01 9.110835044303884356e-01
2.677488156934307284e+01 9.216187372070112627e-01
2.682488156934307000e+01 9.256729460261994280e-01
2.687488156934307426e+01 9.328677391419420983e-01
2.692488156934307142e+01 9.804333158515727842e-01
2.697488156934307568e+01 9.679566309643526933e-01
2.702488156934307284e+01 9.764647593313815488e-01
2.707488156934307000e+01 9.531387832378832581e-01
2.712488156934307426e+01 9.606761855496133151e-01
2.717488156934307142e+01 9.523964633132429025e-01
2.722488156934307568e+01 1.005386685626012966e+00
2.727488156934307284e+01 9.819750572335175232e-01
2.732488156934307000e+01 9.935952191307683146e-01
2.737488156934307426e+01 9.920534777488234646e-01
2.742488156934307142e+01 1.039704706757451191e+00
2.747488156934307568e+01 1.026771209608914104e+00
2.752488156934307284e+01 1.016378730663952901e+00
2.757488156934307000e+01 1.038448473038829478e+00
2.762488156934307426e+01 1.021003954809787340e+00
2.767488156934307142e+01 1.011096838892475258e+00
2.772488156934307568e+01 1.009754952874856615e+00
2.777488156934307284e+01 9.855724537913888028e-01
2.782488156934307000e+01 9.953082651107070244e-01
2.787488156934307426e+01 1.016150324533294347e+00
2.792488156934307142e+01 1.006814223942628539e+00
2.797488156934307568e+01 9.769501223590308925e-01
2.802488156934307284e+01 9.955652220076977033e-01
2.807488156934307000e+01 9.742092487911290233e-01
2.812488156934307426e+01 9.786060668063047974e-01
2.817488156934307142e+01 9.276143981367966918e-01
2.822488156934307568e+01 9.577069058510530031e-01
2.827488156934307284e+01 9.164795992671953551e-01
2.832488156934307000e+01 9.261868598201811187e-01
2.837488156934307426e+01 9.213046787773558899e-01
2.842488156934307142e+01 9.273003397071412079e-01
2.847488156934307568e+01 9.278999058001200506e-01
2.852488156934307284e+01 9.252446845312150003e-01
2.857488156934307000e+01 8.840459287136894773e-01
2.862488156934307426e+01 9.429176088909156928e-01
2.867488156934307142e+01 9.511973311272859943e-01
2.872488156934307568e+01 9.525963186775692204e-01
2.877488156934307284e+01 9.666718464793987442e-01
2.882488156934307000e+01 1.006899876241625469e+00
2.887488156934307426e+01 9.821463618315113830e-01
2.892488156934307142e+01 1.003787842711403533e+00
2.897488156934307568e+01 1.037791805413186275e+00
2.902488156934307284e+01 1.053095016167305165e+00
2.907488156934307000e+01 1.102830451118191668e+00
2.912488156934307426e+01 1.105314367789102858e+00
2.917488156934307142e+01 1.104657700163459655e+00
2.922488156934307568e+01 1.146684428204622019e+00
2.927488156934307284e+01 1.143458191609070473e+00
2.932488156934307000e+01 1.174492874612293125e+00
2.937488156934307426e+01 1.187626227125156309e+00
2.942488156934307142e+01 1.168868373644827985e+00
2.947488156934307568e+01 1.151138347752462598e+00
2.952488156934307284e+01 1.116791775854691915e+00
2.957488156934307000e+01 1.132980060365112340e+00
2.962488156934307426e+01 1.176862588217875150e+00
2.967488156934307142e+01 1.153650815189706025e+00
2.972488156934307568e+01 1.120817433907548066e+00
2.977488156934307284e+01 1.083644336142878473e+00
2.982488156934307000e+01 1.089925504735986816e+00
2.987488156934307426e+01 1.091153187688276294e+00
2.992488156934307142e+01 1.069483156042052130e+00
2.997488156934307568e+01 1.067456051632458047e+00
3.002488156934307284e+01 1.002902768955101998e+00
3.007488156934307000e+01 1.013837712460377238e+00
3.012488156934307426e+01 9.674141664040387667e-01
3.017488156934307142e+01 9.462580485517961826e-01
3.022488156934307568e+01 9.417470274712909095e-01
3.027488156934307284e+01 8.969508750958943288e-01
3.032488156934307000e+01 9.129393042419886584e-01
3.037488156934307426e+01 8.343961460618000148e-01
3.042488156934307142e+01 8.425902159991733864e-01
3.047488156934307568e+01 8.488713845922819523e-01
3.052488156934307284e+01 7.842038988495967367e-01
3.057488156934307000e+01 7.859454955958676825e-01
3.062488156934307426e+01 8.250885962374665539e-01
3.067488156934307142e+01 8.074727734104303334e-01
3.072488156934307568e+01 8.056740751314949156e-01
3.077488156934307284e+01 8.356238290140893810e-01
3.082488156934307000e+01 8.608056049191881165e-01
3.087488156934307426e+01 8.892136174198379539e-01
3.092488156934307142e+01 9.333531021695913310e-01
3.097488156934307568e+01 9.134817688023024740e-01
3.102488156934307284e+01 9.753512794444213485e-01
3.107488156934307000e+01 1.036221513264909300e+00
3.112488156934307426e+01 1.088897677148023879e+00
3.117488156934307142e+01 1.195791746296197777e+00
3.122488156934307568e+01 1.270252144890865464e+00
3.127488156934307284e+01 1.410750466012169690e+00
3.132488156934307000e+01 1.559214450940189289e+00
3.137488156934307426e+01 1.702710602526386063e+00
3.142488156934307142e+01 1.866963161236173452e+00
3.147488156934307568e+01 1.962522576150419473e+00
3.152488156934307284e+01 1.981794343424729821e+00
3.157488156934307000e+01 2.017539902872783841e+00
3.162488156934307426e+01 2.030330646189659305e+00
3.167488156934307142e+01 2.030958763048969828e+00
3.172488156934307568e+01 1.967290554127915758e+00
3.177488156934307284e+01 1.869675484037742974e+00
3.182488156934307000e+01 1.711561340089402750e+00
3.187488156934307426e+01 1.549364436555541680e+00
3.192488156934307142e+01 1.260259376674556453e+00
3.197488156934307568e+01 1.086328108178115759e+00
3.202488156934307284e+01 8.849595532363234707e-01
3.207488156934307000e+01 6.808786754929617713e-01
3.212488156934307426e+01 5.388957145223772782e-01
3.217488156934307142e+01 4.046500112278491601e-01
3.222488156934307568e+01 2.932449209991702110e-01
3.227488156934307284e+01 2.352012130455811700e-01
3.232488156934307000e+01 1.907476698661723646e-01
3.237488156934307426e+01 1.800982340242201774e-01
3.242488156934307142e+01 1.852373719640362515e-01
3.247488156934307568e+01 2.025676871277492519e-01
3.252488156934307284e+01 2.198409007587976138e-01
3.257488156934307000e+01 2.413681785733603757e-01
3.262488156934307426e+01 2.575850138501132314e-01
3.267488156934307142e+01 2.672637236367668145e-01
3.272488156934307568e+01 2.672066221041021761e-01
3.277488156934307284e+01 2.740302552575246131e-01
3.282488156934307000e+01 2.846225895668121342e-01
3.287488156934307426e+01 3.265922160753098602e-01
3.292488156934307142e+01 4.363413618567149044e-01
3.297488156934307568e+01 6.698009781560250175e-01
3.302488156934307284e+01 1.063287639747940494e+00
3.307488156934307000e+01 1.761839239600603069e+00
3.312488156934307426e+01 2.607712793727992029e+00
3.317488156934307142e+01 3.472486955167371381e+00
3.322488156934307568e+01 4.102602368121483600e+00
3.327488156934307284e+01 4.282529297547710279e+00
3.332488156934307000e+01 3.780892333088999191e+00
3.337488156934307426e+01 2.926510650594580820e+00
3.342488156934307142e+01 1.975398971766292089e+00
3.347488156934307568e+01 1.099061749962326529e+00
3.352488156934307284e+01 5.058624778758930018e-01
3.357488156934307000e+01 1.966862292632930997e-01
3.362488156934307426e+01 9.010621854477471326e-02
3.367488156934307142e+01 4.365412172210410280e-02
3.372488156934307568e+01 1.910046267631631406e-02
3.377488156934307284e+01 9.792912851982802855e-03
3.382488156934307000e+01 5.738704032794587212e-03
3.387488156934307426e+01 3.140584296554251725e-03
3.392488156934307142e+01 9.992768216308981974e-04
3.397488156934307568e+01 6.281168593108505185e-04
3.402488156934307284e+01 3.426091959877365775e-04
3.407488156934307000e+01 2.855076633231138259e-05
3.412488156934307426e+01 0.000000000000000000e+00
3.417488156934307142e+01 0.000000000000000000e+00
3.422488156934307568e+01 0.000000000000000000e+00
3.427488156934307284e+01 0.000000000000000000e+00
3.432488156934307000e+01 0.000000000000000000e+00
3.437488156934307426e+01 0.000000000000000000e+00
3.442488156934307142e+01 0.000000000000000000e+00
3.447488156934307568e+01 0.000000000000000000e+00
3.452488156934307284e+01 0.000000000000000000e+00
3.457488156934307000e+01 0.000000000000000000e+00
3.462488156934307426e+01 0.000000000000000000e+00
3.467488156934307142e+01 0.000000000000000000e+00
3.472488156934307568e+01 0.000000000000000000e+00
3.477488156934307284e+01 0.000000000000000000e+00
3.482488156934307000e+01 0.000000000000000000e+00
3.487488156934307426e+01 0.000000000000000000e+00
3.492488156934307142e+01 0.000000000000000000e+00
3.497488156934307568e+01 0.000000000000000000e+00
3.502488156934307284e+01 0.000000000000000000e+00
3.507488156934307000e+01 0.000000000000000000e+00
3.512488156934307426e+01 0.000000000000000000e+00
3.517488156934307142e+01 0.000000000000000000e+00
3.522488156934307568e+01 0.000000000000000000e+00
3.527488156934307284e+01 0.000000000000000000e+00
3.532488156934307000e+01 0.000000000000000000e+00
3.537488156934307426e+01 0.000000000000000000e+00
3.542488156934307142e+01 0.000000000000000000e+00
3.547488156934307568e+01 0.000000000000000000e+00
3.552488156934307284e+01 0.000000000000000000e+00
3.557488156934307000e+01 0.000000000000000000e+00
3.562488156934307426e+01 0.000000000000000000e+00
